# Molecule File for Linear Dimer of Idealized Chain of Alpha Spectrin
# This is a molecule template file; coeffs are not defined here
168 atoms
167 bonds # For any chain that has 0 closed loops, the # of bonds is always equal to # of atoms - 1
166 angles # For any open linear chain, the # of angles is always equal to max(0, # of atoms - 2)
0 dihedrals # CGTools cannot parameterize dihedrals - and as long as we have both bond and angles, dihedrals are unimportant 
0 impropers # Because this is a linear chain, there cannot be any improper dihedral angles


# The line immediately succeeding the keyword of any section is always skipped

Coords
# Define the coordinates of each atom in a molecule
1	128.9602699	-196.8104399	9.691749405
2	122.4965129	-195.0008899	9.428249405
3	116.0341599	-193.1863299	9.164649405
4	109.5740299	-191.3639849	8.900949405
5	103.1172299	-189.5299799	8.637049405
6	96.66482986	-187.6804199	8.372849405
7	90.21802986	-185.8114799	8.108349405
8	83.77802986	-183.9192799	7.843549405
9	77.34622986	-181.9999499	7.578449405
10	70.92372986	-180.0496299	7.312949405
11	64.51192986	-178.0643299	7.047049405
12	58.11232986	-176.0403299	6.780749405
13	51.72642986	-173.9736299	6.513849405
14	45.35582986	-171.8604299	6.246449405
15	39.00222986	-169.6968299	5.978449405
16	32.66732986	-167.4791299	5.709749405
17	26.35322986	-165.2034299	5.440449405
18	20.06202986	-162.8660299	5.170449405
19	13.79502986	-160.4631299	4.899749405
20	7.555029857	-157.9911299	4.628249405
21	1.345029857	-155.4462299	4.355949405
22	-4.832970143	-152.8249299	4.082849405
23	-10.97697014	-150.1235299	3.808949405
24	-17.08297014	-147.3386299	3.534149405
25	-23.14897014	-144.4666299	3.258549405
26	-29.16997014	-141.5042299	2.982149405
27	-35.14497014	-138.4479299	2.704849405
28	-41.06897014	-135.2946299	2.426749405
29	-46.93797014	-132.0409299	2.147749405
30	-52.74897014	-128.6838299	1.867949405
31	-58.49597014	-125.2204299	1.587249405
32	-64.17697014	-121.6479299	1.305649405
33	-69.78497014	-117.9635299	1.023249405
34	-75.31597014	-114.1648299	0.739949405
35	-80.76597014	-110.2496299	0.455949405
36	-86.12797014	-106.2156299	0.171249405
37	-91.39697014	-102.0611299	-0.114050595
38	-96.56697014	-97.78452995	-0.399850595
39	-101.6319701	-93.38432995	-0.685950595
40	-106.5859701	-88.85972995	-0.972350595
41	-111.4229701	-84.20972995	-1.258750595
42	-116.1349701	-79.43372995	-1.545050595
43	-120.7159701	-74.53172995	-1.830950595
44	-125.1579701	-69.50372995	-2.116250595
45	-129.4549701	-64.35172995	-2.400750595
46	-133.5979701	-59.07472995	-2.684050595
47	-137.5809701	-53.67572995	-2.965950595
48	-141.3939701	-48.15672995	-3.246150595
49	-145.0309701	-42.51972995	-3.524250595
50	-148.4829701	-36.76672995	-3.799850595
51	-151.7429701	-30.90372995	-4.072450595
52	-154.8009701	-24.93272995	-4.341750595
53	-157.6499701	-18.85872995	-4.607150595
54	-160.2829701	-12.68872995	-4.868250595
55	-162.6899701	-6.426729946	-5.124550595
56	-164.8649701	-0.079729946	-5.375550595
57	-166.7989701	6.344270054	-5.620750595
58	-168.4849701	12.83727005	-5.859650595
59	-169.9159701	19.39227005	-6.091750595
60	-171.0849701	25.99827005	-6.316450595
61	-171.9859701	32.64727005	-6.533450595
62	-172.6119701	39.32727005	-6.742050595
63	-172.9589701	46.02727005	-6.941750595
64	-173.0199701	52.73627005	-7.132150595
65	-172.7919701	59.44227005	-7.312750595
66	-172.2719701	66.13127005	-7.483050595
67	-171.4549701	72.79127005	-7.642450595
68	-170.3399701	79.40827005	-7.790750595
69	-168.9259701	85.96827005	-7.927450595
70	-167.2119701	92.45527005	-8.052050595
71	-165.1989701	98.85627005	-8.164350595
72	-162.8879701	105.1562701	-8.263950595
73	-160.2809701	111.3392701	-8.350350595
74	-157.3809701	117.3912701	-8.423450595
75	-154.1939701	123.2972701	-8.482850595
76	-150.7239701	129.0402701	-8.528450595
77	-146.9779701	134.6082701	-8.559950595
78	-142.9629701	139.9852701	-8.577350595
79	-138.6879701	145.1572701	-8.580450595
80	-134.1609701	150.1112701	-8.569250595
81	-129.3939701	154.8342701	-8.543750595
82	-124.3969701	159.3122701	-8.503950595
83	-119.1819701	163.5352701	-8.449950595
84	-113.7629701	167.4922701	-8.381850595
85	-108.1519701	171.1722701	-8.299750595
86	-102.3639701	174.5652701	-8.203850595
87	-96.41297014	177.6652701	-8.094450595
88	-90.31497014	180.4632701	-7.971750595
89	-84.08597014	182.9532701	-7.836150595
90	-77.73997014	185.1302701	-7.688050595
91	-71.29397014	186.9892701	-7.527850595
92	-64.76397014	188.5282701	-7.356050595
93	-58.16697014	189.7442701	-7.173050595
94	-51.51897014	190.6372701	-6.979550595
95	-44.83497014	191.2062701	-6.776050595
96	-38.13197014	191.4522701	-6.563150595
97	-31.42497014	191.3782701	-6.341250595
98	-24.72997014	190.9862701	-6.111250595
99	-18.05997014	190.2812701	-5.873550595
100	-11.42997014	189.2672701	-5.628750595
101	-4.853970143	187.9492701	-5.377550595
102	1.656029857	186.3342701	-5.120450595
103	8.086029857	184.4282701	-4.858050595
104	14.42502986	182.2392701	-4.591050595
105	20.66302986	179.7752701	-4.319850595
106	26.78842986	177.0442701	-4.045250595
107	32.79242986	174.0552701	-3.767550595
108	38.66612986	170.8182701	-3.487550595
109	44.40162986	167.3422701	-3.205650595
110	49.99172986	163.6352701	-2.922350595
111	55.42982986	159.7102701	-2.638150595
112	60.71042986	155.5742701	-2.353450595
113	65.82852986	151.2392701	-2.068650595
114	70.77972986	146.7142701	-1.784050595
115	75.56052986	142.0092701	-1.500150595
116	80.16782986	137.1342701	-1.216950595
117	84.59952986	132.0982701	-0.934950595
118	88.85372986	126.9112701	-0.654350595
119	92.92942986	121.5832701	-0.375450595
120	96.82592986	116.1222701	-0.098450595
121	100.5431299	110.5372701	0.176549405
122	104.0815299	104.8362701	0.449149405
123	107.4419299	99.02927005	0.719349405
124	110.6256299	93.12327005	0.986749405
125	113.6342599	87.12627005	1.251349405
126	116.4699299	81.04427005	1.512949405
127	119.1349999	74.88627005	1.771549405
128	121.6320909	68.65727005	2.026949405
129	123.9641199	62.36527005	2.279149405
130	126.1342299	56.01427005	2.528149405
131	128.1457099	49.61227005	2.773849405
132	130.0021399	43.16227005	3.016249405
133	131.7071899	36.67027005	3.255249405
134	133.2646299	30.14227005	3.490749405
135	134.6785299	23.58027005	3.722849405
136	135.9528299	16.99027005	3.951249405
137	137.0917299	10.37527005	4.176049405
138	138.0994299	3.738270054	4.397249405
139	138.9802299	-2.916729946	4.614749405
140	139.7386299	-9.586729946	4.828549405
141	140.3788299	-16.26872995	5.038849405
142	140.9053299	-22.96172995	5.245449405
143	141.3225299	-29.66272995	5.448649405
144	141.6348299	-36.36872995	5.648349405
145	141.8467299	-43.07972995	5.844749405
146	141.9626299	-49.79272995	6.037749405
147	141.9870299	-56.50672995	6.227549405
148	141.9244299	-63.22072995	6.414149405
149	141.7790299	-69.93372995	6.597749405
150	141.5553299	-76.64472995	6.778249405
151	141.2576299	-83.35272995	6.956049405
152	140.8902299	-90.05772995	7.131149405
153	140.4574299	-96.75852995	7.303649405
154	139.9636299	-103.4553299	7.473749405
155	139.4129299	-110.1478299	7.641649405
156	138.8097299	-116.8358299	7.807349405
157	138.1580299	-123.5193299	7.971249405
158	137.4620299	-130.1984299	8.133249405
159	136.7259299	-136.8732299	8.293649405
160	135.9536299	-143.5441299	8.452549405
161	135.1494299	-150.2112299	8.610249405
162	134.3172299	-156.8749299	8.766749405
163	133.4610299	-163.5356299	8.922249405
164	132.5850299	-170.1937299	9.077149405
165	131.6930199	-176.8497299	9.231349405
166	130.7891099	-183.5042499	9.385049405
167	129.8772499	-190.1576839	9.538549405
168	128.9602699	-196.8104399	9.691749405


Types
# Define the atom type of each atom in molecule
1	1
2	2
3	3
4	4
5	5
6	6
7	7
8	8
9	9
10	10
11	11
12	12
13	13
14	14
15	15
16	16
17	17
18	18
19	19
20	20
21	21
22	22
23	23
24	24
25	25
26	26
27	27
28	28
29	29
30	30
31	31
32	32
33	33
34	34
35	35
36	36
37	37
38	38
39	39
40	40
41	41
42	42
43	43
44	44
45	45
46	46
47	47
48	48
49	49
50	50
51	51
52	52
53	53
54	54
55	55
56	56
57	57
58	58
59	59
60	60
61	61
62	62
63	63
64	64
65	65
66	66
67	67
68	68
69	69
70	70
71	71
72	72
73	73
74	74
75	75
76	76
77	77
78	78
79	79
80	80
81	81
82	82
83	83
84	84
85	85
86	86
87	87
88	88
89	89
90	90
91	91
92	92
93	93
94	94
95	95
96	96
97	97
98	98
99	99
100	100
101	101
102	102
103	103
104	104
105	105
106	106
107	107
108	108
109	109
110	110
111	111
112	112
113	113
114	114
115	115
116	116
117	117
118	118
119	119
120	120
121	121
122	122
123	123
124	124
125	125
126	126
127	127
128	128
129	129
130	130
131	131
132	132
133	133
134	134
135	135
136	136
137	137
138	138
139	139
140	140
141	141
142	142
143	143
144	144
145	145
146	146
147	147
148	148
149	149
150	150
151	151
152	152
153	153
154	154
155	155
156	156
157	157
158	158
159	159
160	160
161	161
162	162
163	163
164	164
165	165
166	166
167	167
168	168



Molecules
# What molecule ID should each atom defined in this template belong to
1   1
2   1
3   1
4   1
5   1
6   1
7   1
8   1
9   1
10  1
11  1
12  1
13  1
14  1
15  1
16  1
17  1
18  1
19  1
20  1
21  1
22  1
23  1
24  1
25  1
26  1
27  1
28  1
29  1
30  1
31  1
32  1
33  1
34  1
35  1
36  1
37  1
38  1
39  1
40  1
41  1
42  1
43	1
44	1
45	1
46	1
47	1
48	1
49	1
50	1
51	1
52	1
53	1
54	1
55	1
56	1
57	1
58	1
59	1
60	1
61	1
62	1
63	1
64	1
65	1
66	1
67	1
68	1
69	1
70	1
71	1
72	1
73	1
74	1
75	1
76	1
77	1
78	1
79	1
80	1
81	1
82	1
83	1
84	1
85	1
86	1
87	1
88	1
89	1
90	1
91	1
92	1
93	1
94	1
95	1
96	1
97	1
98	1
99	1
100	1
101	1
102	1
103	1
104	1
105	1
106	1
107	1
108	1
109	1
110	1
111	1
112	1
113	1
114	1
115	1
116	1
117	1
118	1
119	1
120	1
121	1
122	1
123	1
124	1
125	1
126	1
127	1
128	1
129	1
130	1
131	1
132	1
133	1
134	1
135	1
136	1
137	1
138	1
139	1
140	1
141	1
142	1
143	1
144	1
145	1
146	1
147	1
148	1
149	1
150	1
151	1
152	1
153	1
154	1
155	1
156	1
157	1
158	1
159	1
160	1
161	1
162	1
163	1
164	1
165	1
166	1
167	1
168	1



Bonds
# Define Bonds
1	1	1	2
2	2	2	3
3	3	3	4
4	4	4	5
5	5	5	6
6	6	6	7
7	7	7	8
8	8	8	9
9	9	9	10
10	10	10	11
11	11	11	12
12	12	12	13
13	13	13	14
14	14	14	15
15	15	15	16
16	16	16	17
17	17	17	18
18	18	18	19
19	19	19	20
20	20	20	21
21	21	21	22
22	22	22	23
23	23	23	24
24	24	24	25
25	25	25	26
26	26	26	27
27	27	27	28
28	28	28	29
29	29	29	30
30	30	30	31
31	31	31	32
32	32	32	33
33	33	33	34
34	34	34	35
35	35	35	36
36	36	36	37
37	37	37	38
38	38	38	39
39	39	39	40
40	40	40	41
41	41	41	42
42	42	42	43
43	43	43	44
44	44	44	45
45	45	45	46
46	46	46	47
47	47	47	48
48	48	48	49
49	49	49	50
50	50	50	51
51	51	51	52
52	52	52	53
53	53	53	54
54	54	54	55
55	55	55	56
56	56	56	57
57	57	57	58
58	58	58	59
59	59	59	60
60	60	60	61
61	61	61	62
62	62	62	63
63	63	63	64
64	64	64	65
65	65	65	66
66	66	66	67
67	67	67	68
68	68	68	69
69	69	69	70
70	70	70	71
71	71	71	72
72	72	72	73
73	73	73	74
74	74	74	75
75	75	75	76
76	76	76	77
77	77	77	78
78	78	78	79
79	79	79	80
80	80	80	81
81	81	81	82
82	82	82	83
83	83	83	84
84	84	84	85
85	85	85	86
86	86	86	87
87	87	87	88
88	88	88	89
89	89	89	90
90	90	90	91
91	91	91	92
92	92	92	93
93	93	93	94
94	94	94	95
95	95	95	96
96	96	96	97
97	97	97	98
98	98	98	99
99	99	99	100
100	100	100	101
101	101	101	102
102	102	102	103
103	103	103	104
104	104	104	105
105	105	105	106
106	106	106	107
107	107	107	108
108	108	108	109
109	109	109	110
110	110	110	111
111	111	111	112
112	112	112	113
113	113	113	114
114	114	114	115
115	115	115	116
116	116	116	117
117	117	117	118
118	118	118	119
119	119	119	120
120	120	120	121
121	121	121	122
122	122	122	123
123	123	123	124
124	124	124	125
125	125	125	126
126	126	126	127
127	127	127	128
128	128	128	129
129	129	129	130
130	130	130	131
131	131	131	132
132	132	132	133
133	133	133	134
134	134	134	135
135	135	135	136
136	136	136	137
137	137	137	138
138	138	138	139
139	139	139	140
140	140	140	141
141	141	141	142
142	142	142	143
143	143	143	144
144	144	144	145
145	145	145	146
146	146	146	147
147	147	147	148
148	148	148	149
149	149	149	150
150	150	150	151
151	151	151	152
152	152	152	153
153	153	153	154
154	154	154	155
155	155	155	156
156	156	156	157
157	157	157	158
158	158	158	159
159	159	159	160
160	160	160	161
161	161	161	162
162	162	162	163
163	163	163	164
164	164	164	165
165	165	165	166
166	166	166	167
167	167	167	168



Angles
# Define Angles
1	1	1	2	3
2	2	2	3	4
3	3	3	4	5
4	4	4	5	6
5	5	5	6	7
6	6	6	7	8
7	7	7	8	9
8	8	8	9	10
9	9	9	10	11
10	10	10	11	12
11	11	11	12	13
12	12	12	13	14
13	13	13	14	15
14	14	14	15	16
15	15	15	16	17
16	16	16	17	18
17	17	17	18	19
18	18	18	19	20
19	19	19	20	21
20	20	20	21	22
21	21	21	22	23
22	22	22	23	24
23	23	23	24	25
24	24	24	25	26
25	25	25	26	27
26	26	26	27	28
27	27	27	28	29
28	28	28	29	30
29	29	29	30	31
30	30	30	31	32
31	31	31	32	33
32	32	32	33	34
33	33	33	34	35
34	34	34	35	36
35	35	35	36	37
36	36	36	37	38
37	37	37	38	39
38	38	38	39	40
39	39	39	40	41
40	40	40	41	42
41	41	41	42	43
42	42	42	43	44
43	43	43	44	45
44	44	44	45	46
45	45	45	46	47
46	46	46	47	48
47	47	47	48	49
48	48	48	49	50
49	49	49	50	51
50	50	50	51	52
51	51	51	52	53
52	52	52	53	54
53	53	53	54	55
54	54	54	55	56
55	55	55	56	57
56	56	56	57	58
57	57	57	58	59
58	58	58	59	60
59	59	59	60	61
60	60	60	61	62
61	61	61	62	63
62	62	62	63	64
63	63	63	64	65
64	64	64	65	66
65	65	65	66	67
66	66	66	67	68
67	67	67	68	69
68	68	68	69	70
69	69	69	70	71
70	70	70	71	72
71	71	71	72	73
72	72	72	73	74
73	73	73	74	75
74	74	74	75	76
75	75	75	76	77
76	76	76	77	78
77	77	77	78	79
78	78	78	79	80
79	79	79	80	81
80	80	80	81	82
81	81	81	82	83
82	82	82	83	84
83	83	83	84	85
84	84	84	85	86
85	85	85	86	87
86	86	86	87	88
87	87	87	88	89
88	88	88	89	90
89	89	89	90	91
90	90	90	91	92
91	91	91	92	93
92	92	92	93	94
93	93	93	94	95
94	94	94	95	96
95	95	95	96	97
96	96	96	97	98
97	97	97	98	99
98	98	98	99	100
99	99	99	100	101
100	100	100	101	102
101	101	101	102	103
102	102	102	103	104
103	103	103	104	105
104	104	104	105	106
105	105	105	106	107
106	106	106	107	108
107	107	107	108	109
108	108	108	109	110
109	109	109	110	111
110	110	110	111	112
111	111	111	112	113
112	112	112	113	114
113	113	113	114	115
114	114	114	115	116
115	115	115	116	117
116	116	116	117	118
117	117	117	118	119
118	118	118	119	120
119	119	119	120	121
120	120	120	121	122
121	121	121	122	123
122	122	122	123	124
123	123	123	124	125
124	124	124	125	126
125	125	125	126	127
126	126	126	127	128
127	127	127	128	129
128	128	128	129	130
129	129	129	130	131
130	130	130	131	132
131	131	131	132	133
132	132	132	133	134
133	133	133	134	135
134	134	134	135	136
135	135	135	136	137
136	136	136	137	138
137	137	137	138	139
138	138	138	139	140
139	139	139	140	141
140	140	140	141	142
141	141	141	142	143
142	142	142	143	144
143	143	143	144	145
144	144	144	145	146
145	145	145	146	147
146	146	146	147	148
147	147	147	148	149
148	148	148	149	150
149	149	149	150	151
150	150	150	151	152
151	151	151	152	153
152	152	152	153	154
153	153	153	154	155
154	154	154	155	156
155	155	155	156	157
156	156	156	157	158
157	157	157	158	159
158	158	158	159	160
159	159	159	160	161
160	160	160	161	162
161	161	161	162	163
162	162	162	163	164
163	163	163	164	165
164	164	164	165	166
165	165	165	166	167
166	166	166	167	168

