# Relaxed Production Model for Worm-Like Chain

11 atoms
10 bonds
9 angles
0 dihedrals
0 impropers


Coords

1 -0.283938 -0.296009 1.88068
2 -0.672953 0.140175 1.16502
3 -0.814736 0.369729 0.739589
4 -0.870564 0.620361 0.187076
5 -0.810482 0.708689 -0.253244
6 -0.574331 0.669941 -0.876711
7 0.0944665 0.190767 -1.71992
8 0.694879 -0.348316 -1.83212
9 1.28953 -0.970897 -1.13433
10 1.06933 -1.02284 0.488921
11 -0.283938 -0.296009 1.88068

Types

1 1
2 2
3 3
4 4
5 5
6 6
7 7
8 8
9 9
10 10
11 11

Molecules

1 1
2 1
3 1
4 1
5 1
6 1
7 1
8 1
9 1
10 1
11 1

Bonds

1 1 1 2 
2 2 2 3 
3 3 3 4 
4 4 4 5 
5 5 5 6 
6 6 6 7 
7 7 7 8 
8 8 8 9 
9 9 9 10 
10 10 10 11 

Angles

1 1 1 2 3 
2 2 2 3 4 
3 3 3 4 5 
4 4 4 5 6 
5 5 5 6 7 
6 6 6 7 8 
7 7 7 8 9 
8 8 8 9 10 
9 9 9 10 11 
