# Relaxed Production Model for Worm-Like Chain

21 atoms
20 bonds
19 angles
0 dihedrals
0 impropers


Coords

1 0.0133019 -0.0809723 -0.0141056
2 0.527051 0.855502 0.298792
3 0.527056 0.855542 0.298775
4 0.406476 1.04318 -0.0344449
5 -0.0361912 0.782592 -0.764189
6 -0.128772 0.516572 -0.889937
7 -0.123886 0.327654 -0.855646
8 0.261533 -0.605216 0.0481002
9 0.147074 -0.899144 0.420608
10 -0.0589663 -0.994913 0.53496
11 -0.462583 -0.982169 0.479087
12 -0.548458 -0.921255 0.389341
13 -0.437082 -0.10068 -0.627748
14 -0.299278 0.198009 -0.712455
15 -0.0974094 0.533354 -0.526131
16 0.136228 0.797152 0.262506
17 0.158243 0.71164 0.528741
18 0.143186 0.558977 0.645696
19 0.127085 0.458074 0.65184
20 0.0951808 0.29424 0.559662
21 0.0133019 -0.0809723 -0.0141056

Types

1 1
2 2
3 3
4 4
5 5
6 6
7 7
8 8
9 9
10 10
11 11
12 12
13 13
14 14
15 15
16 16
17 17
18 18
19 19
20 20
21 21

Molecules

1 1
2 1
3 1
4 1
5 1
6 1
7 1
8 1
9 1
10 1
11 1
12 1
13 1
14 1
15 1
16 1
17 1
18 1
19 1
20 1
21 1

Bonds

1 1 1 2 
2 2 2 3 
3 3 3 4 
4 4 4 5 
5 5 5 6 
6 6 6 7 
7 7 7 8 
8 8 8 9 
9 9 9 10 
10 10 10 11 
11 11 11 12 
12 12 12 13 
13 13 13 14 
14 14 14 15 
15 15 15 16 
16 16 16 17 
17 17 17 18 
18 18 18 19 
19 19 19 20 
20 20 20 21 

Angles

1 1 1 2 3 
2 2 2 3 4 
3 3 3 4 5 
4 4 4 5 6 
5 5 5 6 7 
6 6 6 7 8 
7 7 7 8 9 
8 8 8 9 10 
9 9 9 10 11 
10 10 10 11 12 
11 11 11 12 13 
12 12 12 13 14 
13 13 13 14 15 
14 14 14 15 16 
15 15 15 16 17 
16 16 16 17 18 
17 17 17 18 19 
18 18 18 19 20 
19 19 19 20 21 
