# Relaxed Production Model for Worm-Like Chain

41 atoms
40 bonds
39 angles
0 dihedrals
0 impropers


Coords

1 -0.122121 -0.0614722 0.0281625
2 -0.11557 0.0299477 0.0240216
3 -0.124129 0.143007 0.00216795
4 -0.241244 0.426629 -0.164605
5 -0.310031 0.430895 -0.289379
6 -0.327865 0.329996 -0.362797
7 -0.200474 0.0200935 -0.300634
8 -0.0194635 -0.183957 -0.0543353
9 -0.00952749 -0.292742 0.115317
10 -0.289573 -0.54974 0.415455
11 -0.425854 -0.590256 0.369233
12 -0.513028 -0.519774 0.126528
13 -0.315006 -0.250662 -0.174175
14 -0.141002 -0.0300742 -0.210527
15 0.00248286 0.232341 -0.0594619
16 -0.0120209 0.396714 0.28821
17 -0.0708013 0.357882 0.375305
18 -0.122307 0.278789 0.373172
19 -0.153865 -0.0234119 -0.0209013
20 0.138961 -0.0957579 -0.442875
21 0.257677 -0.0872934 -0.471979
22 0.314174 -0.075631 -0.443916
23 0.633724 0.0704974 0.200562
24 0.633726 0.0704979 0.200562
25 0.905233 0.0855006 -0.029212
26 0.923209 0.0298631 -0.185352
27 0.819531 -0.0710412 -0.312299
28 0.627756 -0.164141 -0.356235
29 0.418144 -0.199156 -0.335601
30 -0.10745 -0.140307 -0.217761
31 -0.309131 -0.102814 -0.156724
32 -0.508138 -0.0557788 -0.0468118
33 -0.731872 0.0398152 0.208093
34 -0.735797 0.0837471 0.305165
35 -0.667413 0.127273 0.382382
36 -0.35277 0.18847 0.430601
37 -0.16995 0.165785 0.355543
38 -0.10292 0.125953 0.281138
39 -0.0814276 0.081249 0.212483
40 -0.089329 0.0159775 0.124461
41 -0.122121 -0.0614722 0.0281625

Types

1 1
2 2
3 3
4 4
5 5
6 6
7 7
8 8
9 9
10 10
11 11
12 12
13 13
14 14
15 15
16 16
17 17
18 18
19 19
20 20
21 21
22 22
23 23
24 24
25 25
26 26
27 27
28 28
29 29
30 30
31 31
32 32
33 33
34 34
35 35
36 36
37 37
38 38
39 39
40 40
41 41

Molecules

1 1
2 1
3 1
4 1
5 1
6 1
7 1
8 1
9 1
10 1
11 1
12 1
13 1
14 1
15 1
16 1
17 1
18 1
19 1
20 1
21 1
22 1
23 1
24 1
25 1
26 1
27 1
28 1
29 1
30 1
31 1
32 1
33 1
34 1
35 1
36 1
37 1
38 1
39 1
40 1
41 1

Bonds

1 1 1 2 
2 2 2 3 
3 3 3 4 
4 4 4 5 
5 5 5 6 
6 6 6 7 
7 7 7 8 
8 8 8 9 
9 9 9 10 
10 10 10 11 
11 11 11 12 
12 12 12 13 
13 13 13 14 
14 14 14 15 
15 15 15 16 
16 16 16 17 
17 17 17 18 
18 18 18 19 
19 19 19 20 
20 20 20 21 
21 21 21 22 
22 22 22 23 
23 23 23 24 
24 24 24 25 
25 25 25 26 
26 26 26 27 
27 27 27 28 
28 28 28 29 
29 29 29 30 
30 30 30 31 
31 31 31 32 
32 32 32 33 
33 33 33 34 
34 34 34 35 
35 35 35 36 
36 36 36 37 
37 37 37 38 
38 38 38 39 
39 39 39 40 
40 40 40 41 

Angles

1 1 1 2 3 
2 2 2 3 4 
3 3 3 4 5 
4 4 4 5 6 
5 5 5 6 7 
6 6 6 7 8 
7 7 7 8 9 
8 8 8 9 10 
9 9 9 10 11 
10 10 10 11 12 
11 11 11 12 13 
12 12 12 13 14 
13 13 13 14 15 
14 14 14 15 16 
15 15 15 16 17 
16 16 16 17 18 
17 17 17 18 19 
18 18 18 19 20 
19 19 19 20 21 
20 20 20 21 22 
21 21 21 22 23 
22 22 22 23 24 
23 23 23 24 25 
24 24 24 25 26 
25 25 25 26 27 
26 26 26 27 28 
27 27 27 28 29 
28 28 28 29 30 
29 29 29 30 31 
30 30 30 31 32 
31 31 31 32 33 
32 32 32 33 34 
33 33 33 34 35 
34 34 34 35 36 
35 35 35 36 37 
36 36 36 37 38 
37 37 37 38 39 
38 38 38 39 40 
39 39 39 40 41 
