# Relaxed Production Model for Worm-Like Chain

11 atoms
10 bonds
9 angles
0 dihedrals
0 impropers


Coords

1 -0.283938 -0.296009 1.88068
2 -0.927242 0.614964 0.417213
3 -1.02841 0.845889 -0.193524
4 -0.945935 0.934961 -0.898009
5 -0.658133 0.82342 -1.52527
6 -0.368015 0.628876 -1.79958
7 0.659486 -0.224542 -2.05778
8 0.767647 -0.332278 -2.00909
9 0.843686 -0.42863 -1.88319
10 0.843709 -0.428713 -1.88293
11 -0.283938 -0.296009 1.88068

Types

1 1
2 2
3 3
4 4
5 5
6 6
7 7
8 8
9 9
10 10
11 11

Molecules

1 1
2 1
3 1
4 1
5 1
6 1
7 1
8 1
9 1
10 1
11 1

Bonds

1 1 1 2 
2 2 2 3 
3 3 3 4 
4 4 4 5 
5 5 5 6 
6 6 6 7 
7 7 7 8 
8 8 8 9 
9 9 9 10 
10 10 10 11 

Angles

1 1 1 2 3 
2 2 2 3 4 
3 3 3 4 5 
4 4 4 5 6 
5 5 5 6 7 
6 6 6 7 8 
7 7 7 8 9 
8 8 8 9 10 
9 9 9 10 11 
