# Minimized Production Model for dispRatio of 0.80

168 atoms
167 bonds
166 angles
0 dihedrals
0 impropers


Coords

1 128.96 251.726 9.69175
2 124.629 247.928 13.1292
3 120.291 244.129 16.5572
4 115.94 240.327 19.9663
5 111.571 236.519 23.3461
6 107.177 232.704 26.6863
7 102.754 228.88 29.9778
8 98.2975 225.047 33.2116
9 93.8027 221.204 36.3783
10 89.2645 217.35 39.4681
11 84.6789 213.483 42.4717
12 80.0428 209.605 45.3804
13 75.3528 205.714 48.1853
14 70.6081 201.808 50.8769
15 65.8087 197.888 53.4463
16 60.9549 193.951 55.886
17 56.0476 189.998 58.1885
18 51.0879 186.029 60.3457
19 46.0776 182.042 62.3494
20 41.0194 178.04 64.1919
21 35.9169 174.022 65.8665
22 30.774 169.987 67.3668
23 25.5966 165.936 68.6866
24 20.3899 161.866 69.8195
25 15.1614 157.777 70.7599
26 9.91856 153.668 71.504
27 4.66975 149.536 72.0474
28 -0.577314 145.38 72.3868
29 -5.81507 141.2 72.5183
30 -11.0352 136.995 72.44
31 -16.2281 132.763 72.1495
32 -21.3838 128.504 71.6454
33 -26.4912 124.218 70.9278
34 -31.5389 119.904 69.9971
35 -36.5165 115.559 68.8547
36 -41.4124 111.182 67.5036
37 -46.2167 106.772 65.9494
38 -50.9171 102.325 64.1975
39 -55.5025 97.8381 62.2532
40 -59.9611 93.3088 60.1226
41 -64.2824 88.7352 57.814
42 -68.4563 84.1138 55.334
43 -72.472 79.4422 52.691
44 -76.318 74.7173 49.8923
45 -79.9825 69.9375 46.9469
46 -83.4545 65.1013 43.8644
47 -86.7239 60.2078 40.6536
48 -89.7814 55.2569 37.3241
49 -92.6168 50.249 33.886
50 -95.2212 45.1845 30.3503
51 -97.5861 40.0641 26.7287
52 -99.7021 34.8889 23.0329
53 -101.562 29.6607 19.2759
54 -103.158 24.3823 15.4708
55 -104.486 19.0556 11.6301
56 -105.542 13.684 7.76591
57 -106.322 8.2714 3.8911
58 -106.823 2.82306 0.0194498
59 -107.044 -2.65538 -3.83511
60 -106.985 -8.15863 -7.6607
61 -106.647 -13.6816 -11.4441
62 -106.03 -19.2192 -15.1717
63 -105.138 -24.766 -18.8296
64 -103.973 -30.3166 -22.4034
65 -102.542 -35.8669 -25.88
66 -100.851 -41.4126 -29.2454
67 -98.9084 -46.9494 -32.4871
68 -96.7207 -52.4737 -35.5933
69 -94.2967 -57.9797 -38.5522
70 -91.6468 -63.4633 -41.3536
71 -88.7816 -68.9204 -43.9881
72 -85.7114 -74.3471 -46.4473
73 -82.4478 -79.7407 -48.7238
74 -79.0035 -85.0978 -50.8126
75 -75.3919 -90.4164 -52.709
76 -71.6267 -95.6959 -54.4103
77 -67.7229 -100.935 -55.9134
78 -63.695 -106.134 -57.2168
79 -59.5569 -111.292 -58.3184
80 -55.3225 -116.41 -59.2172
81 -51.0038 -121.49 -59.9146
82 -46.6136 -126.533 -60.4129
83 -42.1655 -131.54 -60.7161
84 -37.6724 -136.516 -60.8283
85 -33.1471 -141.464 -60.7552
86 -28.6015 -146.386 -60.5019
87 -24.0474 -151.289 -60.0738
88 -19.4958 -156.176 -59.4774
89 -14.9562 -161.053 -58.7186
90 -10.4388 -165.925 -57.8039
91 -5.95402 -170.797 -56.7386
92 -1.51041 -175.672 -55.5293
93 2.88311 -180.558 -54.1826
94 7.21703 -185.459 -52.7061
95 11.483 -190.381 -51.1076
96 15.6743 -195.33 -49.3947
97 19.7845 -200.309 -47.5756
98 23.8084 -205.321 -45.6605
99 27.7414 -210.37 -43.6599
100 31.5797 -215.461 -41.5836
101 35.3193 -220.597 -39.442
102 38.9574 -225.782 -37.245
103 42.4912 -231.019 -35.0019
104 45.9173 -236.312 -32.7222
105 49.2341 -241.662 -30.4151
106 52.4412 -247.07 -28.0886
107 55.5372 -252.537 -25.7513
108 58.5211 -258.065 -23.4118
109 61.3916 -263.656 -21.0787
110 64.1486 -269.308 -18.7595
111 66.7926 -275.024 -16.4618
112 69.3237 -280.802 -14.1939
113 71.7421 -286.64 -11.9627
114 74.0492 -292.54 -9.77395
115 76.2471 -298.499 -7.63308
116 78.3379 -304.515 -5.54445
117 80.3251 -310.586 -3.51237
118 82.2111 -316.709 -1.54172
119 83.9994 -322.882 0.36365
120 85.6924 -329.102 2.20201
121 87.2939 -335.367 3.97015
122 88.8065 -341.674 5.66524
123 90.2333 -348.021 7.28291
124 91.5784 -354.406 8.82016
125 92.8463 -360.825 10.274
126 94.0424 -367.275 11.6431
127 95.1717 -373.756 12.9273
128 96.2404 -380.264 14.1256
129 97.2529 -386.797 15.2377
130 98.2141 -393.35 16.2633
131 99.1275 -399.924 17.2029
132 99.9976 -406.515 18.057
133 100.827 -413.123 18.8273
134 101.618 -419.744 19.5151
135 102.376 -426.376 20.122
136 103.106 -433.018 20.6481
137 103.811 -439.668 21.0947
138 104.497 -446.325 21.4635
139 105.167 -452.987 21.7567
140 105.827 -459.653 21.9771
141 106.481 -466.323 22.1269
142 107.132 -472.994 22.2078
143 107.785 -479.666 22.2224
144 108.441 -486.337 22.1752
145 109.106 -493.007 22.0692
146 109.783 -499.675 21.9078
147 110.474 -506.34 21.6933
148 111.181 -513.002 21.4286
149 111.904 -519.659 21.1149
150 112.645 -526.311 20.755
151 113.403 -532.961 20.3526
152 114.179 -539.605 19.9114
153 114.974 -546.246 19.4338
154 115.79 -552.882 18.9224
155 116.628 -559.512 18.3805
156 117.488 -566.137 17.811
157 118.368 -572.757 17.2163
158 119.268 -579.372 16.5991
159 120.185 -585.984 15.9631
160 121.119 -592.591 15.3106
161 122.066 -599.193 14.6432
162 123.026 -605.792 13.9618
163 123.996 -612.387 13.2693
164 124.975 -618.982 12.5673
165 125.963 -625.575 11.8572
166 126.958 -632.166 11.1398
167 127.958 -638.757 10.4174
168 128.96 -645.347 9.69175

Types

1 1
2 2
3 3
4 4
5 5
6 6
7 7
8 8
9 9
10 10
11 11
12 12
13 13
14 14
15 15
16 16
17 17
18 18
19 19
20 20
21 21
22 22
23 23
24 24
25 25
26 26
27 27
28 28
29 29
30 30
31 31
32 32
33 33
34 34
35 35
36 36
37 37
38 38
39 39
40 40
41 41
42 42
43 43
44 44
45 45
46 46
47 47
48 48
49 49
50 50
51 51
52 52
53 53
54 54
55 55
56 56
57 57
58 58
59 59
60 60
61 61
62 62
63 63
64 64
65 65
66 66
67 67
68 68
69 69
70 70
71 71
72 72
73 73
74 74
75 75
76 76
77 77
78 78
79 79
80 80
81 81
82 82
83 83
84 84
85 85
86 86
87 87
88 88
89 89
90 90
91 91
92 92
93 93
94 94
95 95
96 96
97 97
98 98
99 99
100 100
101 101
102 102
103 103
104 104
105 105
106 106
107 107
108 108
109 109
110 110
111 111
112 112
113 113
114 114
115 115
116 116
117 117
118 118
119 119
120 120
121 121
122 122
123 123
124 124
125 125
126 126
127 127
128 128
129 129
130 130
131 131
132 132
133 133
134 134
135 135
136 136
137 137
138 138
139 139
140 140
141 141
142 142
143 143
144 144
145 145
146 146
147 147
148 148
149 149
150 150
151 151
152 152
153 153
154 154
155 155
156 156
157 157
158 158
159 159
160 160
161 161
162 162
163 163
164 164
165 165
166 166
167 167
168 168

Molecules

1 1
2 1
3 1
4 1
5 1
6 1
7 1
8 1
9 1
10 1
11 1
12 1
13 1
14 1
15 1
16 1
17 1
18 1
19 1
20 1
21 1
22 1
23 1
24 1
25 1
26 1
27 1
28 1
29 1
30 1
31 1
32 1
33 1
34 1
35 1
36 1
37 1
38 1
39 1
40 1
41 1
42 1
43 1
44 1
45 1
46 1
47 1
48 1
49 1
50 1
51 1
52 1
53 1
54 1
55 1
56 1
57 1
58 1
59 1
60 1
61 1
62 1
63 1
64 1
65 1
66 1
67 1
68 1
69 1
70 1
71 1
72 1
73 1
74 1
75 1
76 1
77 1
78 1
79 1
80 1
81 1
82 1
83 1
84 1
85 1
86 1
87 1
88 1
89 1
90 1
91 1
92 1
93 1
94 1
95 1
96 1
97 1
98 1
99 1
100 1
101 1
102 1
103 1
104 1
105 1
106 1
107 1
108 1
109 1
110 1
111 1
112 1
113 1
114 1
115 1
116 1
117 1
118 1
119 1
120 1
121 1
122 1
123 1
124 1
125 1
126 1
127 1
128 1
129 1
130 1
131 1
132 1
133 1
134 1
135 1
136 1
137 1
138 1
139 1
140 1
141 1
142 1
143 1
144 1
145 1
146 1
147 1
148 1
149 1
150 1
151 1
152 1
153 1
154 1
155 1
156 1
157 1
158 1
159 1
160 1
161 1
162 1
163 1
164 1
165 1
166 1
167 1
168 1

Bonds

1 1 1 2 
2 2 2 3 
3 3 3 4 
4 4 4 5 
5 5 5 6 
6 6 6 7 
7 7 7 8 
8 8 8 9 
9 9 9 10 
10 10 10 11 
11 11 11 12 
12 12 12 13 
13 13 13 14 
14 14 14 15 
15 15 15 16 
16 16 16 17 
17 17 17 18 
18 18 18 19 
19 19 19 20 
20 20 20 21 
21 21 21 22 
22 22 22 23 
23 23 23 24 
24 24 24 25 
25 25 25 26 
26 26 26 27 
27 27 27 28 
28 28 28 29 
29 29 29 30 
30 30 30 31 
31 31 31 32 
32 32 32 33 
33 33 33 34 
34 34 34 35 
35 35 35 36 
36 36 36 37 
37 37 37 38 
38 38 38 39 
39 39 39 40 
40 40 40 41 
41 41 41 42 
42 42 42 43 
43 43 43 44 
44 44 44 45 
45 45 45 46 
46 46 46 47 
47 47 47 48 
48 48 48 49 
49 49 49 50 
50 50 50 51 
51 51 51 52 
52 52 52 53 
53 53 53 54 
54 54 54 55 
55 55 55 56 
56 56 56 57 
57 57 57 58 
58 58 58 59 
59 59 59 60 
60 60 60 61 
61 61 61 62 
62 62 62 63 
63 63 63 64 
64 64 64 65 
65 65 65 66 
66 66 66 67 
67 67 67 68 
68 68 68 69 
69 69 69 70 
70 70 70 71 
71 71 71 72 
72 72 72 73 
73 73 73 74 
74 74 74 75 
75 75 75 76 
76 76 76 77 
77 77 77 78 
78 78 78 79 
79 79 79 80 
80 80 80 81 
81 81 81 82 
82 82 82 83 
83 83 83 84 
84 84 84 85 
85 85 85 86 
86 86 86 87 
87 87 87 88 
88 88 88 89 
89 89 89 90 
90 90 90 91 
91 91 91 92 
92 92 92 93 
93 93 93 94 
94 94 94 95 
95 95 95 96 
96 96 96 97 
97 97 97 98 
98 98 98 99 
99 99 99 100 
100 100 100 101 
101 101 101 102 
102 102 102 103 
103 103 103 104 
104 104 104 105 
105 105 105 106 
106 106 106 107 
107 107 107 108 
108 108 108 109 
109 109 109 110 
110 110 110 111 
111 111 111 112 
112 112 112 113 
113 113 113 114 
114 114 114 115 
115 115 115 116 
116 116 116 117 
117 117 117 118 
118 118 118 119 
119 119 119 120 
120 120 120 121 
121 121 121 122 
122 122 122 123 
123 123 123 124 
124 124 124 125 
125 125 125 126 
126 126 126 127 
127 127 127 128 
128 128 128 129 
129 129 129 130 
130 130 130 131 
131 131 131 132 
132 132 132 133 
133 133 133 134 
134 134 134 135 
135 135 135 136 
136 136 136 137 
137 137 137 138 
138 138 138 139 
139 139 139 140 
140 140 140 141 
141 141 141 142 
142 142 142 143 
143 143 143 144 
144 144 144 145 
145 145 145 146 
146 146 146 147 
147 147 147 148 
148 148 148 149 
149 149 149 150 
150 150 150 151 
151 151 151 152 
152 152 152 153 
153 153 153 154 
154 154 154 155 
155 155 155 156 
156 156 156 157 
157 157 157 158 
158 158 158 159 
159 159 159 160 
160 160 160 161 
161 161 161 162 
162 162 162 163 
163 163 163 164 
164 164 164 165 
165 165 165 166 
166 166 166 167 
167 167 167 168 

Angles

1 1 1 2 3 
2 2 2 3 4 
3 3 3 4 5 
4 4 4 5 6 
5 5 5 6 7 
6 6 6 7 8 
7 7 7 8 9 
8 8 8 9 10 
9 9 9 10 11 
10 10 10 11 12 
11 11 11 12 13 
12 12 12 13 14 
13 13 13 14 15 
14 14 14 15 16 
15 15 15 16 17 
16 16 16 17 18 
17 17 17 18 19 
18 18 18 19 20 
19 19 19 20 21 
20 20 20 21 22 
21 21 21 22 23 
22 22 22 23 24 
23 23 23 24 25 
24 24 24 25 26 
25 25 25 26 27 
26 26 26 27 28 
27 27 27 28 29 
28 28 28 29 30 
29 29 29 30 31 
30 30 30 31 32 
31 31 31 32 33 
32 32 32 33 34 
33 33 33 34 35 
34 34 34 35 36 
35 35 35 36 37 
36 36 36 37 38 
37 37 37 38 39 
38 38 38 39 40 
39 39 39 40 41 
40 40 40 41 42 
41 41 41 42 43 
42 42 42 43 44 
43 43 43 44 45 
44 44 44 45 46 
45 45 45 46 47 
46 46 46 47 48 
47 47 47 48 49 
48 48 48 49 50 
49 49 49 50 51 
50 50 50 51 52 
51 51 51 52 53 
52 52 52 53 54 
53 53 53 54 55 
54 54 54 55 56 
55 55 55 56 57 
56 56 56 57 58 
57 57 57 58 59 
58 58 58 59 60 
59 59 59 60 61 
60 60 60 61 62 
61 61 61 62 63 
62 62 62 63 64 
63 63 63 64 65 
64 64 64 65 66 
65 65 65 66 67 
66 66 66 67 68 
67 67 67 68 69 
68 68 68 69 70 
69 69 69 70 71 
70 70 70 71 72 
71 71 71 72 73 
72 72 72 73 74 
73 73 73 74 75 
74 74 74 75 76 
75 75 75 76 77 
76 76 76 77 78 
77 77 77 78 79 
78 78 78 79 80 
79 79 79 80 81 
80 80 80 81 82 
81 81 81 82 83 
82 82 82 83 84 
83 83 83 84 85 
84 84 84 85 86 
85 85 85 86 87 
86 86 86 87 88 
87 87 87 88 89 
88 88 88 89 90 
89 89 89 90 91 
90 90 90 91 92 
91 91 91 92 93 
92 92 92 93 94 
93 93 93 94 95 
94 94 94 95 96 
95 95 95 96 97 
96 96 96 97 98 
97 97 97 98 99 
98 98 98 99 100 
99 99 99 100 101 
100 100 100 101 102 
101 101 101 102 103 
102 102 102 103 104 
103 103 103 104 105 
104 104 104 105 106 
105 105 105 106 107 
106 106 106 107 108 
107 107 107 108 109 
108 108 108 109 110 
109 109 109 110 111 
110 110 110 111 112 
111 111 111 112 113 
112 112 112 113 114 
113 113 113 114 115 
114 114 114 115 116 
115 115 115 116 117 
116 116 116 117 118 
117 117 117 118 119 
118 118 118 119 120 
119 119 119 120 121 
120 120 120 121 122 
121 121 121 122 123 
122 122 122 123 124 
123 123 123 124 125 
124 124 124 125 126 
125 125 125 126 127 
126 126 126 127 128 
127 127 127 128 129 
128 128 128 129 130 
129 129 129 130 131 
130 130 130 131 132 
131 131 131 132 133 
132 132 132 133 134 
133 133 133 134 135 
134 134 134 135 136 
135 135 135 136 137 
136 136 136 137 138 
137 137 137 138 139 
138 138 138 139 140 
139 139 139 140 141 
140 140 140 141 142 
141 141 141 142 143 
142 142 142 143 144 
143 143 143 144 145 
144 144 144 145 146 
145 145 145 146 147 
146 146 146 147 148 
147 147 147 148 149 
148 148 148 149 150 
149 149 149 150 151 
150 150 150 151 152 
151 151 151 152 153 
152 152 152 153 154 
153 153 153 154 155 
154 154 154 155 156 
155 155 155 156 157 
156 156 156 157 158 
157 157 157 158 159 
158 158 158 159 160 
159 159 159 160 161 
160 160 160 161 162 
161 161 161 162 163 
162 162 162 163 164 
163 163 163 164 165 
164 164 164 165 166 
165 165 165 166 167 
166 166 166 167 168 
