# Minimized Production Model for dispRatio of 0.85

168 atoms
167 bonds
166 angles
0 dihedrals
0 impropers


Coords

1 128.96 279.759 9.69175
2 124.142 275.568 11.7237
3 119.322 271.376 13.7505
4 114.5 267.181 15.7661
5 109.673 262.984 17.7662
6 104.84 258.783 19.7448
7 100.001 254.577 21.6966
8 95.1543 250.365 23.6163
9 90.2985 246.147 25.4978
10 85.4331 241.92 27.3352
11 80.5576 237.684 29.1233
12 75.6717 233.437 30.8554
13 70.775 229.177 32.5252
14 65.8677 224.904 34.1271
15 60.9501 220.615 35.6545
16 56.0227 216.309 37.1013
17 51.0869 211.985 38.4625
18 46.1439 207.641 39.7322
19 41.1959 203.275 40.9053
20 36.2449 198.887 41.9772
21 31.2934 194.474 42.9442
22 26.3447 190.036 43.8024
23 21.4022 185.571 44.5489
24 16.47 181.077 45.1814
25 11.5525 176.552 45.6972
26 6.6542 171.994 46.094
27 1.78051 167.401 46.3704
28 -3.06322 162.771 46.5241
29 -7.87106 158.1 46.5547
30 -12.6371 153.388 46.4615
31 -17.3548 148.632 46.2444
32 -22.0173 143.828 45.9036
33 -26.6178 138.976 45.4392
34 -31.149 134.072 44.8527
35 -35.604 129.114 44.1448
36 -39.9755 124.101 43.3168
37 -44.2554 119.029 42.3716
38 -48.4362 113.898 41.311
39 -52.5097 108.706 40.1377
40 -56.4678 103.451 38.8554
41 -60.3019 98.1319 37.4669
42 -64.0037 92.7469 35.9759
43 -67.565 87.2958 34.3868
44 -70.977 81.7778 32.7033
45 -74.2312 76.1928 30.9298
46 -77.319 70.5413 29.0717
47 -80.2324 64.824 27.1341
48 -82.963 59.042 25.1238
49 -85.5034 53.1973 23.0469
50 -87.8469 47.2924 20.9101
51 -89.9866 41.3298 18.7202
52 -91.9161 35.3131 16.484
53 -93.6301 29.2459 14.2088
54 -95.1235 23.1324 11.9019
55 -96.3915 16.9772 9.57134
56 -97.4307 10.7851 7.22513
57 -98.2382 4.56148 4.87059
58 -98.8111 -1.68818 2.51652
59 -99.1471 -7.95805 0.170747
60 -99.2453 -14.2418 -2.15912
61 -99.1049 -20.5336 -4.46502
62 -98.7266 -26.827 -6.73939
63 -98.1111 -33.1157 -8.97461
64 -97.26 -39.3932 -11.1643
65 -96.1764 -45.6533 -13.301
66 -94.8632 -51.8897 -15.3779
67 -93.3248 -58.0963 -17.3888
68 -91.5668 -64.2675 -19.3269
69 -89.5952 -70.3987 -21.186
70 -87.4167 -76.485 -22.9606
71 -85.0396 -82.5224 -24.6452
72 -82.4723 -88.5078 -26.2351
73 -79.7245 -94.4384 -27.7254
74 -76.8056 -100.312 -29.1126
75 -73.7258 -106.128 -30.3924
76 -70.4958 -111.886 -31.5618
77 -67.1259 -117.585 -32.6187
78 -63.6275 -123.227 -33.5603
79 -60.0111 -128.814 -34.3854
80 -56.2881 -134.346 -35.0931
81 -52.469 -139.827 -35.6829
82 -48.5645 -145.258 -36.1543
83 -44.5849 -150.644 -36.5079
84 -40.5406 -155.989 -36.7448
85 -36.4423 -161.296 -36.8658
86 -32.299 -166.57 -36.873
87 -28.1209 -171.816 -36.7696
88 -23.9172 -177.037 -36.5585
89 -19.6967 -182.24 -36.2425
90 -15.4675 -187.429 -35.8258
91 -11.2384 -192.61 -35.3125
92 -7.01696 -197.787 -34.7071
93 -2.81089 -202.966 -34.0139
94 1.37259 -208.151 -33.2378
95 5.52583 -213.349 -32.3833
96 9.64251 -218.563 -31.4548
97 13.7165 -223.798 -30.4562
98 17.7408 -229.058 -29.3924
99 21.7098 -234.348 -28.2687
100 25.6174 -239.67 -27.0895
101 29.4584 -245.03 -25.8601
102 33.2273 -250.43 -24.5854
103 36.9195 -255.872 -23.2697
104 40.5306 -261.361 -21.9183
105 44.0559 -266.897 -20.5354
106 47.4918 -272.482 -19.1263
107 50.8343 -278.118 -17.6974
108 54.0794 -283.807 -16.252
109 57.2245 -289.549 -14.7952
110 60.2667 -295.344 -13.3318
111 63.2029 -301.193 -11.8655
112 66.032 -307.095 -10.4008
113 68.752 -313.049 -8.94186
114 71.3627 -319.054 -7.49393
115 73.863 -325.11 -6.06091
116 76.2532 -331.215 -4.64724
117 78.5343 -337.367 -3.25781
118 80.7068 -343.564 -1.89661
119 82.7722 -349.805 -0.568037
120 84.734 -356.086 0.724466
121 86.594 -362.407 1.97637
122 88.3552 -368.765 3.1846
123 90.0215 -375.157 4.34569
124 91.5952 -381.581 5.45645
125 93.0806 -388.034 6.51529
126 94.4824 -394.516 7.51942
127 95.8044 -401.022 8.46801
128 97.0517 -407.551 9.35964
129 98.228 -414.101 10.1933
130 99.3372 -420.669 10.968
131 100.385 -427.254 11.6837
132 101.374 -433.854 12.3418
133 102.31 -440.468 12.9425
134 103.199 -447.093 13.4873
135 104.046 -453.727 13.9789
136 104.854 -460.37 14.4174
137 105.63 -467.021 14.8039
138 106.378 -473.677 15.1415
139 107.103 -480.338 15.4302
140 107.811 -487.002 15.6716
141 108.504 -493.67 15.8672
142 109.188 -500.339 16.0183
143 109.867 -507.01 16.1261
144 110.543 -513.682 16.1912
145 111.221 -520.353 16.2158
146 111.902 -527.025 16.2004
147 112.59 -533.695 16.1469
148 113.286 -540.364 16.0574
149 113.991 -547.031 15.9336
150 114.706 -553.696 15.7784
151 115.431 -560.36 15.5933
152 116.168 -567.021 15.3807
153 116.914 -573.68 15.1425
154 117.672 -580.337 14.8799
155 118.439 -586.992 14.5954
156 119.216 -593.645 14.2903
157 120.001 -600.296 13.9669
158 120.795 -606.944 13.6268
159 121.595 -613.592 13.2716
160 122.401 -620.238 12.9028
161 123.212 -626.883 12.5234
162 124.027 -633.527 12.1341
163 124.844 -640.17 11.739
164 125.665 -646.812 11.3362
165 126.487 -653.455 10.9304
166 127.31 -660.097 10.5209
167 128.135 -666.739 10.1073
168 128.96 -673.38 9.69175

Types

1 1
2 2
3 3
4 4
5 5
6 6
7 7
8 8
9 9
10 10
11 11
12 12
13 13
14 14
15 15
16 16
17 17
18 18
19 19
20 20
21 21
22 22
23 23
24 24
25 25
26 26
27 27
28 28
29 29
30 30
31 31
32 32
33 33
34 34
35 35
36 36
37 37
38 38
39 39
40 40
41 41
42 42
43 43
44 44
45 45
46 46
47 47
48 48
49 49
50 50
51 51
52 52
53 53
54 54
55 55
56 56
57 57
58 58
59 59
60 60
61 61
62 62
63 63
64 64
65 65
66 66
67 67
68 68
69 69
70 70
71 71
72 72
73 73
74 74
75 75
76 76
77 77
78 78
79 79
80 80
81 81
82 82
83 83
84 84
85 85
86 86
87 87
88 88
89 89
90 90
91 91
92 92
93 93
94 94
95 95
96 96
97 97
98 98
99 99
100 100
101 101
102 102
103 103
104 104
105 105
106 106
107 107
108 108
109 109
110 110
111 111
112 112
113 113
114 114
115 115
116 116
117 117
118 118
119 119
120 120
121 121
122 122
123 123
124 124
125 125
126 126
127 127
128 128
129 129
130 130
131 131
132 132
133 133
134 134
135 135
136 136
137 137
138 138
139 139
140 140
141 141
142 142
143 143
144 144
145 145
146 146
147 147
148 148
149 149
150 150
151 151
152 152
153 153
154 154
155 155
156 156
157 157
158 158
159 159
160 160
161 161
162 162
163 163
164 164
165 165
166 166
167 167
168 168

Molecules

1 1
2 1
3 1
4 1
5 1
6 1
7 1
8 1
9 1
10 1
11 1
12 1
13 1
14 1
15 1
16 1
17 1
18 1
19 1
20 1
21 1
22 1
23 1
24 1
25 1
26 1
27 1
28 1
29 1
30 1
31 1
32 1
33 1
34 1
35 1
36 1
37 1
38 1
39 1
40 1
41 1
42 1
43 1
44 1
45 1
46 1
47 1
48 1
49 1
50 1
51 1
52 1
53 1
54 1
55 1
56 1
57 1
58 1
59 1
60 1
61 1
62 1
63 1
64 1
65 1
66 1
67 1
68 1
69 1
70 1
71 1
72 1
73 1
74 1
75 1
76 1
77 1
78 1
79 1
80 1
81 1
82 1
83 1
84 1
85 1
86 1
87 1
88 1
89 1
90 1
91 1
92 1
93 1
94 1
95 1
96 1
97 1
98 1
99 1
100 1
101 1
102 1
103 1
104 1
105 1
106 1
107 1
108 1
109 1
110 1
111 1
112 1
113 1
114 1
115 1
116 1
117 1
118 1
119 1
120 1
121 1
122 1
123 1
124 1
125 1
126 1
127 1
128 1
129 1
130 1
131 1
132 1
133 1
134 1
135 1
136 1
137 1
138 1
139 1
140 1
141 1
142 1
143 1
144 1
145 1
146 1
147 1
148 1
149 1
150 1
151 1
152 1
153 1
154 1
155 1
156 1
157 1
158 1
159 1
160 1
161 1
162 1
163 1
164 1
165 1
166 1
167 1
168 1

Bonds

1 1 1 2 
2 2 2 3 
3 3 3 4 
4 4 4 5 
5 5 5 6 
6 6 6 7 
7 7 7 8 
8 8 8 9 
9 9 9 10 
10 10 10 11 
11 11 11 12 
12 12 12 13 
13 13 13 14 
14 14 14 15 
15 15 15 16 
16 16 16 17 
17 17 17 18 
18 18 18 19 
19 19 19 20 
20 20 20 21 
21 21 21 22 
22 22 22 23 
23 23 23 24 
24 24 24 25 
25 25 25 26 
26 26 26 27 
27 27 27 28 
28 28 28 29 
29 29 29 30 
30 30 30 31 
31 31 31 32 
32 32 32 33 
33 33 33 34 
34 34 34 35 
35 35 35 36 
36 36 36 37 
37 37 37 38 
38 38 38 39 
39 39 39 40 
40 40 40 41 
41 41 41 42 
42 42 42 43 
43 43 43 44 
44 44 44 45 
45 45 45 46 
46 46 46 47 
47 47 47 48 
48 48 48 49 
49 49 49 50 
50 50 50 51 
51 51 51 52 
52 52 52 53 
53 53 53 54 
54 54 54 55 
55 55 55 56 
56 56 56 57 
57 57 57 58 
58 58 58 59 
59 59 59 60 
60 60 60 61 
61 61 61 62 
62 62 62 63 
63 63 63 64 
64 64 64 65 
65 65 65 66 
66 66 66 67 
67 67 67 68 
68 68 68 69 
69 69 69 70 
70 70 70 71 
71 71 71 72 
72 72 72 73 
73 73 73 74 
74 74 74 75 
75 75 75 76 
76 76 76 77 
77 77 77 78 
78 78 78 79 
79 79 79 80 
80 80 80 81 
81 81 81 82 
82 82 82 83 
83 83 83 84 
84 84 84 85 
85 85 85 86 
86 86 86 87 
87 87 87 88 
88 88 88 89 
89 89 89 90 
90 90 90 91 
91 91 91 92 
92 92 92 93 
93 93 93 94 
94 94 94 95 
95 95 95 96 
96 96 96 97 
97 97 97 98 
98 98 98 99 
99 99 99 100 
100 100 100 101 
101 101 101 102 
102 102 102 103 
103 103 103 104 
104 104 104 105 
105 105 105 106 
106 106 106 107 
107 107 107 108 
108 108 108 109 
109 109 109 110 
110 110 110 111 
111 111 111 112 
112 112 112 113 
113 113 113 114 
114 114 114 115 
115 115 115 116 
116 116 116 117 
117 117 117 118 
118 118 118 119 
119 119 119 120 
120 120 120 121 
121 121 121 122 
122 122 122 123 
123 123 123 124 
124 124 124 125 
125 125 125 126 
126 126 126 127 
127 127 127 128 
128 128 128 129 
129 129 129 130 
130 130 130 131 
131 131 131 132 
132 132 132 133 
133 133 133 134 
134 134 134 135 
135 135 135 136 
136 136 136 137 
137 137 137 138 
138 138 138 139 
139 139 139 140 
140 140 140 141 
141 141 141 142 
142 142 142 143 
143 143 143 144 
144 144 144 145 
145 145 145 146 
146 146 146 147 
147 147 147 148 
148 148 148 149 
149 149 149 150 
150 150 150 151 
151 151 151 152 
152 152 152 153 
153 153 153 154 
154 154 154 155 
155 155 155 156 
156 156 156 157 
157 157 157 158 
158 158 158 159 
159 159 159 160 
160 160 160 161 
161 161 161 162 
162 162 162 163 
163 163 163 164 
164 164 164 165 
165 165 165 166 
166 166 166 167 
167 167 167 168 

Angles

1 1 1 2 3 
2 2 2 3 4 
3 3 3 4 5 
4 4 4 5 6 
5 5 5 6 7 
6 6 6 7 8 
7 7 7 8 9 
8 8 8 9 10 
9 9 9 10 11 
10 10 10 11 12 
11 11 11 12 13 
12 12 12 13 14 
13 13 13 14 15 
14 14 14 15 16 
15 15 15 16 17 
16 16 16 17 18 
17 17 17 18 19 
18 18 18 19 20 
19 19 19 20 21 
20 20 20 21 22 
21 21 21 22 23 
22 22 22 23 24 
23 23 23 24 25 
24 24 24 25 26 
25 25 25 26 27 
26 26 26 27 28 
27 27 27 28 29 
28 28 28 29 30 
29 29 29 30 31 
30 30 30 31 32 
31 31 31 32 33 
32 32 32 33 34 
33 33 33 34 35 
34 34 34 35 36 
35 35 35 36 37 
36 36 36 37 38 
37 37 37 38 39 
38 38 38 39 40 
39 39 39 40 41 
40 40 40 41 42 
41 41 41 42 43 
42 42 42 43 44 
43 43 43 44 45 
44 44 44 45 46 
45 45 45 46 47 
46 46 46 47 48 
47 47 47 48 49 
48 48 48 49 50 
49 49 49 50 51 
50 50 50 51 52 
51 51 51 52 53 
52 52 52 53 54 
53 53 53 54 55 
54 54 54 55 56 
55 55 55 56 57 
56 56 56 57 58 
57 57 57 58 59 
58 58 58 59 60 
59 59 59 60 61 
60 60 60 61 62 
61 61 61 62 63 
62 62 62 63 64 
63 63 63 64 65 
64 64 64 65 66 
65 65 65 66 67 
66 66 66 67 68 
67 67 67 68 69 
68 68 68 69 70 
69 69 69 70 71 
70 70 70 71 72 
71 71 71 72 73 
72 72 72 73 74 
73 73 73 74 75 
74 74 74 75 76 
75 75 75 76 77 
76 76 76 77 78 
77 77 77 78 79 
78 78 78 79 80 
79 79 79 80 81 
80 80 80 81 82 
81 81 81 82 83 
82 82 82 83 84 
83 83 83 84 85 
84 84 84 85 86 
85 85 85 86 87 
86 86 86 87 88 
87 87 87 88 89 
88 88 88 89 90 
89 89 89 90 91 
90 90 90 91 92 
91 91 91 92 93 
92 92 92 93 94 
93 93 93 94 95 
94 94 94 95 96 
95 95 95 96 97 
96 96 96 97 98 
97 97 97 98 99 
98 98 98 99 100 
99 99 99 100 101 
100 100 100 101 102 
101 101 101 102 103 
102 102 102 103 104 
103 103 103 104 105 
104 104 104 105 106 
105 105 105 106 107 
106 106 106 107 108 
107 107 107 108 109 
108 108 108 109 110 
109 109 109 110 111 
110 110 110 111 112 
111 111 111 112 113 
112 112 112 113 114 
113 113 113 114 115 
114 114 114 115 116 
115 115 115 116 117 
116 116 116 117 118 
117 117 117 118 119 
118 118 118 119 120 
119 119 119 120 121 
120 120 120 121 122 
121 121 121 122 123 
122 122 122 123 124 
123 123 123 124 125 
124 124 124 125 126 
125 125 125 126 127 
126 126 126 127 128 
127 127 127 128 129 
128 128 128 129 130 
129 129 129 130 131 
130 130 130 131 132 
131 131 131 132 133 
132 132 132 133 134 
133 133 133 134 135 
134 134 134 135 136 
135 135 135 136 137 
136 136 136 137 138 
137 137 137 138 139 
138 138 138 139 140 
139 139 139 140 141 
140 140 140 141 142 
141 141 141 142 143 
142 142 142 143 144 
143 143 143 144 145 
144 144 144 145 146 
145 145 145 146 147 
146 146 146 147 148 
147 147 147 148 149 
148 148 148 149 150 
149 149 149 150 151 
150 150 150 151 152 
151 151 151 152 153 
152 152 152 153 154 
153 153 153 154 155 
154 154 154 155 156 
155 155 155 156 157 
156 156 156 157 158 
157 157 157 158 159 
158 158 158 159 160 
159 159 159 160 161 
160 160 160 161 162 
161 161 161 162 163 
162 162 162 163 164 
163 163 163 164 165 
164 164 164 165 166 
165 165 165 166 167 
166 166 166 167 168 
