# Minimized Production Model for dispRatio of 0.18

42 atoms
41 bonds
40 angles
0 dihedrals
0 impropers


Coords

1 -1.51708 74.5394 -83.5037
2 10.6439 55.663 -67.8742
3 22.9517 37.022 -52.0767
4 35.5572 18.8687 -35.9489
5 48.6035 1.47692 -19.3402
6 62.222 -14.8491 -2.12322
7 76.5363 -29.7624 15.7965
8 91.6411 -42.8651 34.4649
9 107.576 -53.7138 53.8747
10 124.299 -61.8187 73.9476
11 141.674 -66.6606 94.511
12 159.463 -67.7257 115.26
13 177.31 -64.5526 135.739
14 194.723 -56.7913 155.346
15 211.079 -44.282 173.34
16 225.663 -27.1384 188.866
17 237.719 -5.82911 201.037
18 246.532 18.7803 209.049
19 251.521 45.4643 212.292
20 252.335 72.7301 210.47
21 248.91 98.9853 203.661
22 241.484 122.721 192.307
23 230.554 142.675 177.144
24 216.816 157.948 159.1
25 201.06 168.05 139.164
26 184.075 172.864 118.28
27 166.579 172.587 97.2614
28 149.171 167.634 76.7564
29 132.307 158.541 57.2352
30 116.308 145.897 39.005
31 101.364 130.288 22.2316
32 87.5696 112.249 6.97794
33 74.9406 92.2511 -6.77172
34 63.4266 70.7077 -19.0923
35 52.9436 47.9591 -30.095
36 43.3926 24.28 -39.9233
37 34.6547 -0.101293 -48.7412
38 26.5947 -25.002 -56.7169
39 19.0802 -50.2785 -64.0137
40 11.9814 -75.8173 -70.7953
41 5.16247 -101.52 -77.2339
42 -1.51708 -127.302 -83.5037

Types

1 1
2 2
3 3
4 4
5 5
6 6
7 7
8 8
9 9
10 10
11 11
12 12
13 13
14 14
15 15
16 16
17 17
18 18
19 19
20 20
21 21
22 22
23 23
24 24
25 25
26 26
27 27
28 28
29 29
30 30
31 31
32 32
33 33
34 34
35 35
36 36
37 37
38 38
39 39
40 40
41 41
42 42

Molecules

1 1
2 1
3 1
4 1
5 1
6 1
7 1
8 1
9 1
10 1
11 1
12 1
13 1
14 1
15 1
16 1
17 1
18 1
19 1
20 1
21 1
22 1
23 1
24 1
25 1
26 1
27 1
28 1
29 1
30 1
31 1
32 1
33 1
34 1
35 1
36 1
37 1
38 1
39 1
40 1
41 1
42 1

Bonds

1 1 1 2 
2 2 2 3 
3 3 3 4 
4 4 4 5 
5 5 5 6 
6 6 6 7 
7 7 7 8 
8 8 8 9 
9 9 9 10 
10 10 10 11 
11 11 11 12 
12 12 12 13 
13 13 13 14 
14 14 14 15 
15 15 15 16 
16 16 16 17 
17 17 17 18 
18 18 18 19 
19 19 19 20 
20 20 20 21 
21 21 21 22 
22 22 22 23 
23 23 23 24 
24 24 24 25 
25 25 25 26 
26 26 26 27 
27 27 27 28 
28 28 28 29 
29 29 29 30 
30 30 30 31 
31 31 31 32 
32 32 32 33 
33 33 33 34 
34 34 34 35 
35 35 35 36 
36 36 36 37 
37 37 37 38 
38 38 38 39 
39 39 39 40 
40 40 40 41 
41 41 41 42 

Angles

1 1 1 2 3 
2 2 2 3 4 
3 3 3 4 5 
4 4 4 5 6 
5 5 5 6 7 
6 6 6 7 8 
7 7 7 8 9 
8 8 8 9 10 
9 9 9 10 11 
10 10 10 11 12 
11 11 11 12 13 
12 12 12 13 14 
13 13 13 14 15 
14 14 14 15 16 
15 15 15 16 17 
16 16 16 17 18 
17 17 17 18 19 
18 18 18 19 20 
19 19 19 20 21 
20 20 20 21 22 
21 21 21 22 23 
22 22 22 23 24 
23 23 23 24 25 
24 24 24 25 26 
25 25 25 26 27 
26 26 26 27 28 
27 27 27 28 29 
28 28 28 29 30 
29 29 29 30 31 
30 30 30 31 32 
31 31 31 32 33 
32 32 32 33 34 
33 33 33 34 35 
34 34 34 35 36 
35 35 35 36 37 
36 36 36 37 38 
37 37 37 38 39 
38 38 38 39 40 
39 39 39 40 41 
40 40 40 41 42 
