# Minimized Production Model for dispRatio of 0.30

168 atoms
167 bonds
166 angles
0 dihedrals
0 impropers


Coords

1 128.96 -28.6093 9.69175
2 123.796 -32.8966 9.48464
3 118.622 -37.1718 9.27789
4 113.428 -41.4229 9.07024
5 108.206 -45.6389 8.86079
6 102.946 -49.8079 8.64903
7 97.6408 -53.9185 8.4343
8 92.2824 -57.9589 8.21567
9 86.8637 -61.9174 7.9931
10 81.3783 -65.7827 7.76701
11 75.8205 -69.5425 7.53727
12 70.1851 -73.1843 7.30333
13 64.4686 -76.6963 7.06446
14 58.6677 -80.0661 6.82044
15 52.7803 -83.2815 6.5712
16 46.8052 -86.3298 6.31619
17 40.7423 -89.1986 6.05499
18 34.5929 -91.8756 5.78783
19 28.3593 -94.3488 5.51493
20 22.0448 -96.6064 5.23604
21 15.6543 -98.6372 4.95107
22 9.1936 -100.431 4.66006
23 2.66967 -101.977 4.36339
24 -3.90949 -103.266 4.06165
25 -10.5346 -104.29 3.75465
26 -17.196 -105.041 3.44284
27 -23.8829 -105.512 3.12717
28 -30.5835 -105.697 2.80821
29 -37.2857 -105.59 2.48602
30 -43.9766 -105.189 2.16038
31 -50.643 -104.49 1.83204
32 -57.2714 -103.493 1.50159
33 -63.8476 -102.195 1.16913
34 -70.3576 -100.599 0.83486
35 -76.7871 -98.7035 0.499473
36 -83.1218 -96.5113 0.16425
37 -89.3469 -94.0242 -0.16997
38 -95.4474 -91.2456 -0.502862
39 -101.409 -88.1805 -0.833837
40 -107.219 -84.834 -1.16264
41 -112.86 -81.2115 -1.48933
42 -118.32 -77.3195 -1.81357
43 -123.583 -73.1659 -2.13428
44 -128.637 -68.7589 -2.45057
45 -133.465 -64.1059 -2.76153
46 -138.055 -59.2162 -3.06648
47 -142.392 -54.1006 -3.365
48 -146.463 -48.771 -3.65678
49 -150.256 -43.2391 -3.94162
50 -153.756 -37.5174 -4.21936
51 -156.952 -31.6198 -4.49032
52 -159.832 -25.5615 -4.75337
53 -162.384 -19.3576 -5.00723
54 -164.597 -13.0245 -5.25142
55 -166.462 -6.57975 -5.48519
56 -167.968 -0.0415389 -5.7074
57 -169.106 6.57075 -5.91677
58 -169.867 13.237 -6.11323
59 -170.239 19.9362 -6.29723
60 -170.216 26.6457 -6.46893
61 -169.791 33.3417 -6.62741
62 -168.957 39.999 -6.77132
63 -167.713 46.5917 -6.90035
64 -166.056 53.093 -7.01342
65 -163.99 59.4758 -7.10916
66 -161.515 65.7116 -7.18723
67 -158.639 71.7722 -7.2482
68 -155.369 77.6298 -7.29229
69 -151.717 83.2569 -7.31909
70 -147.697 88.6265 -7.32855
71 -143.322 93.7112 -7.32034
72 -138.612 98.4866 -7.29431
73 -133.589 102.931 -7.2501
74 -128.276 107.024 -7.18762
75 -122.695 110.745 -7.1081
76 -116.875 114.075 -7.01276
77 -110.841 117.001 -6.90207
78 -104.623 119.509 -6.77606
79 -98.249 121.59 -6.63604
80 -91.7485 123.234 -6.48301
81 -85.1527 124.437 -6.31715
82 -78.4921 125.199 -6.13833
83 -71.7959 125.52 -5.94706
84 -65.0929 125.404 -5.74553
85 -58.4106 124.861 -5.53506
86 -51.7755 123.898 -5.31647
87 -45.2123 122.529 -5.09105
88 -38.7436 120.767 -4.85974
89 -32.39 118.626 -4.62322
90 -26.1703 116.122 -4.38166
91 -20.0999 113.273 -4.13618
92 -14.1925 110.099 -3.88825
93 -8.45889 106.62 -3.63863
94 -2.90716 102.857 -3.38872
95 2.45546 98.8271 -3.13889
96 7.62403 94.551 -2.88999
97 12.5964 90.0473 -2.64263
98 17.3717 85.334 -2.39623
99 21.9495 80.4282 -2.15147
100 26.3311 75.3457 -1.90905
101 30.519 70.1016 -1.66902
102 34.5172 64.7111 -1.43162
103 38.3304 59.1876 -1.19653
104 41.9634 53.5431 -0.964412
105 45.4213 47.7893 -0.736261
106 48.7104 41.9367 -0.51207
107 51.8357 35.9948 -0.291566
108 54.8032 29.9722 -0.0744019
109 57.6193 23.8768 0.139349
110 60.2907 17.7163 0.349913
111 62.8251 11.498 0.557867
112 65.2299 5.22784 0.762713
113 67.5123 -1.0881 0.964477
114 69.6794 -7.44481 1.16321
115 71.7387 -13.8379 1.35868
116 73.6974 -20.2626 1.55176
117 75.5633 -26.715 1.74227
118 77.3438 -33.1918 1.93055
119 79.045 -39.6903 2.1164
120 80.6742 -46.2072 2.29934
121 82.2386 -52.7404 2.48
122 83.7459 -59.2872 2.65872
123 85.2031 -65.8456 2.83525
124 86.6155 -72.4142 3.00954
125 87.9872 -78.9917 3.1819
126 89.3232 -85.5767 3.35242
127 90.6275 -92.1681 3.52135
128 91.9023 -98.7654 3.68892
129 93.1488 -105.368 3.85485
130 94.3681 -111.977 4.0195
131 95.5615 -118.589 4.18252
132 96.7294 -125.207 4.34396
133 97.8717 -131.83 4.50441
134 98.9889 -138.457 4.66357
135 100.082 -145.088 4.82161
136 101.149 -151.723 4.97873
137 102.192 -158.363 5.13474
138 103.211 -165.006 5.28936
139 104.207 -171.653 5.44315
140 105.183 -178.303 5.597
141 106.141 -184.956 5.75062
142 107.084 -191.611 5.9032
143 108.016 -198.268 6.05475
144 108.939 -204.926 6.20598
145 109.853 -211.585 6.35632
146 110.762 -218.245 6.50725
147 111.665 -224.907 6.6579
148 112.565 -231.568 6.8083
149 113.461 -238.23 6.95733
150 114.353 -244.893 7.10529
151 115.24 -251.557 7.25242
152 116.125 -258.22 7.39824
153 117.003 -264.885 7.54289
154 117.877 -271.551 7.68787
155 118.742 -278.217 7.8321
156 119.599 -284.885 7.97598
157 120.446 -291.554 8.11978
158 121.28 -298.225 8.26342
159 122.101 -304.897 8.40719
160 122.909 -311.571 8.55101
161 123.704 -318.247 8.6943
162 124.484 -324.924 8.83699
163 125.254 -331.603 8.97946
164 126.012 -338.283 9.12139
165 126.759 -344.964 9.26357
166 127.498 -351.646 9.40622
167 128.231 -358.329 9.54889
168 128.96 -365.012 9.69175

Types

1 1
2 2
3 3
4 4
5 5
6 6
7 7
8 8
9 9
10 10
11 11
12 12
13 13
14 14
15 15
16 16
17 17
18 18
19 19
20 20
21 21
22 22
23 23
24 24
25 25
26 26
27 27
28 28
29 29
30 30
31 31
32 32
33 33
34 34
35 35
36 36
37 37
38 38
39 39
40 40
41 41
42 42
43 43
44 44
45 45
46 46
47 47
48 48
49 49
50 50
51 51
52 52
53 53
54 54
55 55
56 56
57 57
58 58
59 59
60 60
61 61
62 62
63 63
64 64
65 65
66 66
67 67
68 68
69 69
70 70
71 71
72 72
73 73
74 74
75 75
76 76
77 77
78 78
79 79
80 80
81 81
82 82
83 83
84 84
85 85
86 86
87 87
88 88
89 89
90 90
91 91
92 92
93 93
94 94
95 95
96 96
97 97
98 98
99 99
100 100
101 101
102 102
103 103
104 104
105 105
106 106
107 107
108 108
109 109
110 110
111 111
112 112
113 113
114 114
115 115
116 116
117 117
118 118
119 119
120 120
121 121
122 122
123 123
124 124
125 125
126 126
127 127
128 128
129 129
130 130
131 131
132 132
133 133
134 134
135 135
136 136
137 137
138 138
139 139
140 140
141 141
142 142
143 143
144 144
145 145
146 146
147 147
148 148
149 149
150 150
151 151
152 152
153 153
154 154
155 155
156 156
157 157
158 158
159 159
160 160
161 161
162 162
163 163
164 164
165 165
166 166
167 167
168 168

Molecules

1 1
2 1
3 1
4 1
5 1
6 1
7 1
8 1
9 1
10 1
11 1
12 1
13 1
14 1
15 1
16 1
17 1
18 1
19 1
20 1
21 1
22 1
23 1
24 1
25 1
26 1
27 1
28 1
29 1
30 1
31 1
32 1
33 1
34 1
35 1
36 1
37 1
38 1
39 1
40 1
41 1
42 1
43 1
44 1
45 1
46 1
47 1
48 1
49 1
50 1
51 1
52 1
53 1
54 1
55 1
56 1
57 1
58 1
59 1
60 1
61 1
62 1
63 1
64 1
65 1
66 1
67 1
68 1
69 1
70 1
71 1
72 1
73 1
74 1
75 1
76 1
77 1
78 1
79 1
80 1
81 1
82 1
83 1
84 1
85 1
86 1
87 1
88 1
89 1
90 1
91 1
92 1
93 1
94 1
95 1
96 1
97 1
98 1
99 1
100 1
101 1
102 1
103 1
104 1
105 1
106 1
107 1
108 1
109 1
110 1
111 1
112 1
113 1
114 1
115 1
116 1
117 1
118 1
119 1
120 1
121 1
122 1
123 1
124 1
125 1
126 1
127 1
128 1
129 1
130 1
131 1
132 1
133 1
134 1
135 1
136 1
137 1
138 1
139 1
140 1
141 1
142 1
143 1
144 1
145 1
146 1
147 1
148 1
149 1
150 1
151 1
152 1
153 1
154 1
155 1
156 1
157 1
158 1
159 1
160 1
161 1
162 1
163 1
164 1
165 1
166 1
167 1
168 1

Bonds

1 1 1 2 
2 2 2 3 
3 3 3 4 
4 4 4 5 
5 5 5 6 
6 6 6 7 
7 7 7 8 
8 8 8 9 
9 9 9 10 
10 10 10 11 
11 11 11 12 
12 12 12 13 
13 13 13 14 
14 14 14 15 
15 15 15 16 
16 16 16 17 
17 17 17 18 
18 18 18 19 
19 19 19 20 
20 20 20 21 
21 21 21 22 
22 22 22 23 
23 23 23 24 
24 24 24 25 
25 25 25 26 
26 26 26 27 
27 27 27 28 
28 28 28 29 
29 29 29 30 
30 30 30 31 
31 31 31 32 
32 32 32 33 
33 33 33 34 
34 34 34 35 
35 35 35 36 
36 36 36 37 
37 37 37 38 
38 38 38 39 
39 39 39 40 
40 40 40 41 
41 41 41 42 
42 42 42 43 
43 43 43 44 
44 44 44 45 
45 45 45 46 
46 46 46 47 
47 47 47 48 
48 48 48 49 
49 49 49 50 
50 50 50 51 
51 51 51 52 
52 52 52 53 
53 53 53 54 
54 54 54 55 
55 55 55 56 
56 56 56 57 
57 57 57 58 
58 58 58 59 
59 59 59 60 
60 60 60 61 
61 61 61 62 
62 62 62 63 
63 63 63 64 
64 64 64 65 
65 65 65 66 
66 66 66 67 
67 67 67 68 
68 68 68 69 
69 69 69 70 
70 70 70 71 
71 71 71 72 
72 72 72 73 
73 73 73 74 
74 74 74 75 
75 75 75 76 
76 76 76 77 
77 77 77 78 
78 78 78 79 
79 79 79 80 
80 80 80 81 
81 81 81 82 
82 82 82 83 
83 83 83 84 
84 84 84 85 
85 85 85 86 
86 86 86 87 
87 87 87 88 
88 88 88 89 
89 89 89 90 
90 90 90 91 
91 91 91 92 
92 92 92 93 
93 93 93 94 
94 94 94 95 
95 95 95 96 
96 96 96 97 
97 97 97 98 
98 98 98 99 
99 99 99 100 
100 100 100 101 
101 101 101 102 
102 102 102 103 
103 103 103 104 
104 104 104 105 
105 105 105 106 
106 106 106 107 
107 107 107 108 
108 108 108 109 
109 109 109 110 
110 110 110 111 
111 111 111 112 
112 112 112 113 
113 113 113 114 
114 114 114 115 
115 115 115 116 
116 116 116 117 
117 117 117 118 
118 118 118 119 
119 119 119 120 
120 120 120 121 
121 121 121 122 
122 122 122 123 
123 123 123 124 
124 124 124 125 
125 125 125 126 
126 126 126 127 
127 127 127 128 
128 128 128 129 
129 129 129 130 
130 130 130 131 
131 131 131 132 
132 132 132 133 
133 133 133 134 
134 134 134 135 
135 135 135 136 
136 136 136 137 
137 137 137 138 
138 138 138 139 
139 139 139 140 
140 140 140 141 
141 141 141 142 
142 142 142 143 
143 143 143 144 
144 144 144 145 
145 145 145 146 
146 146 146 147 
147 147 147 148 
148 148 148 149 
149 149 149 150 
150 150 150 151 
151 151 151 152 
152 152 152 153 
153 153 153 154 
154 154 154 155 
155 155 155 156 
156 156 156 157 
157 157 157 158 
158 158 158 159 
159 159 159 160 
160 160 160 161 
161 161 161 162 
162 162 162 163 
163 163 163 164 
164 164 164 165 
165 165 165 166 
166 166 166 167 
167 167 167 168 

Angles

1 1 1 2 3 
2 2 2 3 4 
3 3 3 4 5 
4 4 4 5 6 
5 5 5 6 7 
6 6 6 7 8 
7 7 7 8 9 
8 8 8 9 10 
9 9 9 10 11 
10 10 10 11 12 
11 11 11 12 13 
12 12 12 13 14 
13 13 13 14 15 
14 14 14 15 16 
15 15 15 16 17 
16 16 16 17 18 
17 17 17 18 19 
18 18 18 19 20 
19 19 19 20 21 
20 20 20 21 22 
21 21 21 22 23 
22 22 22 23 24 
23 23 23 24 25 
24 24 24 25 26 
25 25 25 26 27 
26 26 26 27 28 
27 27 27 28 29 
28 28 28 29 30 
29 29 29 30 31 
30 30 30 31 32 
31 31 31 32 33 
32 32 32 33 34 
33 33 33 34 35 
34 34 34 35 36 
35 35 35 36 37 
36 36 36 37 38 
37 37 37 38 39 
38 38 38 39 40 
39 39 39 40 41 
40 40 40 41 42 
41 41 41 42 43 
42 42 42 43 44 
43 43 43 44 45 
44 44 44 45 46 
45 45 45 46 47 
46 46 46 47 48 
47 47 47 48 49 
48 48 48 49 50 
49 49 49 50 51 
50 50 50 51 52 
51 51 51 52 53 
52 52 52 53 54 
53 53 53 54 55 
54 54 54 55 56 
55 55 55 56 57 
56 56 56 57 58 
57 57 57 58 59 
58 58 58 59 60 
59 59 59 60 61 
60 60 60 61 62 
61 61 61 62 63 
62 62 62 63 64 
63 63 63 64 65 
64 64 64 65 66 
65 65 65 66 67 
66 66 66 67 68 
67 67 67 68 69 
68 68 68 69 70 
69 69 69 70 71 
70 70 70 71 72 
71 71 71 72 73 
72 72 72 73 74 
73 73 73 74 75 
74 74 74 75 76 
75 75 75 76 77 
76 76 76 77 78 
77 77 77 78 79 
78 78 78 79 80 
79 79 79 80 81 
80 80 80 81 82 
81 81 81 82 83 
82 82 82 83 84 
83 83 83 84 85 
84 84 84 85 86 
85 85 85 86 87 
86 86 86 87 88 
87 87 87 88 89 
88 88 88 89 90 
89 89 89 90 91 
90 90 90 91 92 
91 91 91 92 93 
92 92 92 93 94 
93 93 93 94 95 
94 94 94 95 96 
95 95 95 96 97 
96 96 96 97 98 
97 97 97 98 99 
98 98 98 99 100 
99 99 99 100 101 
100 100 100 101 102 
101 101 101 102 103 
102 102 102 103 104 
103 103 103 104 105 
104 104 104 105 106 
105 105 105 106 107 
106 106 106 107 108 
107 107 107 108 109 
108 108 108 109 110 
109 109 109 110 111 
110 110 110 111 112 
111 111 111 112 113 
112 112 112 113 114 
113 113 113 114 115 
114 114 114 115 116 
115 115 115 116 117 
116 116 116 117 118 
117 117 117 118 119 
118 118 118 119 120 
119 119 119 120 121 
120 120 120 121 122 
121 121 121 122 123 
122 122 122 123 124 
123 123 123 124 125 
124 124 124 125 126 
125 125 125 126 127 
126 126 126 127 128 
127 127 127 128 129 
128 128 128 129 130 
129 129 129 130 131 
130 130 130 131 132 
131 131 131 132 133 
132 132 132 133 134 
133 133 133 134 135 
134 134 134 135 136 
135 135 135 136 137 
136 136 136 137 138 
137 137 137 138 139 
138 138 138 139 140 
139 139 139 140 141 
140 140 140 141 142 
141 141 141 142 143 
142 142 142 143 144 
143 143 143 144 145 
144 144 144 145 146 
145 145 145 146 147 
146 146 146 147 148 
147 147 147 148 149 
148 148 148 149 150 
149 149 149 150 151 
150 150 150 151 152 
151 151 151 152 153 
152 152 152 153 154 
153 153 153 154 155 
154 154 154 155 156 
155 155 155 156 157 
156 156 156 157 158 
157 157 157 158 159 
158 158 158 159 160 
159 159 159 160 161 
160 160 160 161 162 
161 161 161 162 163 
162 162 162 163 164 
163 163 163 164 165 
164 164 164 165 166 
165 165 165 166 167 
166 166 166 167 168 
