# Minimized Production Model for dispRatio of 0.03

84 atoms
83 bonds
82 angles
0 dihedrals
0 impropers


Coords

1 -0.0130603 -381.015 -11.8584
2 -0.0148508 -370.428 -3.45322
3 -0.0186292 -359.824 4.92972
4 -0.0238802 -349.186 13.2691
5 -0.0287961 -338.499 21.545
6 -0.0312204 -327.745 29.7358
7 -0.0321617 -316.91 37.8173
8 -0.0327666 -305.976 45.7639
9 -0.0338181 -294.925 53.548
10 -0.0351352 -283.743 61.1416
11 -0.0363722 -272.416 68.5164
12 -0.0380077 -260.932 75.6424
13 -0.0393017 -249.278 82.4885
14 -0.0405871 -237.445 89.0191
15 -0.0421829 -225.424 95.1973
16 -0.0430763 -213.21 100.984
17 -0.0436751 -200.801 106.339
18 -0.0450269 -188.196 111.216
19 -0.0471492 -175.402 115.567
20 -0.0502571 -162.426 119.342
21 -0.0542287 -149.283 122.485
22 -0.0570891 -135.994 124.94
23 -0.0578027 -122.59 126.653
24 -0.0586024 -109.109 127.57
25 -0.060816 -95.5974 127.637
26 -0.0625286 -82.1113 126.804
27 -0.0608474 -68.7185 125.021
28 -0.0553572 -55.4959 122.249
29 -0.0472532 -42.5312 118.453
30 -0.0379772 -29.9219 113.609
31 -0.0302083 -17.7739 107.706
32 -0.0246006 -6.20239 100.742
33 -0.0203887 4.67129 92.7335
34 -0.017383 14.7228 83.7164
35 -0.0163074 23.8295 73.7481
36 -0.0168846 31.8736 62.9049
37 -0.0184232 38.7435 51.2835
38 -0.0187715 44.3414 38.9992
39 -0.0170567 48.5842 26.1842
40 -0.0151207 51.4083 12.9844
41 -0.0120338 52.7737 -0.444914
42 -0.00635084 52.6633 -13.9436
43 0.00252361 51.0824 -27.3498
44 0.0127731 48.0587 -40.506
45 0.0228307 43.6418 -53.2622
46 0.0317879 37.9018 -65.4816
47 0.0383442 30.9272 -77.0414
48 0.0421986 22.8202 -87.8386
49 0.0435544 13.6926 -97.7893
50 0.0441515 3.65995 -106.828
51 0.0457812 -7.16001 -114.909
52 0.0491077 -18.6517 -122.005
53 0.0533703 -30.7041 -128.104
54 0.0561207 -43.2105 -133.209
55 0.0559173 -56.0746 -137.336
56 0.0529743 -69.207 -140.509
57 0.0481072 -82.5295 -142.76
58 0.0439204 -95.9718 -144.131
59 0.0408141 -109.474 -144.665
60 0.037213 -122.985 -144.412
61 0.0327919 -136.462 -143.425
62 0.0290466 -149.873 -141.753
63 0.0279945 -163.189 -139.446
64 0.0301078 -176.39 -136.554
65 0.0350921 -189.463 -133.123
66 0.0419836 -202.396 -129.198
67 0.0482793 -215.183 -124.82
68 0.0516838 -227.822 -120.029
69 0.0518426 -240.312 -114.86
70 0.048892 -252.655 -109.35
71 0.044001 -264.855 -103.53
72 0.0380128 -276.92 -97.4341
73 0.0305648 -288.858 -91.0916
74 0.0221462 -300.678 -84.5309
75 0.013005 -312.39 -77.7778
76 0.0028137 -324.004 -70.8564
77 -0.00703334 -335.53 -63.7894
78 -0.0136049 -346.979 -56.5974
79 -0.0154972 -358.363 -49.3005
80 -0.0141642 -369.69 -41.917
81 -0.012372 -380.971 -34.4639
82 -0.0113189 -392.218 -26.9579
83 -0.0112655 -403.443 -19.4172
84 -0.0130603 -414.655 -11.8584

Types

1 1
2 2
3 3
4 4
5 5
6 6
7 7
8 8
9 9
10 10
11 11
12 12
13 13
14 14
15 15
16 16
17 17
18 18
19 19
20 20
21 21
22 22
23 23
24 24
25 25
26 26
27 27
28 28
29 29
30 30
31 31
32 32
33 33
34 34
35 35
36 36
37 37
38 38
39 39
40 40
41 41
42 42
43 43
44 44
45 45
46 46
47 47
48 48
49 49
50 50
51 51
52 52
53 53
54 54
55 55
56 56
57 57
58 58
59 59
60 60
61 61
62 62
63 63
64 64
65 65
66 66
67 67
68 68
69 69
70 70
71 71
72 72
73 73
74 74
75 75
76 76
77 77
78 78
79 79
80 80
81 81
82 82
83 83
84 84

Molecules

1 1
2 1
3 1
4 1
5 1
6 1
7 1
8 1
9 1
10 1
11 1
12 1
13 1
14 1
15 1
16 1
17 1
18 1
19 1
20 1
21 1
22 1
23 1
24 1
25 1
26 1
27 1
28 1
29 1
30 1
31 1
32 1
33 1
34 1
35 1
36 1
37 1
38 1
39 1
40 1
41 1
42 1
43 1
44 1
45 1
46 1
47 1
48 1
49 1
50 1
51 1
52 1
53 1
54 1
55 1
56 1
57 1
58 1
59 1
60 1
61 1
62 1
63 1
64 1
65 1
66 1
67 1
68 1
69 1
70 1
71 1
72 1
73 1
74 1
75 1
76 1
77 1
78 1
79 1
80 1
81 1
82 1
83 1
84 1

Bonds

1 1 1 2 
2 2 2 3 
3 3 3 4 
4 4 4 5 
5 5 5 6 
6 6 6 7 
7 7 7 8 
8 8 8 9 
9 9 9 10 
10 10 10 11 
11 11 11 12 
12 12 12 13 
13 13 13 14 
14 14 14 15 
15 15 15 16 
16 16 16 17 
17 17 17 18 
18 18 18 19 
19 19 19 20 
20 20 20 21 
21 21 21 22 
22 22 22 23 
23 23 23 24 
24 24 24 25 
25 25 25 26 
26 26 26 27 
27 27 27 28 
28 28 28 29 
29 29 29 30 
30 30 30 31 
31 31 31 32 
32 32 32 33 
33 33 33 34 
34 34 34 35 
35 35 35 36 
36 36 36 37 
37 37 37 38 
38 38 38 39 
39 39 39 40 
40 40 40 41 
41 41 41 42 
42 42 42 43 
43 43 43 44 
44 44 44 45 
45 45 45 46 
46 46 46 47 
47 47 47 48 
48 48 48 49 
49 49 49 50 
50 50 50 51 
51 51 51 52 
52 52 52 53 
53 53 53 54 
54 54 54 55 
55 55 55 56 
56 56 56 57 
57 57 57 58 
58 58 58 59 
59 59 59 60 
60 60 60 61 
61 61 61 62 
62 62 62 63 
63 63 63 64 
64 64 64 65 
65 65 65 66 
66 66 66 67 
67 67 67 68 
68 68 68 69 
69 69 69 70 
70 70 70 71 
71 71 71 72 
72 72 72 73 
73 73 73 74 
74 74 74 75 
75 75 75 76 
76 76 76 77 
77 77 77 78 
78 78 78 79 
79 79 79 80 
80 80 80 81 
81 81 81 82 
82 82 82 83 
83 83 83 84 

Angles

1 1 1 2 3 
2 2 2 3 4 
3 3 3 4 5 
4 4 4 5 6 
5 5 5 6 7 
6 6 6 7 8 
7 7 7 8 9 
8 8 8 9 10 
9 9 9 10 11 
10 10 10 11 12 
11 11 11 12 13 
12 12 12 13 14 
13 13 13 14 15 
14 14 14 15 16 
15 15 15 16 17 
16 16 16 17 18 
17 17 17 18 19 
18 18 18 19 20 
19 19 19 20 21 
20 20 20 21 22 
21 21 21 22 23 
22 22 22 23 24 
23 23 23 24 25 
24 24 24 25 26 
25 25 25 26 27 
26 26 26 27 28 
27 27 27 28 29 
28 28 28 29 30 
29 29 29 30 31 
30 30 30 31 32 
31 31 31 32 33 
32 32 32 33 34 
33 33 33 34 35 
34 34 34 35 36 
35 35 35 36 37 
36 36 36 37 38 
37 37 37 38 39 
38 38 38 39 40 
39 39 39 40 41 
40 40 40 41 42 
41 41 41 42 43 
42 42 42 43 44 
43 43 43 44 45 
44 44 44 45 46 
45 45 45 46 47 
46 46 46 47 48 
47 47 47 48 49 
48 48 48 49 50 
49 49 49 50 51 
50 50 50 51 52 
51 51 51 52 53 
52 52 52 53 54 
53 53 53 54 55 
54 54 54 55 56 
55 55 55 56 57 
56 56 56 57 58 
57 57 57 58 59 
58 58 58 59 60 
59 59 59 60 61 
60 60 60 61 62 
61 61 61 62 63 
62 62 62 63 64 
63 63 63 64 65 
64 64 64 65 66 
65 65 65 66 67 
66 66 66 67 68 
67 67 67 68 69 
68 68 68 69 70 
69 69 69 70 71 
70 70 70 71 72 
71 71 71 72 73 
72 72 72 73 74 
73 73 73 74 75 
74 74 74 75 76 
75 75 75 76 77 
76 76 76 77 78 
77 77 77 78 79 
78 78 78 79 80 
79 79 79 80 81 
80 80 80 81 82 
81 81 81 82 83 
82 82 82 83 84 
