# Minimized Production Model for dispRatio of 0.96

42 atoms
41 bonds
40 angles
0 dihedrals
0 impropers


Coords

1 -1.51708 511.862 -83.5037
2 -1.70729 488.583 -69.175
3 -1.86527 465.199 -55.0176
4 -1.95914 441.608 -41.2028
5 -1.95844 417.726 -27.9004
6 -1.83827 393.477 -15.2767
7 -1.57189 368.808 -3.49955
8 -1.14686 343.687 7.26864
9 -0.553295 318.101 16.877
10 0.201772 292.073 25.1991
11 1.10032 265.644 32.1247
12 2.11505 238.878 37.5806
13 3.21383 211.848 41.5067
14 4.36357 184.638 43.8687
15 5.5307 157.339 44.6718
16 6.68461 130.035 43.9599
17 7.78625 102.805 41.821
18 8.8033 75.7083 38.3577
19 9.69771 48.7874 33.6977
20 10.4404 22.0689 27.9702
21 11.0057 -4.44103 21.3265
22 11.3763 -30.7571 13.9368
23 11.5424 -56.9081 5.97665
24 11.5039 -82.9415 -2.36263
25 11.2723 -108.908 -10.9028
26 10.8652 -134.864 -19.4693
27 10.3096 -160.859 -27.9046
28 9.62492 -186.938 -36.0659
29 8.83419 -213.138 -43.8191
30 7.95392 -239.485 -51.0445
31 7.00693 -265.996 -57.6377
32 6.02299 -292.676 -63.5054
33 5.03713 -319.514 -68.5946
34 4.08188 -346.496 -72.8756
35 3.18126 -373.594 -76.3532
36 2.34738 -400.782 -79.0477
37 1.57705 -428.033 -81.0177
38 0.869086 -455.326 -82.343
39 0.213534 -482.641 -83.1236
40 -0.394267 -509.967 -83.4886
41 -0.9658 -537.296 -83.567
42 -1.51708 -564.625 -83.5037

Types

1 1
2 2
3 3
4 4
5 5
6 6
7 7
8 8
9 9
10 10
11 11
12 12
13 13
14 14
15 15
16 16
17 17
18 18
19 19
20 20
21 21
22 22
23 23
24 24
25 25
26 26
27 27
28 28
29 29
30 30
31 31
32 32
33 33
34 34
35 35
36 36
37 37
38 38
39 39
40 40
41 41
42 42

Molecules

1 1
2 1
3 1
4 1
5 1
6 1
7 1
8 1
9 1
10 1
11 1
12 1
13 1
14 1
15 1
16 1
17 1
18 1
19 1
20 1
21 1
22 1
23 1
24 1
25 1
26 1
27 1
28 1
29 1
30 1
31 1
32 1
33 1
34 1
35 1
36 1
37 1
38 1
39 1
40 1
41 1
42 1

Bonds

1 1 1 2 
2 2 2 3 
3 3 3 4 
4 4 4 5 
5 5 5 6 
6 6 6 7 
7 7 7 8 
8 8 8 9 
9 9 9 10 
10 10 10 11 
11 11 11 12 
12 12 12 13 
13 13 13 14 
14 14 14 15 
15 15 15 16 
16 16 16 17 
17 17 17 18 
18 18 18 19 
19 19 19 20 
20 20 20 21 
21 21 21 22 
22 22 22 23 
23 23 23 24 
24 24 24 25 
25 25 25 26 
26 26 26 27 
27 27 27 28 
28 28 28 29 
29 29 29 30 
30 30 30 31 
31 31 31 32 
32 32 32 33 
33 33 33 34 
34 34 34 35 
35 35 35 36 
36 36 36 37 
37 37 37 38 
38 38 38 39 
39 39 39 40 
40 40 40 41 
41 41 41 42 

Angles

1 1 1 2 3 
2 2 2 3 4 
3 3 3 4 5 
4 4 4 5 6 
5 5 5 6 7 
6 6 6 7 8 
7 7 7 8 9 
8 8 8 9 10 
9 9 9 10 11 
10 10 10 11 12 
11 11 11 12 13 
12 12 12 13 14 
13 13 13 14 15 
14 14 14 15 16 
15 15 15 16 17 
16 16 16 17 18 
17 17 17 18 19 
18 18 18 19 20 
19 19 19 20 21 
20 20 20 21 22 
21 21 21 22 23 
22 22 22 23 24 
23 23 23 24 25 
24 24 24 25 26 
25 25 25 26 27 
26 26 26 27 28 
27 27 27 28 29 
28 28 28 29 30 
29 29 29 30 31 
30 30 30 31 32 
31 31 31 32 33 
32 32 32 33 34 
33 33 33 34 35 
34 34 34 35 36 
35 35 35 36 37 
36 36 36 37 38 
37 37 37 38 39 
38 38 38 39 40 
39 39 39 40 41 
40 40 40 41 42 
