# Minimized Production Model for dispRatio of 0.55

168 atoms
167 bonds
166 angles
0 dihedrals
0 impropers


Coords

1 128.96 111.558 9.69175
2 125.234 105.952 9.5331
3 121.502 100.349 9.37401
4 117.756 94.7553 9.21385
5 113.991 89.1752 9.05263
6 110.199 83.613 8.89003
7 106.374 78.0736 8.72596
8 102.511 72.5619 8.56013
9 98.6013 67.0826 8.39178
10 94.6394 61.6411 8.2208
11 90.6196 56.2429 8.04713
12 86.536 50.8928 7.87049
13 82.3832 45.5967 7.69053
14 78.1561 40.3602 7.50695
15 73.8494 35.189 7.3196
16 69.4579 30.0898 7.12853
17 64.9783 25.0681 6.9338
18 60.4063 20.1305 6.73492
19 55.7378 15.2846 6.53144
20 50.9695 10.537 6.32303
21 46.0979 5.89588 6.10957
22 41.1198 1.36906 5.89115
23 36.0335 -3.03566 5.66773
24 30.8368 -7.30897 5.43943
25 25.5281 -11.4421 5.20614
26 20.106 -15.4249 4.96761
27 14.5699 -19.2466 4.72393
28 8.91929 -22.897 4.47494
29 3.15489 -26.3644 4.22037
30 -2.72179 -29.6368 3.96031
31 -8.70911 -32.7014 3.69449
32 -14.804 -35.5446 3.42261
33 -21.0026 -38.1525 3.14455
34 -27.3002 -40.5095 2.85999
35 -33.6905 -42.5999 2.56875
36 -40.1659 -44.4076 2.27067
37 -46.7169 -45.9145 1.96556
38 -53.3322 -47.1023 1.65321
39 -59.9986 -47.9515 1.33357
40 -66.6997 -48.4417 1.0072
41 -73.4166 -48.5529 0.67403
42 -80.1274 -48.2655 0.333804
43 -86.8055 -47.5601 -0.0134043
44 -93.4214 -46.4178 -0.367828
45 -99.941 -44.8209 -0.72904
46 -106.325 -42.7541 -1.09621
47 -112.531 -40.2059 -1.46839
48 -118.51 -37.169 -1.84419
49 -124.211 -33.6409 -2.22227
50 -129.577 -29.6246 -2.60151
51 -134.547 -25.1316 -2.97997
52 -139.06 -20.182 -3.35473
53 -143.052 -14.806 -3.72276
54 -146.461 -9.04513 -4.08122
55 -149.227 -2.95158 -4.42701
56 -151.297 3.4104 -4.75665
57 -152.626 9.96613 -5.06665
58 -153.177 16.6319 -5.35318
59 -152.927 23.315 -5.61279
60 -151.869 29.9183 -5.84247
61 -150.01 36.3422 -6.03917
62 -147.373 42.4884 -6.201
63 -143.999 48.2634 -6.32674
64 -139.939 53.5812 -6.41519
65 -135.262 58.3669 -6.46634
66 -130.044 62.5578 -6.48135
67 -124.366 66.1058 -6.46161
68 -118.317 68.9787 -6.40914
69 -111.983 71.1583 -6.32639
70 -105.447 72.6412 -6.21545
71 -98.7906 73.437 -6.07929
72 -92.0848 73.5653 -5.92091
73 -85.3951 73.0549 -5.74293
74 -78.7763 71.9412 -5.54907
75 -72.2748 70.2637 -5.34254
76 -65.9279 68.0648 -5.12588
77 -59.7641 65.3886 -4.9016
78 -53.8047 62.2783 -4.67188
79 -48.0643 58.7759 -4.43875
80 -42.552 54.9212 -4.20405
81 -37.2713 50.7517 -3.96894
82 -32.2211 46.3027 -3.73459
83 -27.3978 41.6062 -3.5019
84 -22.795 36.6912 -3.27082
85 -18.4042 31.5838 -3.04163
86 -14.2159 26.3077 -2.81501
87 -10.2188 20.8835 -2.59151
88 -6.40169 15.3295 -2.37165
89 -2.75267 9.66267 -2.1555
90 0.739896 3.89683 -1.9431
91 4.08672 -1.95588 -1.73522
92 7.29825 -7.88487 -1.53212
93 10.384 -13.8813 -1.33335
94 13.3538 -19.9369 -1.13867
95 16.2167 -26.0446 -0.947134
96 18.9806 -32.1983 -0.758228
97 21.6532 -38.3928 -0.572
98 24.2416 -44.6237 -0.387973
99 26.7527 -50.8868 -0.206198
100 29.1931 -57.1785 -0.0269047
101 31.5687 -63.4956 0.150113
102 33.8843 -69.8352 0.324802
103 36.1441 -76.1955 0.49704
104 38.352 -82.5745 0.667132
105 40.5111 -88.9706 0.834854
106 42.6246 -95.3826 0.999953
107 44.6955 -101.809 1.1628
108 46.7261 -108.248 1.32373
109 48.7182 -114.7 1.48319
110 50.6732 -121.164 1.64165
111 52.5927 -127.638 1.79939
112 54.4785 -134.123 1.95643
113 56.3325 -140.617 2.11304
114 58.1555 -147.121 2.26897
115 59.9484 -153.633 2.42356
116 61.7116 -160.153 2.57702
117 63.4463 -166.682 2.72928
118 65.1536 -173.218 2.88037
119 66.8346 -179.762 3.03037
120 68.4905 -186.312 3.17926
121 70.1217 -192.869 3.32714
122 71.7292 -199.432 3.47416
123 73.3134 -206.001 3.62015
124 74.8741 -212.577 3.76485
125 76.4126 -219.158 3.90847
126 77.9292 -225.745 4.05132
127 79.4235 -232.337 4.1939
128 80.8958 -238.935 4.33641
129 82.3457 -245.538 4.47857
130 83.7752 -252.146 4.62098
131 85.1859 -258.759 4.76373
132 86.5783 -265.376 4.90584
133 87.9523 -271.997 5.04728
134 89.3095 -278.622 5.18764
135 90.6507 -285.251 5.32687
136 91.9766 -291.883 5.46535
137 93.2877 -298.518 5.602
138 94.5834 -305.157 5.73727
139 95.8641 -311.799 5.87187
140 97.1296 -318.443 6.00577
141 98.3791 -325.091 6.13951
142 99.6136 -331.743 6.27298
143 100.834 -338.396 6.40691
144 102.044 -345.052 6.54175
145 103.243 -351.71 6.67697
146 104.433 -358.37 6.81279
147 105.614 -365.031 6.94819
148 106.789 -371.693 7.08265
149 107.957 -378.357 7.21623
150 109.119 -385.022 7.34851
151 110.273 -391.688 7.47965
152 111.419 -398.356 7.61077
153 112.557 -405.026 7.74133
154 113.686 -411.697 7.87153
155 114.808 -418.369 8.00207
156 115.92 -425.043 8.13275
157 117.026 -431.718 8.26354
158 118.125 -438.394 8.39501
159 119.219 -445.071 8.52586
160 120.308 -451.748 8.65635
161 121.393 -458.427 8.78567
162 122.476 -465.106 8.91417
163 123.558 -471.784 9.04207
164 124.64 -478.463 9.17172
165 125.72 -485.142 9.3022
166 126.8 -491.821 9.43151
167 127.88 -498.5 9.56196
168 128.96 -505.179 9.69175

Types

1 1
2 2
3 3
4 4
5 5
6 6
7 7
8 8
9 9
10 10
11 11
12 12
13 13
14 14
15 15
16 16
17 17
18 18
19 19
20 20
21 21
22 22
23 23
24 24
25 25
26 26
27 27
28 28
29 29
30 30
31 31
32 32
33 33
34 34
35 35
36 36
37 37
38 38
39 39
40 40
41 41
42 42
43 43
44 44
45 45
46 46
47 47
48 48
49 49
50 50
51 51
52 52
53 53
54 54
55 55
56 56
57 57
58 58
59 59
60 60
61 61
62 62
63 63
64 64
65 65
66 66
67 67
68 68
69 69
70 70
71 71
72 72
73 73
74 74
75 75
76 76
77 77
78 78
79 79
80 80
81 81
82 82
83 83
84 84
85 85
86 86
87 87
88 88
89 89
90 90
91 91
92 92
93 93
94 94
95 95
96 96
97 97
98 98
99 99
100 100
101 101
102 102
103 103
104 104
105 105
106 106
107 107
108 108
109 109
110 110
111 111
112 112
113 113
114 114
115 115
116 116
117 117
118 118
119 119
120 120
121 121
122 122
123 123
124 124
125 125
126 126
127 127
128 128
129 129
130 130
131 131
132 132
133 133
134 134
135 135
136 136
137 137
138 138
139 139
140 140
141 141
142 142
143 143
144 144
145 145
146 146
147 147
148 148
149 149
150 150
151 151
152 152
153 153
154 154
155 155
156 156
157 157
158 158
159 159
160 160
161 161
162 162
163 163
164 164
165 165
166 166
167 167
168 168

Molecules

1 1
2 1
3 1
4 1
5 1
6 1
7 1
8 1
9 1
10 1
11 1
12 1
13 1
14 1
15 1
16 1
17 1
18 1
19 1
20 1
21 1
22 1
23 1
24 1
25 1
26 1
27 1
28 1
29 1
30 1
31 1
32 1
33 1
34 1
35 1
36 1
37 1
38 1
39 1
40 1
41 1
42 1
43 1
44 1
45 1
46 1
47 1
48 1
49 1
50 1
51 1
52 1
53 1
54 1
55 1
56 1
57 1
58 1
59 1
60 1
61 1
62 1
63 1
64 1
65 1
66 1
67 1
68 1
69 1
70 1
71 1
72 1
73 1
74 1
75 1
76 1
77 1
78 1
79 1
80 1
81 1
82 1
83 1
84 1
85 1
86 1
87 1
88 1
89 1
90 1
91 1
92 1
93 1
94 1
95 1
96 1
97 1
98 1
99 1
100 1
101 1
102 1
103 1
104 1
105 1
106 1
107 1
108 1
109 1
110 1
111 1
112 1
113 1
114 1
115 1
116 1
117 1
118 1
119 1
120 1
121 1
122 1
123 1
124 1
125 1
126 1
127 1
128 1
129 1
130 1
131 1
132 1
133 1
134 1
135 1
136 1
137 1
138 1
139 1
140 1
141 1
142 1
143 1
144 1
145 1
146 1
147 1
148 1
149 1
150 1
151 1
152 1
153 1
154 1
155 1
156 1
157 1
158 1
159 1
160 1
161 1
162 1
163 1
164 1
165 1
166 1
167 1
168 1

Bonds

1 1 1 2 
2 2 2 3 
3 3 3 4 
4 4 4 5 
5 5 5 6 
6 6 6 7 
7 7 7 8 
8 8 8 9 
9 9 9 10 
10 10 10 11 
11 11 11 12 
12 12 12 13 
13 13 13 14 
14 14 14 15 
15 15 15 16 
16 16 16 17 
17 17 17 18 
18 18 18 19 
19 19 19 20 
20 20 20 21 
21 21 21 22 
22 22 22 23 
23 23 23 24 
24 24 24 25 
25 25 25 26 
26 26 26 27 
27 27 27 28 
28 28 28 29 
29 29 29 30 
30 30 30 31 
31 31 31 32 
32 32 32 33 
33 33 33 34 
34 34 34 35 
35 35 35 36 
36 36 36 37 
37 37 37 38 
38 38 38 39 
39 39 39 40 
40 40 40 41 
41 41 41 42 
42 42 42 43 
43 43 43 44 
44 44 44 45 
45 45 45 46 
46 46 46 47 
47 47 47 48 
48 48 48 49 
49 49 49 50 
50 50 50 51 
51 51 51 52 
52 52 52 53 
53 53 53 54 
54 54 54 55 
55 55 55 56 
56 56 56 57 
57 57 57 58 
58 58 58 59 
59 59 59 60 
60 60 60 61 
61 61 61 62 
62 62 62 63 
63 63 63 64 
64 64 64 65 
65 65 65 66 
66 66 66 67 
67 67 67 68 
68 68 68 69 
69 69 69 70 
70 70 70 71 
71 71 71 72 
72 72 72 73 
73 73 73 74 
74 74 74 75 
75 75 75 76 
76 76 76 77 
77 77 77 78 
78 78 78 79 
79 79 79 80 
80 80 80 81 
81 81 81 82 
82 82 82 83 
83 83 83 84 
84 84 84 85 
85 85 85 86 
86 86 86 87 
87 87 87 88 
88 88 88 89 
89 89 89 90 
90 90 90 91 
91 91 91 92 
92 92 92 93 
93 93 93 94 
94 94 94 95 
95 95 95 96 
96 96 96 97 
97 97 97 98 
98 98 98 99 
99 99 99 100 
100 100 100 101 
101 101 101 102 
102 102 102 103 
103 103 103 104 
104 104 104 105 
105 105 105 106 
106 106 106 107 
107 107 107 108 
108 108 108 109 
109 109 109 110 
110 110 110 111 
111 111 111 112 
112 112 112 113 
113 113 113 114 
114 114 114 115 
115 115 115 116 
116 116 116 117 
117 117 117 118 
118 118 118 119 
119 119 119 120 
120 120 120 121 
121 121 121 122 
122 122 122 123 
123 123 123 124 
124 124 124 125 
125 125 125 126 
126 126 126 127 
127 127 127 128 
128 128 128 129 
129 129 129 130 
130 130 130 131 
131 131 131 132 
132 132 132 133 
133 133 133 134 
134 134 134 135 
135 135 135 136 
136 136 136 137 
137 137 137 138 
138 138 138 139 
139 139 139 140 
140 140 140 141 
141 141 141 142 
142 142 142 143 
143 143 143 144 
144 144 144 145 
145 145 145 146 
146 146 146 147 
147 147 147 148 
148 148 148 149 
149 149 149 150 
150 150 150 151 
151 151 151 152 
152 152 152 153 
153 153 153 154 
154 154 154 155 
155 155 155 156 
156 156 156 157 
157 157 157 158 
158 158 158 159 
159 159 159 160 
160 160 160 161 
161 161 161 162 
162 162 162 163 
163 163 163 164 
164 164 164 165 
165 165 165 166 
166 166 166 167 
167 167 167 168 

Angles

1 1 1 2 3 
2 2 2 3 4 
3 3 3 4 5 
4 4 4 5 6 
5 5 5 6 7 
6 6 6 7 8 
7 7 7 8 9 
8 8 8 9 10 
9 9 9 10 11 
10 10 10 11 12 
11 11 11 12 13 
12 12 12 13 14 
13 13 13 14 15 
14 14 14 15 16 
15 15 15 16 17 
16 16 16 17 18 
17 17 17 18 19 
18 18 18 19 20 
19 19 19 20 21 
20 20 20 21 22 
21 21 21 22 23 
22 22 22 23 24 
23 23 23 24 25 
24 24 24 25 26 
25 25 25 26 27 
26 26 26 27 28 
27 27 27 28 29 
28 28 28 29 30 
29 29 29 30 31 
30 30 30 31 32 
31 31 31 32 33 
32 32 32 33 34 
33 33 33 34 35 
34 34 34 35 36 
35 35 35 36 37 
36 36 36 37 38 
37 37 37 38 39 
38 38 38 39 40 
39 39 39 40 41 
40 40 40 41 42 
41 41 41 42 43 
42 42 42 43 44 
43 43 43 44 45 
44 44 44 45 46 
45 45 45 46 47 
46 46 46 47 48 
47 47 47 48 49 
48 48 48 49 50 
49 49 49 50 51 
50 50 50 51 52 
51 51 51 52 53 
52 52 52 53 54 
53 53 53 54 55 
54 54 54 55 56 
55 55 55 56 57 
56 56 56 57 58 
57 57 57 58 59 
58 58 58 59 60 
59 59 59 60 61 
60 60 60 61 62 
61 61 61 62 63 
62 62 62 63 64 
63 63 63 64 65 
64 64 64 65 66 
65 65 65 66 67 
66 66 66 67 68 
67 67 67 68 69 
68 68 68 69 70 
69 69 69 70 71 
70 70 70 71 72 
71 71 71 72 73 
72 72 72 73 74 
73 73 73 74 75 
74 74 74 75 76 
75 75 75 76 77 
76 76 76 77 78 
77 77 77 78 79 
78 78 78 79 80 
79 79 79 80 81 
80 80 80 81 82 
81 81 81 82 83 
82 82 82 83 84 
83 83 83 84 85 
84 84 84 85 86 
85 85 85 86 87 
86 86 86 87 88 
87 87 87 88 89 
88 88 88 89 90 
89 89 89 90 91 
90 90 90 91 92 
91 91 91 92 93 
92 92 92 93 94 
93 93 93 94 95 
94 94 94 95 96 
95 95 95 96 97 
96 96 96 97 98 
97 97 97 98 99 
98 98 98 99 100 
99 99 99 100 101 
100 100 100 101 102 
101 101 101 102 103 
102 102 102 103 104 
103 103 103 104 105 
104 104 104 105 106 
105 105 105 106 107 
106 106 106 107 108 
107 107 107 108 109 
108 108 108 109 110 
109 109 109 110 111 
110 110 110 111 112 
111 111 111 112 113 
112 112 112 113 114 
113 113 113 114 115 
114 114 114 115 116 
115 115 115 116 117 
116 116 116 117 118 
117 117 117 118 119 
118 118 118 119 120 
119 119 119 120 121 
120 120 120 121 122 
121 121 121 122 123 
122 122 122 123 124 
123 123 123 124 125 
124 124 124 125 126 
125 125 125 126 127 
126 126 126 127 128 
127 127 127 128 129 
128 128 128 129 130 
129 129 129 130 131 
130 130 130 131 132 
131 131 131 132 133 
132 132 132 133 134 
133 133 133 134 135 
134 134 134 135 136 
135 135 135 136 137 
136 136 136 137 138 
137 137 137 138 139 
138 138 138 139 140 
139 139 139 140 141 
140 140 140 141 142 
141 141 141 142 143 
142 142 142 143 144 
143 143 143 144 145 
144 144 144 145 146 
145 145 145 146 147 
146 146 146 147 148 
147 147 147 148 149 
148 148 148 149 150 
149 149 149 150 151 
150 150 150 151 152 
151 151 151 152 153 
152 152 152 153 154 
153 153 153 154 155 
154 154 154 155 156 
155 155 155 156 157 
156 156 156 157 158 
157 157 157 158 159 
158 158 158 159 160 
159 159 159 160 161 
160 160 160 161 162 
161 161 161 162 163 
162 162 162 163 164 
163 163 163 164 165 
164 164 164 165 166 
165 165 165 166 167 
166 166 166 167 168 
