# Minimized Production Model for dispRatio of 0.10

42 atoms
41 bonds
40 angles
0 dihedrals
0 impropers


Coords

1 -1.51708 29.6857 -83.5037
2 13.5392 14.5356 -66.4114
3 28.6811 -0.33793 -49.153
4 43.9946 -14.6475 -31.5719
5 59.5454 -28.0882 -13.522
6 75.3711 -40.328 5.13178
7 91.4754 -51.009 24.49
8 107.825 -59.7487 44.6029
9 124.338 -66.1338 65.4538
10 140.877 -69.7466 86.9376
11 157.225 -70.167 108.861
12 173.083 -67.0062 130.919
13 188.067 -59.9544 152.684
14 201.72 -48.8298 173.606
15 213.539 -33.63 193.024
16 223.002 -14.5714 210.198
17 229.622 7.85638 224.37
18 232.991 32.8923 234.831
19 232.83 59.5255 241.012
20 229.052 86.5603 242.551
21 221.78 112.719 239.335
22 211.359 136.763 231.533
23 198.311 157.608 219.585
24 183.27 174.419 204.133
25 166.91 186.642 185.949
26 149.903 194.01 165.846
27 132.851 196.541 144.617
28 116.263 194.464 122.973
29 100.531 188.158 101.508
30 85.9255 178.093 80.6904
31 72.6009 164.777 60.861
32 60.6303 148.717 42.2352
33 50.0231 130.394 24.9174
34 40.7355 110.235 8.92998
35 32.6763 88.6177 -5.76622
36 25.7157 65.8624 -19.2569
37 19.6977 42.2418 -31.6716
38 14.4729 17.9757 -43.1672
39 9.89124 -6.76359 -53.906
40 5.79963 -31.8269 -64.0777
41 2.0509 -57.0905 -73.8787
42 -1.51708 -82.4484 -83.5037

Types

1 1
2 2
3 3
4 4
5 5
6 6
7 7
8 8
9 9
10 10
11 11
12 12
13 13
14 14
15 15
16 16
17 17
18 18
19 19
20 20
21 21
22 22
23 23
24 24
25 25
26 26
27 27
28 28
29 29
30 30
31 31
32 32
33 33
34 34
35 35
36 36
37 37
38 38
39 39
40 40
41 41
42 42

Molecules

1 1
2 1
3 1
4 1
5 1
6 1
7 1
8 1
9 1
10 1
11 1
12 1
13 1
14 1
15 1
16 1
17 1
18 1
19 1
20 1
21 1
22 1
23 1
24 1
25 1
26 1
27 1
28 1
29 1
30 1
31 1
32 1
33 1
34 1
35 1
36 1
37 1
38 1
39 1
40 1
41 1
42 1

Bonds

1 1 1 2 
2 2 2 3 
3 3 3 4 
4 4 4 5 
5 5 5 6 
6 6 6 7 
7 7 7 8 
8 8 8 9 
9 9 9 10 
10 10 10 11 
11 11 11 12 
12 12 12 13 
13 13 13 14 
14 14 14 15 
15 15 15 16 
16 16 16 17 
17 17 17 18 
18 18 18 19 
19 19 19 20 
20 20 20 21 
21 21 21 22 
22 22 22 23 
23 23 23 24 
24 24 24 25 
25 25 25 26 
26 26 26 27 
27 27 27 28 
28 28 28 29 
29 29 29 30 
30 30 30 31 
31 31 31 32 
32 32 32 33 
33 33 33 34 
34 34 34 35 
35 35 35 36 
36 36 36 37 
37 37 37 38 
38 38 38 39 
39 39 39 40 
40 40 40 41 
41 41 41 42 

Angles

1 1 1 2 3 
2 2 2 3 4 
3 3 3 4 5 
4 4 4 5 6 
5 5 5 6 7 
6 6 6 7 8 
7 7 7 8 9 
8 8 8 9 10 
9 9 9 10 11 
10 10 10 11 12 
11 11 11 12 13 
12 12 12 13 14 
13 13 13 14 15 
14 14 14 15 16 
15 15 15 16 17 
16 16 16 17 18 
17 17 17 18 19 
18 18 18 19 20 
19 19 19 20 21 
20 20 20 21 22 
21 21 21 22 23 
22 22 22 23 24 
23 23 23 24 25 
24 24 24 25 26 
25 25 25 26 27 
26 26 26 27 28 
27 27 27 28 29 
28 28 28 29 30 
29 29 29 30 31 
30 30 30 31 32 
31 31 31 32 33 
32 32 32 33 34 
33 33 33 34 35 
34 34 34 35 36 
35 35 35 36 37 
36 36 36 37 38 
37 37 37 38 39 
38 38 38 39 40 
39 39 39 40 41 
40 40 40 41 42 
