# Minimized Production Model for dispRatio of 0.01

168 atoms
167 bonds
166 angles
0 dihedrals
0 impropers


Coords

1 128.96 -191.204 9.69175
2 122.388 -189.847 9.42462
3 115.818 -188.484 9.15784
4 109.249 -187.11 8.89061
5 102.685 -185.718 8.62348
6 96.1258 -184.302 8.35624
7 89.5731 -182.857 8.08853
8 83.0283 -181.376 7.82075
9 76.4932 -179.853 7.55259
10 69.9696 -178.281 7.28414
11 63.4592 -176.656 7.01536
12 56.9644 -174.97 6.74615
13 50.487 -173.217 6.47668
14 44.0295 -171.393 6.20682
15 37.5944 -169.492 5.93643
16 31.1841 -167.507 5.66556
17 24.8014 -165.436 5.39419
18 18.449 -163.273 5.12231
19 12.1298 -161.014 4.84988
20 5.8463 -158.657 4.57685
21 -0.39834 -156.197 4.30357
22 -6.60094 -153.633 4.02956
23 -12.7592 -150.963 3.75478
24 -18.8698 -148.185 3.47969
25 -24.93 -145.298 3.20373
26 -30.9368 -142.3 2.927
27 -36.8869 -139.19 2.64958
28 -42.7784 -135.97 2.37152
29 -48.6072 -132.638 2.09278
30 -54.3709 -129.193 1.81323
31 -60.0663 -125.637 1.53311
32 -65.6902 -121.968 1.25196
33 -71.2388 -118.186 0.970096
34 -76.709 -114.292 0.687498
35 -82.097 -110.284 0.404021
36 -87.3985 -106.162 0.120031
37 -92.6091 -101.926 -0.164674
38 -97.7242 -97.5746 -0.449837
39 -102.739 -93.1078 -0.735279
40 -107.646 -88.5242 -1.02111
41 -112.441 -83.8232 -1.30716
42 -117.117 -79.0042 -1.59303
43 -121.667 -74.0662 -1.87872
44 -126.083 -69.009 -2.16407
45 -130.358 -63.8322 -2.44844
46 -134.483 -58.5362 -2.73149
47 -138.45 -53.1211 -3.0131
48 -142.251 -47.5879 -3.29294
49 -145.876 -41.9386 -3.5705
50 -149.315 -36.1746 -3.84542
51 -152.561 -30.2992 -4.11765
52 -155.602 -24.3163 -4.3862
53 -158.431 -18.2296 -4.65071
54 -161.038 -12.0452 -4.91073
55 -163.414 -5.76851 -5.16563
56 -165.552 0.593264 -5.41515
57 -167.442 7.03212 -5.65836
58 -169.078 13.5408 -5.89511
59 -170.453 20.109 -6.12508
60 -171.56 26.7274 -6.34764
61 -172.393 33.3863 -6.5622
62 -172.948 40.0735 -6.76817
63 -173.22 46.7788 -6.96529
64 -173.205 53.4898 -7.15308
65 -172.9 60.1936 -7.33072
66 -172.303 66.8786 -7.49822
67 -171.41 73.5303 -7.65531
68 -170.22 80.1356 -7.80115
69 -168.734 86.681 -7.93549
70 -166.95 93.151 -8.0582
71 -164.87 99.532 -8.16853
72 -162.493 105.809 -8.26601
73 -159.824 111.966 -8.35033
74 -156.864 117.989 -8.42113
75 -153.616 123.862 -8.47835
76 -150.087 129.57 -8.52155
77 -146.282 135.098 -8.55064
78 -142.208 140.431 -8.56531
79 -137.873 145.554 -8.56555
80 -133.287 150.453 -8.55106
81 -128.459 155.115 -8.52177
82 -123.402 159.526 -8.47809
83 -118.128 163.676 -8.41961
84 -112.651 167.553 -8.34673
85 -106.985 171.147 -8.26024
86 -101.144 174.449 -8.15982
87 -95.1446 177.453 -8.046
88 -89.0014 180.15 -7.91917
89 -82.7307 182.535 -7.77959
90 -76.3489 184.604 -7.6276
91 -69.8718 186.352 -7.46358
92 -63.3159 187.776 -7.2883
93 -56.6978 188.874 -7.10191
94 -50.0339 189.645 -6.90535
95 -43.3403 190.089 -6.69898
96 -36.6332 190.206 -6.48325
97 -29.9287 189.999 -6.25868
98 -23.2421 189.47 -6.02582
99 -16.5885 188.624 -5.78546
100 -9.98231 187.466 -5.53772
101 -3.43741 186.002 -5.2837
102 3.03342 184.238 -5.02415
103 9.41767 182.183 -4.75927
104 15.7039 179.845 -4.49021
105 21.8817 177.233 -4.21725
106 27.9407 174.356 -3.94073
107 33.8718 171.223 -3.66142
108 39.6664 167.844 -3.37984
109 45.3172 164.229 -3.09635
110 50.8167 160.388 -2.81163
111 56.1587 156.331 -2.52613
112 61.338 152.067 -2.24038
113 66.3497 147.608 -1.95474
114 71.1897 142.963 -1.66924
115 75.8543 138.142 -1.38455
116 80.3417 133.155 -1.1007
117 84.6496 128.011 -0.818099
118 88.7765 122.721 -0.537162
119 92.7224 117.294 -0.25796
120 96.4873 111.739 0.0189012
121 100.071 106.065 0.293544
122 103.475 100.281 0.565469
123 106.701 94.3959 0.83481
124 109.75 88.4165 1.10167
125 112.624 82.351 1.36519
126 115.326 76.2067 1.62585
127 117.859 69.9905 1.88317
128 120.226 63.7089 2.13708
129 122.43 57.3682 2.38751
130 124.475 50.9742 2.63419
131 126.366 44.5325 2.87751
132 128.108 38.0482 3.11731
133 129.703 31.526 3.35331
134 131.157 24.9705 3.58577
135 132.476 18.3859 3.81471
136 133.663 11.776 4.03952
137 134.724 5.14432 4.26061
138 135.664 -1.5059 4.47783
139 136.486 -8.17161 4.69127
140 137.197 -14.8505 4.90129
141 137.8 -21.5399 5.10748
142 138.301 -28.2381 5.31037
143 138.705 -34.9429 5.50966
144 139.015 -41.653 5.70541
145 139.236 -48.3668 5.89791
146 139.374 -55.0831 6.08683
147 139.433 -61.801 6.27261
148 139.415 -68.5191 6.45539
149 139.326 -75.2369 6.63526
150 139.17 -81.9536 6.81247
151 138.95 -88.6685 6.98713
152 138.67 -95.3813 7.15914
153 138.334 -102.091 7.32883
154 137.946 -108.799 7.49611
155 137.509 -115.503 7.66116
156 137.027 -122.204 7.82444
157 136.503 -128.902 7.98592
158 135.939 -135.597 8.14596
159 135.342 -142.289 8.30465
160 134.712 -148.978 8.46206
161 134.055 -155.664 8.61837
162 133.373 -162.348 8.77355
163 132.67 -169.03 8.92776
164 131.95 -175.71 9.08123
165 131.215 -182.388 9.23423
166 130.47 -189.065 9.38681
167 129.717 -195.742 9.53933
168 128.96 -202.417 9.69175

Types

1 1
2 2
3 3
4 4
5 5
6 6
7 7
8 8
9 9
10 10
11 11
12 12
13 13
14 14
15 15
16 16
17 17
18 18
19 19
20 20
21 21
22 22
23 23
24 24
25 25
26 26
27 27
28 28
29 29
30 30
31 31
32 32
33 33
34 34
35 35
36 36
37 37
38 38
39 39
40 40
41 41
42 42
43 43
44 44
45 45
46 46
47 47
48 48
49 49
50 50
51 51
52 52
53 53
54 54
55 55
56 56
57 57
58 58
59 59
60 60
61 61
62 62
63 63
64 64
65 65
66 66
67 67
68 68
69 69
70 70
71 71
72 72
73 73
74 74
75 75
76 76
77 77
78 78
79 79
80 80
81 81
82 82
83 83
84 84
85 85
86 86
87 87
88 88
89 89
90 90
91 91
92 92
93 93
94 94
95 95
96 96
97 97
98 98
99 99
100 100
101 101
102 102
103 103
104 104
105 105
106 106
107 107
108 108
109 109
110 110
111 111
112 112
113 113
114 114
115 115
116 116
117 117
118 118
119 119
120 120
121 121
122 122
123 123
124 124
125 125
126 126
127 127
128 128
129 129
130 130
131 131
132 132
133 133
134 134
135 135
136 136
137 137
138 138
139 139
140 140
141 141
142 142
143 143
144 144
145 145
146 146
147 147
148 148
149 149
150 150
151 151
152 152
153 153
154 154
155 155
156 156
157 157
158 158
159 159
160 160
161 161
162 162
163 163
164 164
165 165
166 166
167 167
168 168

Molecules

1 1
2 1
3 1
4 1
5 1
6 1
7 1
8 1
9 1
10 1
11 1
12 1
13 1
14 1
15 1
16 1
17 1
18 1
19 1
20 1
21 1
22 1
23 1
24 1
25 1
26 1
27 1
28 1
29 1
30 1
31 1
32 1
33 1
34 1
35 1
36 1
37 1
38 1
39 1
40 1
41 1
42 1
43 1
44 1
45 1
46 1
47 1
48 1
49 1
50 1
51 1
52 1
53 1
54 1
55 1
56 1
57 1
58 1
59 1
60 1
61 1
62 1
63 1
64 1
65 1
66 1
67 1
68 1
69 1
70 1
71 1
72 1
73 1
74 1
75 1
76 1
77 1
78 1
79 1
80 1
81 1
82 1
83 1
84 1
85 1
86 1
87 1
88 1
89 1
90 1
91 1
92 1
93 1
94 1
95 1
96 1
97 1
98 1
99 1
100 1
101 1
102 1
103 1
104 1
105 1
106 1
107 1
108 1
109 1
110 1
111 1
112 1
113 1
114 1
115 1
116 1
117 1
118 1
119 1
120 1
121 1
122 1
123 1
124 1
125 1
126 1
127 1
128 1
129 1
130 1
131 1
132 1
133 1
134 1
135 1
136 1
137 1
138 1
139 1
140 1
141 1
142 1
143 1
144 1
145 1
146 1
147 1
148 1
149 1
150 1
151 1
152 1
153 1
154 1
155 1
156 1
157 1
158 1
159 1
160 1
161 1
162 1
163 1
164 1
165 1
166 1
167 1
168 1

Bonds

1 1 1 2 
2 2 2 3 
3 3 3 4 
4 4 4 5 
5 5 5 6 
6 6 6 7 
7 7 7 8 
8 8 8 9 
9 9 9 10 
10 10 10 11 
11 11 11 12 
12 12 12 13 
13 13 13 14 
14 14 14 15 
15 15 15 16 
16 16 16 17 
17 17 17 18 
18 18 18 19 
19 19 19 20 
20 20 20 21 
21 21 21 22 
22 22 22 23 
23 23 23 24 
24 24 24 25 
25 25 25 26 
26 26 26 27 
27 27 27 28 
28 28 28 29 
29 29 29 30 
30 30 30 31 
31 31 31 32 
32 32 32 33 
33 33 33 34 
34 34 34 35 
35 35 35 36 
36 36 36 37 
37 37 37 38 
38 38 38 39 
39 39 39 40 
40 40 40 41 
41 41 41 42 
42 42 42 43 
43 43 43 44 
44 44 44 45 
45 45 45 46 
46 46 46 47 
47 47 47 48 
48 48 48 49 
49 49 49 50 
50 50 50 51 
51 51 51 52 
52 52 52 53 
53 53 53 54 
54 54 54 55 
55 55 55 56 
56 56 56 57 
57 57 57 58 
58 58 58 59 
59 59 59 60 
60 60 60 61 
61 61 61 62 
62 62 62 63 
63 63 63 64 
64 64 64 65 
65 65 65 66 
66 66 66 67 
67 67 67 68 
68 68 68 69 
69 69 69 70 
70 70 70 71 
71 71 71 72 
72 72 72 73 
73 73 73 74 
74 74 74 75 
75 75 75 76 
76 76 76 77 
77 77 77 78 
78 78 78 79 
79 79 79 80 
80 80 80 81 
81 81 81 82 
82 82 82 83 
83 83 83 84 
84 84 84 85 
85 85 85 86 
86 86 86 87 
87 87 87 88 
88 88 88 89 
89 89 89 90 
90 90 90 91 
91 91 91 92 
92 92 92 93 
93 93 93 94 
94 94 94 95 
95 95 95 96 
96 96 96 97 
97 97 97 98 
98 98 98 99 
99 99 99 100 
100 100 100 101 
101 101 101 102 
102 102 102 103 
103 103 103 104 
104 104 104 105 
105 105 105 106 
106 106 106 107 
107 107 107 108 
108 108 108 109 
109 109 109 110 
110 110 110 111 
111 111 111 112 
112 112 112 113 
113 113 113 114 
114 114 114 115 
115 115 115 116 
116 116 116 117 
117 117 117 118 
118 118 118 119 
119 119 119 120 
120 120 120 121 
121 121 121 122 
122 122 122 123 
123 123 123 124 
124 124 124 125 
125 125 125 126 
126 126 126 127 
127 127 127 128 
128 128 128 129 
129 129 129 130 
130 130 130 131 
131 131 131 132 
132 132 132 133 
133 133 133 134 
134 134 134 135 
135 135 135 136 
136 136 136 137 
137 137 137 138 
138 138 138 139 
139 139 139 140 
140 140 140 141 
141 141 141 142 
142 142 142 143 
143 143 143 144 
144 144 144 145 
145 145 145 146 
146 146 146 147 
147 147 147 148 
148 148 148 149 
149 149 149 150 
150 150 150 151 
151 151 151 152 
152 152 152 153 
153 153 153 154 
154 154 154 155 
155 155 155 156 
156 156 156 157 
157 157 157 158 
158 158 158 159 
159 159 159 160 
160 160 160 161 
161 161 161 162 
162 162 162 163 
163 163 163 164 
164 164 164 165 
165 165 165 166 
166 166 166 167 
167 167 167 168 

Angles

1 1 1 2 3 
2 2 2 3 4 
3 3 3 4 5 
4 4 4 5 6 
5 5 5 6 7 
6 6 6 7 8 
7 7 7 8 9 
8 8 8 9 10 
9 9 9 10 11 
10 10 10 11 12 
11 11 11 12 13 
12 12 12 13 14 
13 13 13 14 15 
14 14 14 15 16 
15 15 15 16 17 
16 16 16 17 18 
17 17 17 18 19 
18 18 18 19 20 
19 19 19 20 21 
20 20 20 21 22 
21 21 21 22 23 
22 22 22 23 24 
23 23 23 24 25 
24 24 24 25 26 
25 25 25 26 27 
26 26 26 27 28 
27 27 27 28 29 
28 28 28 29 30 
29 29 29 30 31 
30 30 30 31 32 
31 31 31 32 33 
32 32 32 33 34 
33 33 33 34 35 
34 34 34 35 36 
35 35 35 36 37 
36 36 36 37 38 
37 37 37 38 39 
38 38 38 39 40 
39 39 39 40 41 
40 40 40 41 42 
41 41 41 42 43 
42 42 42 43 44 
43 43 43 44 45 
44 44 44 45 46 
45 45 45 46 47 
46 46 46 47 48 
47 47 47 48 49 
48 48 48 49 50 
49 49 49 50 51 
50 50 50 51 52 
51 51 51 52 53 
52 52 52 53 54 
53 53 53 54 55 
54 54 54 55 56 
55 55 55 56 57 
56 56 56 57 58 
57 57 57 58 59 
58 58 58 59 60 
59 59 59 60 61 
60 60 60 61 62 
61 61 61 62 63 
62 62 62 63 64 
63 63 63 64 65 
64 64 64 65 66 
65 65 65 66 67 
66 66 66 67 68 
67 67 67 68 69 
68 68 68 69 70 
69 69 69 70 71 
70 70 70 71 72 
71 71 71 72 73 
72 72 72 73 74 
73 73 73 74 75 
74 74 74 75 76 
75 75 75 76 77 
76 76 76 77 78 
77 77 77 78 79 
78 78 78 79 80 
79 79 79 80 81 
80 80 80 81 82 
81 81 81 82 83 
82 82 82 83 84 
83 83 83 84 85 
84 84 84 85 86 
85 85 85 86 87 
86 86 86 87 88 
87 87 87 88 89 
88 88 88 89 90 
89 89 89 90 91 
90 90 90 91 92 
91 91 91 92 93 
92 92 92 93 94 
93 93 93 94 95 
94 94 94 95 96 
95 95 95 96 97 
96 96 96 97 98 
97 97 97 98 99 
98 98 98 99 100 
99 99 99 100 101 
100 100 100 101 102 
101 101 101 102 103 
102 102 102 103 104 
103 103 103 104 105 
104 104 104 105 106 
105 105 105 106 107 
106 106 106 107 108 
107 107 107 108 109 
108 108 108 109 110 
109 109 109 110 111 
110 110 110 111 112 
111 111 111 112 113 
112 112 112 113 114 
113 113 113 114 115 
114 114 114 115 116 
115 115 115 116 117 
116 116 116 117 118 
117 117 117 118 119 
118 118 118 119 120 
119 119 119 120 121 
120 120 120 121 122 
121 121 121 122 123 
122 122 122 123 124 
123 123 123 124 125 
124 124 124 125 126 
125 125 125 126 127 
126 126 126 127 128 
127 127 127 128 129 
128 128 128 129 130 
129 129 129 130 131 
130 130 130 131 132 
131 131 131 132 133 
132 132 132 133 134 
133 133 133 134 135 
134 134 134 135 136 
135 135 135 136 137 
136 136 136 137 138 
137 137 137 138 139 
138 138 138 139 140 
139 139 139 140 141 
140 140 140 141 142 
141 141 141 142 143 
142 142 142 143 144 
143 143 143 144 145 
144 144 144 145 146 
145 145 145 146 147 
146 146 146 147 148 
147 147 147 148 149 
148 148 148 149 150 
149 149 149 150 151 
150 150 150 151 152 
151 151 151 152 153 
152 152 152 153 154 
153 153 153 154 155 
154 154 154 155 156 
155 155 155 156 157 
156 156 156 157 158 
157 157 157 158 159 
158 158 158 159 160 
159 159 159 160 161 
160 160 160 161 162 
161 161 161 162 163 
162 162 162 163 164 
163 163 163 164 165 
164 164 164 165 166 
165 165 165 166 167 
166 166 166 167 168 
