# Minimized Production Model for dispRatio of 0.60

84 atoms
83 bonds
82 angles
0 dihedrals
0 impropers


Coords

1 -0.0130603 -61.4325 -11.8584
2 0.0211235 -56.3522 -24.3727
3 0.0579706 -51.3323 -36.9113
4 0.0982686 -46.4336 -49.4977
5 0.143024 -41.7178 -62.1533
6 0.191454 -37.2463 -74.8972
7 0.241846 -33.081 -87.7438
8 0.291883 -29.2831 -100.704
9 0.341014 -25.9147 -113.782
10 0.389603 -23.0388 -126.976
11 0.438561 -20.7173 -140.28
12 0.488882 -19.0119 -153.675
13 0.540887 -17.9806 -167.138
14 0.593279 -17.6791 -180.637
15 0.644531 -18.1581 -194.129
16 0.693576 -19.4641 -207.567
17 0.740114 -21.636 -220.891
18 0.78342 -24.7019 -234.037
19 0.82267 -28.6797 -246.937
20 0.857376 -33.5768 -259.516
21 0.887933 -39.3899 -271.7
22 0.917085 -46.1041 -283.411
23 0.947266 -53.6942 -294.574
24 0.979918 -62.1239 -305.117
25 1.01534 -71.3461 -314.975
26 1.05253 -81.3047 -324.088
27 1.08973 -91.9371 -332.406
28 1.12468 -103.175 -339.885
29 1.15642 -114.947 -346.494
30 1.18305 -127.179 -352.208
31 1.20346 -139.797 -357.012
32 1.21789 -152.726 -360.904
33 1.22724 -165.894 -363.888
34 1.23182 -179.234 -365.981
35 1.2316 -192.683 -367.202
36 1.22764 -206.182 -367.581
37 1.22072 -219.68 -367.15
38 1.21144 -233.132 -365.949
39 1.19974 -246.499 -364.018
40 1.18614 -259.75 -361.405
41 1.17049 -272.859 -358.153
42 1.15211 -285.808 -354.308
43 1.13144 -298.582 -349.914
44 1.10971 -311.171 -345.015
45 1.08805 -323.569 -339.65
46 1.06669 -335.773 -333.858
47 1.04808 -347.787 -327.678
48 1.03155 -359.613 -321.146
49 1.01678 -371.257 -314.296
50 1.00088 -382.728 -307.158
51 0.982187 -394.035 -299.761
52 0.958702 -405.187 -292.133
53 0.93019 -416.194 -284.297
54 0.897759 -427.068 -276.277
55 0.862732 -437.82 -268.095
56 0.826966 -448.463 -259.772
57 0.791498 -459.008 -251.324
58 0.758185 -469.467 -242.77
59 0.726918 -479.849 -234.123
60 0.696914 -490.165 -225.396
61 0.667033 -500.424 -216.603
62 0.6359 -510.636 -207.755
63 0.603958 -520.809 -198.862
64 0.572668 -530.95 -189.932
65 0.543824 -541.068 -180.975
66 0.518368 -551.168 -171.999
67 0.495623 -561.259 -163.012
68 0.476672 -571.347 -154.021
69 0.45653 -581.441 -145.038
70 0.43487 -591.544 -136.064
71 0.410961 -601.659 -127.103
72 0.382887 -611.786 -118.157
73 0.351336 -621.928 -109.227
74 0.315837 -632.086 -100.315
75 0.277772 -642.26 -91.4214
76 0.235613 -652.447 -82.5435
77 0.192258 -662.647 -73.6794
78 0.148278 -672.856 -64.827
79 0.105825 -683.073 -55.9836
80 0.0669453 -693.297 -47.1481
81 0.0344604 -703.527 -38.3195
82 0.0098781 -713.76 -29.4957
83 -0.00430259 -723.998 -20.6761
84 -0.0130603 -734.237 -11.8584

Types

1 1
2 2
3 3
4 4
5 5
6 6
7 7
8 8
9 9
10 10
11 11
12 12
13 13
14 14
15 15
16 16
17 17
18 18
19 19
20 20
21 21
22 22
23 23
24 24
25 25
26 26
27 27
28 28
29 29
30 30
31 31
32 32
33 33
34 34
35 35
36 36
37 37
38 38
39 39
40 40
41 41
42 42
43 43
44 44
45 45
46 46
47 47
48 48
49 49
50 50
51 51
52 52
53 53
54 54
55 55
56 56
57 57
58 58
59 59
60 60
61 61
62 62
63 63
64 64
65 65
66 66
67 67
68 68
69 69
70 70
71 71
72 72
73 73
74 74
75 75
76 76
77 77
78 78
79 79
80 80
81 81
82 82
83 83
84 84

Molecules

1 1
2 1
3 1
4 1
5 1
6 1
7 1
8 1
9 1
10 1
11 1
12 1
13 1
14 1
15 1
16 1
17 1
18 1
19 1
20 1
21 1
22 1
23 1
24 1
25 1
26 1
27 1
28 1
29 1
30 1
31 1
32 1
33 1
34 1
35 1
36 1
37 1
38 1
39 1
40 1
41 1
42 1
43 1
44 1
45 1
46 1
47 1
48 1
49 1
50 1
51 1
52 1
53 1
54 1
55 1
56 1
57 1
58 1
59 1
60 1
61 1
62 1
63 1
64 1
65 1
66 1
67 1
68 1
69 1
70 1
71 1
72 1
73 1
74 1
75 1
76 1
77 1
78 1
79 1
80 1
81 1
82 1
83 1
84 1

Bonds

1 1 1 2 
2 2 2 3 
3 3 3 4 
4 4 4 5 
5 5 5 6 
6 6 6 7 
7 7 7 8 
8 8 8 9 
9 9 9 10 
10 10 10 11 
11 11 11 12 
12 12 12 13 
13 13 13 14 
14 14 14 15 
15 15 15 16 
16 16 16 17 
17 17 17 18 
18 18 18 19 
19 19 19 20 
20 20 20 21 
21 21 21 22 
22 22 22 23 
23 23 23 24 
24 24 24 25 
25 25 25 26 
26 26 26 27 
27 27 27 28 
28 28 28 29 
29 29 29 30 
30 30 30 31 
31 31 31 32 
32 32 32 33 
33 33 33 34 
34 34 34 35 
35 35 35 36 
36 36 36 37 
37 37 37 38 
38 38 38 39 
39 39 39 40 
40 40 40 41 
41 41 41 42 
42 42 42 43 
43 43 43 44 
44 44 44 45 
45 45 45 46 
46 46 46 47 
47 47 47 48 
48 48 48 49 
49 49 49 50 
50 50 50 51 
51 51 51 52 
52 52 52 53 
53 53 53 54 
54 54 54 55 
55 55 55 56 
56 56 56 57 
57 57 57 58 
58 58 58 59 
59 59 59 60 
60 60 60 61 
61 61 61 62 
62 62 62 63 
63 63 63 64 
64 64 64 65 
65 65 65 66 
66 66 66 67 
67 67 67 68 
68 68 68 69 
69 69 69 70 
70 70 70 71 
71 71 71 72 
72 72 72 73 
73 73 73 74 
74 74 74 75 
75 75 75 76 
76 76 76 77 
77 77 77 78 
78 78 78 79 
79 79 79 80 
80 80 80 81 
81 81 81 82 
82 82 82 83 
83 83 83 84 

Angles

1 1 1 2 3 
2 2 2 3 4 
3 3 3 4 5 
4 4 4 5 6 
5 5 5 6 7 
6 6 6 7 8 
7 7 7 8 9 
8 8 8 9 10 
9 9 9 10 11 
10 10 10 11 12 
11 11 11 12 13 
12 12 12 13 14 
13 13 13 14 15 
14 14 14 15 16 
15 15 15 16 17 
16 16 16 17 18 
17 17 17 18 19 
18 18 18 19 20 
19 19 19 20 21 
20 20 20 21 22 
21 21 21 22 23 
22 22 22 23 24 
23 23 23 24 25 
24 24 24 25 26 
25 25 25 26 27 
26 26 26 27 28 
27 27 27 28 29 
28 28 28 29 30 
29 29 29 30 31 
30 30 30 31 32 
31 31 31 32 33 
32 32 32 33 34 
33 33 33 34 35 
34 34 34 35 36 
35 35 35 36 37 
36 36 36 37 38 
37 37 37 38 39 
38 38 38 39 40 
39 39 39 40 41 
40 40 40 41 42 
41 41 41 42 43 
42 42 42 43 44 
43 43 43 44 45 
44 44 44 45 46 
45 45 45 46 47 
46 46 46 47 48 
47 47 47 48 49 
48 48 48 49 50 
49 49 49 50 51 
50 50 50 51 52 
51 51 51 52 53 
52 52 52 53 54 
53 53 53 54 55 
54 54 54 55 56 
55 55 55 56 57 
56 56 56 57 58 
57 57 57 58 59 
58 58 58 59 60 
59 59 59 60 61 
60 60 60 61 62 
61 61 61 62 63 
62 62 62 63 64 
63 63 63 64 65 
64 64 64 65 66 
65 65 65 66 67 
66 66 66 67 68 
67 67 67 68 69 
68 68 68 69 70 
69 69 69 70 71 
70 70 70 71 72 
71 71 71 72 73 
72 72 72 73 74 
73 73 73 74 75 
74 74 74 75 76 
75 75 75 76 77 
76 76 76 77 78 
77 77 77 78 79 
78 78 78 79 80 
79 79 79 80 81 
80 80 80 81 82 
81 81 81 82 83 
82 82 82 83 84 
