# Minimized Production Model for dispRatio of 0.17

168 atoms
167 bonds
166 angles
0 dihedrals
0 impropers


Coords

1 128.96 -101.496 9.69175
2 122.735 -104 9.44463
3 116.505 -106.491 9.1971
4 110.265 -108.957 8.94851
5 104.01 -111.385 8.69822
6 97.7372 -113.765 8.44626
7 91.4413 -116.083 8.19282
8 85.1187 -118.326 7.93751
9 78.7656 -120.482 7.67992
10 72.3796 -122.536 7.41963
11 65.9585 -124.476 7.15638
12 59.4999 -126.287 6.88951
13 53.0038 -127.958 6.61863
14 46.471 -129.476 6.34427
15 39.9024 -130.83 6.06679
16 33.3006 -132.009 5.78569
17 26.6688 -133.004 5.50092
18 20.011 -133.803 5.21263
19 13.3318 -134.399 4.92057
20 6.63779 -134.78 4.62462
21 -0.0648515 -134.941 4.32502
22 -6.76896 -134.872 4.02215
23 -13.4662 -134.567 3.71634
24 -20.1475 -134.017 3.40802
25 -26.8036 -133.219 3.09733
26 -33.4241 -132.168 2.78478
27 -39.9984 -130.86 2.47076
28 -46.5156 -129.291 2.15546
29 -52.9641 -127.461 1.83927
30 -59.3331 -125.371 1.52263
31 -65.6117 -123.023 1.2061
32 -71.7889 -120.419 0.890262
33 -77.8544 -117.564 0.575143
34 -83.798 -114.462 0.261178
35 -89.6101 -111.12 -0.050827
36 -95.2814 -107.543 -0.360752
37 -100.803 -103.739 -0.668531
38 -106.166 -99.7143 -0.97372
39 -111.362 -95.4761 -1.27574
40 -116.385 -91.0325 -1.57427
41 -121.226 -86.3914 -1.86913
42 -125.879 -81.561 -2.15989
43 -130.337 -76.5492 -2.44603
44 -134.592 -71.3642 -2.72786
45 -138.639 -66.0148 -3.005
46 -142.472 -60.5096 -3.27676
47 -146.086 -54.8571 -3.54326
48 -149.474 -49.0668 -3.80435
49 -152.634 -43.1484 -4.0597
50 -155.562 -37.1112 -4.30929
51 -158.254 -30.9649 -4.55279
52 -160.707 -24.7187 -4.7901
53 -162.918 -18.3823 -5.02143
54 -164.881 -11.9648 -5.24642
55 -166.591 -5.47546 -5.46475
56 -168.044 1.07676 -5.67656
57 -169.231 7.68193 -5.88126
58 -170.148 14.3303 -6.07822
59 -170.786 21.0108 -6.26697
60 -171.14 27.7123 -6.44714
61 -171.202 34.4228 -6.6183
62 -170.967 41.1294 -6.78023
63 -170.428 47.8183 -6.93257
64 -169.58 54.4748 -7.07457
65 -168.419 61.0837 -7.2058
66 -166.942 67.6289 -7.32591
67 -165.147 74.094 -7.4343
68 -163.032 80.4615 -7.53026
69 -160.597 86.7134 -7.61356
70 -157.844 92.831 -7.68399
71 -154.773 98.7954 -7.74111
72 -151.388 104.586 -7.78419
73 -147.692 110.183 -7.81289
74 -143.69 115.566 -7.82723
75 -139.39 120.711 -7.82687
76 -134.799 125.599 -7.81104
77 -129.931 130.21 -7.77946
78 -124.797 134.521 -7.73212
79 -119.413 138.514 -7.66847
80 -113.795 142.169 -7.58846
81 -107.963 145.472 -7.49276
82 -101.938 148.406 -7.3818
83 -95.7425 150.96 -7.25572
84 -89.4009 153.124 -7.11505
85 -82.9382 154.892 -6.96036
86 -76.379 156.258 -6.79223
87 -69.7484 157.222 -6.61111
88 -63.0721 157.782 -6.41746
89 -56.3745 157.94 -6.21232
90 -49.6796 157.699 -5.99744
91 -43.0106 157.067 -5.77385
92 -36.3889 156.051 -5.54166
93 -29.8352 154.66 -5.30154
94 -23.3702 152.904 -5.05478
95 -17.0114 150.797 -4.80167
96 -10.775 148.35 -4.54273
97 -4.67586 145.577 -4.27945
98 1.27294 142.494 -4.0132
99 7.06034 139.117 -3.7447
100 12.6774 135.464 -3.47477
101 18.1171 131.55 -3.20428
102 23.3747 127.393 -2.9338
103 28.4453 123.01 -2.6632
104 33.3269 118.416 -2.39265
105 38.0186 113.628 -2.12353
106 42.521 108.66 -1.85641
107 46.8349 103.527 -1.59143
108 50.9629 98.242 -1.32917
109 54.9078 92.8181 -1.0699
110 58.6736 87.2679 -0.813602
111 62.2652 81.6027 -0.560266
112 65.687 75.8325 -0.309761
113 68.9438 69.9669 -0.0625424
114 72.0412 64.0153 0.18096
115 74.9849 57.9851 0.420884
116 77.7797 51.884 0.657122
117 80.4314 45.7188 0.889268
118 82.9458 39.4954 1.11773
119 85.3289 33.2199 1.34276
120 87.5862 26.8979 1.56465
121 89.7237 20.5336 1.78331
122 91.7481 14.1317 1.99819
123 93.6651 7.69644 2.20925
124 95.4799 1.23103 2.41722
125 97.1986 -5.26115 2.62185
126 98.8272 -11.7768 2.82309
127 100.371 -18.3136 3.02164
128 101.836 -24.8694 3.21745
129 103.227 -31.4415 3.41021
130 104.549 -38.0282 3.60032
131 105.807 -44.6279 3.78795
132 107.004 -51.2394 3.97306
133 108.144 -57.8614 4.15567
134 109.229 -64.4929 4.33593
135 110.264 -71.1329 4.514
136 111.249 -77.7805 4.69014
137 112.187 -84.4354 4.86442
138 113.081 -91.0968 5.0367
139 113.934 -97.7638 5.20691
140 114.748 -104.436 5.37575
141 115.525 -111.113 5.54371
142 116.269 -117.793 5.71025
143 116.982 -124.478 5.87487
144 117.667 -131.166 6.03793
145 118.326 -137.856 6.19952
146 118.961 -144.548 6.35946
147 119.574 -151.243 6.51799
148 120.164 -157.941 6.67538
149 120.733 -164.639 6.83218
150 121.283 -171.34 6.98856
151 121.812 -178.043 7.14422
152 122.324 -184.747 7.29866
153 122.818 -191.453 7.45224
154 123.296 -198.159 7.60508
155 123.761 -204.867 7.7572
156 124.212 -211.576 7.90834
157 124.65 -218.285 8.05891
158 125.076 -224.996 8.20937
159 125.494 -231.707 8.35962
160 125.903 -238.418 8.50934
161 126.303 -245.13 8.659
162 126.696 -251.843 8.80739
163 127.084 -258.556 8.95454
164 127.466 -265.269 9.10214
165 127.844 -271.983 9.25036
166 128.219 -278.697 9.39675
167 128.591 -285.411 9.54366
168 128.96 -292.124 9.69175

Types

1 1
2 2
3 3
4 4
5 5
6 6
7 7
8 8
9 9
10 10
11 11
12 12
13 13
14 14
15 15
16 16
17 17
18 18
19 19
20 20
21 21
22 22
23 23
24 24
25 25
26 26
27 27
28 28
29 29
30 30
31 31
32 32
33 33
34 34
35 35
36 36
37 37
38 38
39 39
40 40
41 41
42 42
43 43
44 44
45 45
46 46
47 47
48 48
49 49
50 50
51 51
52 52
53 53
54 54
55 55
56 56
57 57
58 58
59 59
60 60
61 61
62 62
63 63
64 64
65 65
66 66
67 67
68 68
69 69
70 70
71 71
72 72
73 73
74 74
75 75
76 76
77 77
78 78
79 79
80 80
81 81
82 82
83 83
84 84
85 85
86 86
87 87
88 88
89 89
90 90
91 91
92 92
93 93
94 94
95 95
96 96
97 97
98 98
99 99
100 100
101 101
102 102
103 103
104 104
105 105
106 106
107 107
108 108
109 109
110 110
111 111
112 112
113 113
114 114
115 115
116 116
117 117
118 118
119 119
120 120
121 121
122 122
123 123
124 124
125 125
126 126
127 127
128 128
129 129
130 130
131 131
132 132
133 133
134 134
135 135
136 136
137 137
138 138
139 139
140 140
141 141
142 142
143 143
144 144
145 145
146 146
147 147
148 148
149 149
150 150
151 151
152 152
153 153
154 154
155 155
156 156
157 157
158 158
159 159
160 160
161 161
162 162
163 163
164 164
165 165
166 166
167 167
168 168

Molecules

1 1
2 1
3 1
4 1
5 1
6 1
7 1
8 1
9 1
10 1
11 1
12 1
13 1
14 1
15 1
16 1
17 1
18 1
19 1
20 1
21 1
22 1
23 1
24 1
25 1
26 1
27 1
28 1
29 1
30 1
31 1
32 1
33 1
34 1
35 1
36 1
37 1
38 1
39 1
40 1
41 1
42 1
43 1
44 1
45 1
46 1
47 1
48 1
49 1
50 1
51 1
52 1
53 1
54 1
55 1
56 1
57 1
58 1
59 1
60 1
61 1
62 1
63 1
64 1
65 1
66 1
67 1
68 1
69 1
70 1
71 1
72 1
73 1
74 1
75 1
76 1
77 1
78 1
79 1
80 1
81 1
82 1
83 1
84 1
85 1
86 1
87 1
88 1
89 1
90 1
91 1
92 1
93 1
94 1
95 1
96 1
97 1
98 1
99 1
100 1
101 1
102 1
103 1
104 1
105 1
106 1
107 1
108 1
109 1
110 1
111 1
112 1
113 1
114 1
115 1
116 1
117 1
118 1
119 1
120 1
121 1
122 1
123 1
124 1
125 1
126 1
127 1
128 1
129 1
130 1
131 1
132 1
133 1
134 1
135 1
136 1
137 1
138 1
139 1
140 1
141 1
142 1
143 1
144 1
145 1
146 1
147 1
148 1
149 1
150 1
151 1
152 1
153 1
154 1
155 1
156 1
157 1
158 1
159 1
160 1
161 1
162 1
163 1
164 1
165 1
166 1
167 1
168 1

Bonds

1 1 1 2 
2 2 2 3 
3 3 3 4 
4 4 4 5 
5 5 5 6 
6 6 6 7 
7 7 7 8 
8 8 8 9 
9 9 9 10 
10 10 10 11 
11 11 11 12 
12 12 12 13 
13 13 13 14 
14 14 14 15 
15 15 15 16 
16 16 16 17 
17 17 17 18 
18 18 18 19 
19 19 19 20 
20 20 20 21 
21 21 21 22 
22 22 22 23 
23 23 23 24 
24 24 24 25 
25 25 25 26 
26 26 26 27 
27 27 27 28 
28 28 28 29 
29 29 29 30 
30 30 30 31 
31 31 31 32 
32 32 32 33 
33 33 33 34 
34 34 34 35 
35 35 35 36 
36 36 36 37 
37 37 37 38 
38 38 38 39 
39 39 39 40 
40 40 40 41 
41 41 41 42 
42 42 42 43 
43 43 43 44 
44 44 44 45 
45 45 45 46 
46 46 46 47 
47 47 47 48 
48 48 48 49 
49 49 49 50 
50 50 50 51 
51 51 51 52 
52 52 52 53 
53 53 53 54 
54 54 54 55 
55 55 55 56 
56 56 56 57 
57 57 57 58 
58 58 58 59 
59 59 59 60 
60 60 60 61 
61 61 61 62 
62 62 62 63 
63 63 63 64 
64 64 64 65 
65 65 65 66 
66 66 66 67 
67 67 67 68 
68 68 68 69 
69 69 69 70 
70 70 70 71 
71 71 71 72 
72 72 72 73 
73 73 73 74 
74 74 74 75 
75 75 75 76 
76 76 76 77 
77 77 77 78 
78 78 78 79 
79 79 79 80 
80 80 80 81 
81 81 81 82 
82 82 82 83 
83 83 83 84 
84 84 84 85 
85 85 85 86 
86 86 86 87 
87 87 87 88 
88 88 88 89 
89 89 89 90 
90 90 90 91 
91 91 91 92 
92 92 92 93 
93 93 93 94 
94 94 94 95 
95 95 95 96 
96 96 96 97 
97 97 97 98 
98 98 98 99 
99 99 99 100 
100 100 100 101 
101 101 101 102 
102 102 102 103 
103 103 103 104 
104 104 104 105 
105 105 105 106 
106 106 106 107 
107 107 107 108 
108 108 108 109 
109 109 109 110 
110 110 110 111 
111 111 111 112 
112 112 112 113 
113 113 113 114 
114 114 114 115 
115 115 115 116 
116 116 116 117 
117 117 117 118 
118 118 118 119 
119 119 119 120 
120 120 120 121 
121 121 121 122 
122 122 122 123 
123 123 123 124 
124 124 124 125 
125 125 125 126 
126 126 126 127 
127 127 127 128 
128 128 128 129 
129 129 129 130 
130 130 130 131 
131 131 131 132 
132 132 132 133 
133 133 133 134 
134 134 134 135 
135 135 135 136 
136 136 136 137 
137 137 137 138 
138 138 138 139 
139 139 139 140 
140 140 140 141 
141 141 141 142 
142 142 142 143 
143 143 143 144 
144 144 144 145 
145 145 145 146 
146 146 146 147 
147 147 147 148 
148 148 148 149 
149 149 149 150 
150 150 150 151 
151 151 151 152 
152 152 152 153 
153 153 153 154 
154 154 154 155 
155 155 155 156 
156 156 156 157 
157 157 157 158 
158 158 158 159 
159 159 159 160 
160 160 160 161 
161 161 161 162 
162 162 162 163 
163 163 163 164 
164 164 164 165 
165 165 165 166 
166 166 166 167 
167 167 167 168 

Angles

1 1 1 2 3 
2 2 2 3 4 
3 3 3 4 5 
4 4 4 5 6 
5 5 5 6 7 
6 6 6 7 8 
7 7 7 8 9 
8 8 8 9 10 
9 9 9 10 11 
10 10 10 11 12 
11 11 11 12 13 
12 12 12 13 14 
13 13 13 14 15 
14 14 14 15 16 
15 15 15 16 17 
16 16 16 17 18 
17 17 17 18 19 
18 18 18 19 20 
19 19 19 20 21 
20 20 20 21 22 
21 21 21 22 23 
22 22 22 23 24 
23 23 23 24 25 
24 24 24 25 26 
25 25 25 26 27 
26 26 26 27 28 
27 27 27 28 29 
28 28 28 29 30 
29 29 29 30 31 
30 30 30 31 32 
31 31 31 32 33 
32 32 32 33 34 
33 33 33 34 35 
34 34 34 35 36 
35 35 35 36 37 
36 36 36 37 38 
37 37 37 38 39 
38 38 38 39 40 
39 39 39 40 41 
40 40 40 41 42 
41 41 41 42 43 
42 42 42 43 44 
43 43 43 44 45 
44 44 44 45 46 
45 45 45 46 47 
46 46 46 47 48 
47 47 47 48 49 
48 48 48 49 50 
49 49 49 50 51 
50 50 50 51 52 
51 51 51 52 53 
52 52 52 53 54 
53 53 53 54 55 
54 54 54 55 56 
55 55 55 56 57 
56 56 56 57 58 
57 57 57 58 59 
58 58 58 59 60 
59 59 59 60 61 
60 60 60 61 62 
61 61 61 62 63 
62 62 62 63 64 
63 63 63 64 65 
64 64 64 65 66 
65 65 65 66 67 
66 66 66 67 68 
67 67 67 68 69 
68 68 68 69 70 
69 69 69 70 71 
70 70 70 71 72 
71 71 71 72 73 
72 72 72 73 74 
73 73 73 74 75 
74 74 74 75 76 
75 75 75 76 77 
76 76 76 77 78 
77 77 77 78 79 
78 78 78 79 80 
79 79 79 80 81 
80 80 80 81 82 
81 81 81 82 83 
82 82 82 83 84 
83 83 83 84 85 
84 84 84 85 86 
85 85 85 86 87 
86 86 86 87 88 
87 87 87 88 89 
88 88 88 89 90 
89 89 89 90 91 
90 90 90 91 92 
91 91 91 92 93 
92 92 92 93 94 
93 93 93 94 95 
94 94 94 95 96 
95 95 95 96 97 
96 96 96 97 98 
97 97 97 98 99 
98 98 98 99 100 
99 99 99 100 101 
100 100 100 101 102 
101 101 101 102 103 
102 102 102 103 104 
103 103 103 104 105 
104 104 104 105 106 
105 105 105 106 107 
106 106 106 107 108 
107 107 107 108 109 
108 108 108 109 110 
109 109 109 110 111 
110 110 110 111 112 
111 111 111 112 113 
112 112 112 113 114 
113 113 113 114 115 
114 114 114 115 116 
115 115 115 116 117 
116 116 116 117 118 
117 117 117 118 119 
118 118 118 119 120 
119 119 119 120 121 
120 120 120 121 122 
121 121 121 122 123 
122 122 122 123 124 
123 123 123 124 125 
124 124 124 125 126 
125 125 125 126 127 
126 126 126 127 128 
127 127 127 128 129 
128 128 128 129 130 
129 129 129 130 131 
130 130 130 131 132 
131 131 131 132 133 
132 132 132 133 134 
133 133 133 134 135 
134 134 134 135 136 
135 135 135 136 137 
136 136 136 137 138 
137 137 137 138 139 
138 138 138 139 140 
139 139 139 140 141 
140 140 140 141 142 
141 141 141 142 143 
142 142 142 143 144 
143 143 143 144 145 
144 144 144 145 146 
145 145 145 146 147 
146 146 146 147 148 
147 147 147 148 149 
148 148 148 149 150 
149 149 149 150 151 
150 150 150 151 152 
151 151 151 152 153 
152 152 152 153 154 
153 153 153 154 155 
154 154 154 155 156 
155 155 155 156 157 
156 156 156 157 158 
157 157 157 158 159 
158 158 158 159 160 
159 159 159 160 161 
160 160 160 161 162 
161 161 161 162 163 
162 162 162 163 164 
163 163 163 164 165 
164 164 164 165 166 
165 165 165 166 167 
166 166 166 167 168 
