# Minimized Production Model for dispRatio of 0.96

84 atoms
83 bonds
82 angles
0 dihedrals
0 impropers


Coords

1 -0.0130603 140.409 -11.8584
2 0.20239 129.043 -4.57972
3 0.418101 117.653 2.66063
4 0.635744 106.214 9.82463
5 0.85769 94.7069 16.8765
6 1.08472 83.1097 23.7799
7 1.31698 71.4052 30.4989
8 1.55546 59.5791 37.0003
9 1.79906 47.6202 43.2541
10 2.04356 35.5206 49.2305
11 2.28738 23.2756 54.9023
12 2.53074 10.8818 60.2418
13 2.77295 -1.65953 65.2242
14 3.01359 -14.3458 69.8264
15 3.25228 -27.1703 74.0256
16 3.48968 -40.1259 77.7993
17 3.7234 -53.2034 81.1264
18 3.95055 -66.3904 83.9904
19 4.17036 -79.6721 86.3761
20 4.38349 -93.0327 88.2727
21 4.58974 -106.454 89.6724
22 4.78885 -119.918 90.5748
23 4.97991 -133.406 90.9833
24 5.16296 -146.9 90.9052
25 5.33667 -160.383 90.3499
26 5.49714 -173.84 89.3337
27 5.6426 -187.258 87.8771
28 5.77118 -200.621 86.0003
29 5.88187 -213.924 83.7263
30 5.97473 -227.158 81.0809
31 6.04751 -240.319 78.0925
32 6.0986 -253.406 74.7904
33 6.12805 -266.418 71.2041
34 6.13543 -279.356 67.3632
35 6.11993 -292.227 63.3004
36 6.08127 -305.035 59.048
37 6.01858 -317.789 54.6338
38 5.93324 -330.496 50.0863
39 5.82612 -343.164 45.4336
40 5.69738 -355.804 40.7018
41 5.54748 -368.423 35.9172
42 5.37756 -381.031 31.1057
43 5.18961 -393.639 26.2933
44 4.98487 -406.256 21.5065
45 4.76432 -418.892 16.7701
46 4.52958 -431.556 12.1093
47 4.28316 -444.257 7.55143
48 4.02646 -457.002 3.12012
49 3.75935 -469.798 -1.16175
50 3.48268 -482.649 -5.27341
51 3.19868 -495.559 -9.19683
52 2.90958 -508.529 -12.9169
53 2.61635 -521.558 -16.4218
54 2.32066 -534.646 -19.7001
55 2.02523 -547.791 -22.7413
56 1.73211 -560.99 -25.5361
57 1.44359 -574.241 -28.0755
58 1.16216 -587.54 -30.3515
59 0.890984 -600.882 -32.3597
60 0.633558 -614.262 -34.0983
61 0.393451 -627.675 -35.5663
62 0.171408 -641.115 -36.7657
63 -0.0326412 -654.576 -37.6983
64 -0.218941 -668.052 -38.3707
65 -0.386739 -681.539 -38.7876
66 -0.533761 -695.032 -38.9558
67 -0.659772 -708.525 -38.8832
68 -0.765519 -722.016 -38.579
69 -0.850406 -735.5 -38.0522
70 -0.914243 -748.974 -37.3119
71 -0.957675 -762.436 -36.3686
72 -0.981469 -775.883 -35.235
73 -0.985435 -789.314 -33.9244
74 -0.968377 -802.728 -32.4489
75 -0.929784 -816.124 -30.8246
76 -0.872119 -829.504 -29.0662
77 -0.798796 -842.867 -27.1873
78 -0.712221 -856.215 -25.2008
79 -0.614684 -869.55 -23.121
80 -0.507762 -882.871 -20.9631
81 -0.392988 -896.183 -18.7427
82 -0.27102 -909.486 -16.4743
83 -0.1437 -922.784 -14.1741
84 -0.0130603 -936.078 -11.8584

Types

1 1
2 2
3 3
4 4
5 5
6 6
7 7
8 8
9 9
10 10
11 11
12 12
13 13
14 14
15 15
16 16
17 17
18 18
19 19
20 20
21 21
22 22
23 23
24 24
25 25
26 26
27 27
28 28
29 29
30 30
31 31
32 32
33 33
34 34
35 35
36 36
37 37
38 38
39 39
40 40
41 41
42 42
43 43
44 44
45 45
46 46
47 47
48 48
49 49
50 50
51 51
52 52
53 53
54 54
55 55
56 56
57 57
58 58
59 59
60 60
61 61
62 62
63 63
64 64
65 65
66 66
67 67
68 68
69 69
70 70
71 71
72 72
73 73
74 74
75 75
76 76
77 77
78 78
79 79
80 80
81 81
82 82
83 83
84 84

Molecules

1 1
2 1
3 1
4 1
5 1
6 1
7 1
8 1
9 1
10 1
11 1
12 1
13 1
14 1
15 1
16 1
17 1
18 1
19 1
20 1
21 1
22 1
23 1
24 1
25 1
26 1
27 1
28 1
29 1
30 1
31 1
32 1
33 1
34 1
35 1
36 1
37 1
38 1
39 1
40 1
41 1
42 1
43 1
44 1
45 1
46 1
47 1
48 1
49 1
50 1
51 1
52 1
53 1
54 1
55 1
56 1
57 1
58 1
59 1
60 1
61 1
62 1
63 1
64 1
65 1
66 1
67 1
68 1
69 1
70 1
71 1
72 1
73 1
74 1
75 1
76 1
77 1
78 1
79 1
80 1
81 1
82 1
83 1
84 1

Bonds

1 1 1 2 
2 2 2 3 
3 3 3 4 
4 4 4 5 
5 5 5 6 
6 6 6 7 
7 7 7 8 
8 8 8 9 
9 9 9 10 
10 10 10 11 
11 11 11 12 
12 12 12 13 
13 13 13 14 
14 14 14 15 
15 15 15 16 
16 16 16 17 
17 17 17 18 
18 18 18 19 
19 19 19 20 
20 20 20 21 
21 21 21 22 
22 22 22 23 
23 23 23 24 
24 24 24 25 
25 25 25 26 
26 26 26 27 
27 27 27 28 
28 28 28 29 
29 29 29 30 
30 30 30 31 
31 31 31 32 
32 32 32 33 
33 33 33 34 
34 34 34 35 
35 35 35 36 
36 36 36 37 
37 37 37 38 
38 38 38 39 
39 39 39 40 
40 40 40 41 
41 41 41 42 
42 42 42 43 
43 43 43 44 
44 44 44 45 
45 45 45 46 
46 46 46 47 
47 47 47 48 
48 48 48 49 
49 49 49 50 
50 50 50 51 
51 51 51 52 
52 52 52 53 
53 53 53 54 
54 54 54 55 
55 55 55 56 
56 56 56 57 
57 57 57 58 
58 58 58 59 
59 59 59 60 
60 60 60 61 
61 61 61 62 
62 62 62 63 
63 63 63 64 
64 64 64 65 
65 65 65 66 
66 66 66 67 
67 67 67 68 
68 68 68 69 
69 69 69 70 
70 70 70 71 
71 71 71 72 
72 72 72 73 
73 73 73 74 
74 74 74 75 
75 75 75 76 
76 76 76 77 
77 77 77 78 
78 78 78 79 
79 79 79 80 
80 80 80 81 
81 81 81 82 
82 82 82 83 
83 83 83 84 

Angles

1 1 1 2 3 
2 2 2 3 4 
3 3 3 4 5 
4 4 4 5 6 
5 5 5 6 7 
6 6 6 7 8 
7 7 7 8 9 
8 8 8 9 10 
9 9 9 10 11 
10 10 10 11 12 
11 11 11 12 13 
12 12 12 13 14 
13 13 13 14 15 
14 14 14 15 16 
15 15 15 16 17 
16 16 16 17 18 
17 17 17 18 19 
18 18 18 19 20 
19 19 19 20 21 
20 20 20 21 22 
21 21 21 22 23 
22 22 22 23 24 
23 23 23 24 25 
24 24 24 25 26 
25 25 25 26 27 
26 26 26 27 28 
27 27 27 28 29 
28 28 28 29 30 
29 29 29 30 31 
30 30 30 31 32 
31 31 31 32 33 
32 32 32 33 34 
33 33 33 34 35 
34 34 34 35 36 
35 35 35 36 37 
36 36 36 37 38 
37 37 37 38 39 
38 38 38 39 40 
39 39 39 40 41 
40 40 40 41 42 
41 41 41 42 43 
42 42 42 43 44 
43 43 43 44 45 
44 44 44 45 46 
45 45 45 46 47 
46 46 46 47 48 
47 47 47 48 49 
48 48 48 49 50 
49 49 49 50 51 
50 50 50 51 52 
51 51 51 52 53 
52 52 52 53 54 
53 53 53 54 55 
54 54 54 55 56 
55 55 55 56 57 
56 56 56 57 58 
57 57 57 58 59 
58 58 58 59 60 
59 59 59 60 61 
60 60 60 61 62 
61 61 61 62 63 
62 62 62 63 64 
63 63 63 64 65 
64 64 64 65 66 
65 65 65 66 67 
66 66 66 67 68 
67 67 67 68 69 
68 68 68 69 70 
69 69 69 70 71 
70 70 70 71 72 
71 71 71 72 73 
72 72 72 73 74 
73 73 73 74 75 
74 74 74 75 76 
75 75 75 76 77 
76 76 76 77 78 
77 77 77 78 79 
78 78 78 79 80 
79 79 79 80 81 
80 80 80 81 82 
81 81 81 82 83 
82 82 82 83 84 
