# Minimized Production Model for dispRatio of 0.02

168 atoms
167 bonds
166 angles
0 dihedrals
0 impropers


Coords

1 128.96 -185.597 9.69175
2 122.298 -184.757 9.42173
3 115.638 -183.907 9.1519
4 108.98 -183.035 8.88166
5 102.327 -182.131 8.61139
6 95.6797 -181.184 8.34128
7 89.0403 -180.186 8.07057
8 82.4105 -179.126 7.79976
9 75.7925 -177.995 7.52891
10 69.1885 -176.787 7.2575
11 62.6009 -175.493 6.986
12 56.0324 -174.107 6.71424
13 49.4854 -172.623 6.44201
14 42.963 -171.035 6.16963
15 36.4679 -169.34 5.89695
16 30.0031 -167.533 5.6239
17 23.5717 -165.611 5.35061
18 17.1767 -163.572 5.07691
19 10.821 -161.414 4.80292
20 4.5077 -159.135 4.52868
21 -1.76016 -156.735 4.25401
22 -7.97976 -154.212 3.97893
23 -14.148 -151.566 3.70361
24 -20.2622 -148.798 3.42766
25 -26.3195 -145.908 3.1515
26 -32.3169 -142.896 2.87489
27 -38.2518 -139.763 2.59764
28 -44.1215 -136.509 2.31998
29 -49.9229 -133.136 2.04179
30 -55.6535 -129.644 1.76321
31 -61.3104 -126.033 1.48385
32 -66.8903 -122.305 1.20398
33 -72.3906 -118.461 0.923671
34 -77.8079 -114.501 0.642668
35 -83.1387 -110.426 0.361136
36 -88.3798 -106.236 0.0791782
37 -93.5271 -101.932 -0.203411
38 -98.5764 -97.5138 -0.486438
39 -103.524 -92.9816 -0.769554
40 -108.364 -88.3355 -1.05319
41 -113.091 -83.5756 -1.33696
42 -117.701 -78.7015 -1.6206
43 -122.187 -73.7136 -1.90393
44 -126.542 -68.6115 -2.18703
45 -130.759 -63.3956 -2.46944
46 -134.832 -58.0659 -2.75082
47 -138.751 -52.6231 -3.03107
48 -142.509 -47.0678 -3.30972
49 -146.097 -41.4015 -3.58632
50 -149.505 -35.626 -3.86068
51 -152.725 -29.7435 -4.1323
52 -155.747 -23.757 -4.40046
53 -158.561 -17.6701 -4.66504
54 -161.157 -11.4876 -4.92535
55 -163.525 -5.21451 -5.18081
56 -165.657 1.14297 -5.43084
57 -167.542 7.57759 -5.67496
58 -169.172 14.0816 -5.91262
59 -170.539 20.6459 -6.14306
60 -171.634 27.261 -6.36585
61 -172.451 33.9163 -6.58048
62 -172.984 40.6005 -6.7861
63 -173.227 47.3016 -6.98259
64 -173.176 54.0071 -7.16927
65 -172.827 60.7041 -7.3454
66 -172.179 67.3789 -7.51096
67 -171.229 74.0179 -7.66544
68 -169.978 80.6068 -7.8082
69 -168.425 87.1318 -7.93918
70 -166.572 93.5781 -8.05806
71 -164.421 99.9313 -8.16422
72 -161.974 106.177 -8.25777
73 -159.235 112.3 -8.33841
74 -156.207 118.287 -8.40541
75 -152.896 124.121 -8.45923
76 -149.308 129.789 -8.4992
77 -145.446 135.275 -8.52512
78 -141.321 140.564 -8.53699
79 -136.937 145.642 -8.53469
80 -132.306 150.495 -8.51767
81 -127.436 155.108 -8.48631
82 -122.338 159.469 -8.44065
83 -117.025 163.563 -8.37995
84 -111.509 167.379 -8.30516
85 -105.803 170.906 -8.21605
86 -99.9242 174.135 -8.11263
87 -93.8866 177.057 -7.99575
88 -87.7067 179.663 -7.86539
89 -81.4014 181.95 -7.72162
90 -74.9875 183.91 -7.56576
91 -68.4824 185.543 -7.39775
92 -61.9032 186.845 -7.21783
93 -55.2671 187.815 -7.02742
94 -48.5909 188.453 -6.82655
95 -41.8915 188.762 -6.61579
96 -35.1851 188.742 -6.39615
97 -28.4877 188.397 -6.16776
98 -21.8145 187.731 -5.93152
99 -15.1807 186.747 -5.68823
100 -8.60077 185.453 -5.4381
101 -2.08844 183.852 -5.1819
102 4.34319 181.953 -4.92024
103 10.6814 179.762 -4.65363
104 16.9145 177.288 -4.38275
105 23.0314 174.539 -4.10815
106 29.0218 171.524 -3.83026
107 34.8767 168.253 -3.5498
108 40.5872 164.736 -3.26714
109 46.1461 160.983 -2.98268
110 51.5463 157.006 -2.6971
111 56.7824 152.813 -2.41078
112 61.8493 148.418 -2.12396
113 66.7429 143.83 -1.8375
114 71.4597 139.06 -1.55145
115 75.9976 134.119 -1.26604
116 80.3544 129.017 -0.982081
117 84.5286 123.764 -0.699553
118 88.5203 118.371 -0.418683
119 92.329 112.846 -0.140203
120 95.955 107.2 0.136258
121 99.4002 101.441 0.410165
122 102.666 95.5773 0.681195
123 105.753 89.6179 0.949365
124 108.667 83.5707 1.21441
125 111.408 77.4433 1.47612
126 113.981 71.2427 1.73453
127 116.39 64.976 1.98927
128 118.638 58.6496 2.24043
129 120.731 52.2694 2.48795
130 122.673 45.8411 2.73154
131 124.468 39.3699 2.97144
132 126.122 32.8607 3.2073
133 127.639 26.3177 3.43933
134 129.025 19.7451 3.66753
135 130.284 13.1466 3.89181
136 131.421 6.52565 4.11218
137 132.441 -0.114909 4.3286
138 133.35 -6.77205 4.54133
139 134.151 -13.4435 4.75031
140 134.849 -20.1268 4.95551
141 135.449 -26.8201 5.15728
142 135.956 -33.5215 5.35548
143 136.375 -40.2295 5.55016
144 136.708 -46.9426 5.74167
145 136.962 -53.6596 5.92996
146 137.14 -60.3793 6.11502
147 137.245 -67.101 6.29734
148 137.283 -73.8238 6.47679
149 137.256 -80.5469 6.65357
150 137.168 -87.2698 6.82776
151 137.023 -93.9921 6.99956
152 136.824 -100.713 7.16918
153 136.575 -107.433 7.33658
154 136.278 -114.151 7.50212
155 135.938 -120.868 7.66589
156 135.558 -127.582 7.82788
157 135.14 -134.295 7.98839
158 134.687 -141.005 8.14756
159 134.203 -147.713 8.30528
160 133.691 -154.42 8.46204
161 133.155 -161.125 8.61794
162 132.596 -167.828 8.77288
163 132.02 -174.53 8.92705
164 131.426 -181.23 9.08082
165 130.822 -187.93 9.23401
166 130.207 -194.628 9.38676
167 129.586 -201.326 9.53934
168 128.96 -208.024 9.69175

Types

1 1
2 2
3 3
4 4
5 5
6 6
7 7
8 8
9 9
10 10
11 11
12 12
13 13
14 14
15 15
16 16
17 17
18 18
19 19
20 20
21 21
22 22
23 23
24 24
25 25
26 26
27 27
28 28
29 29
30 30
31 31
32 32
33 33
34 34
35 35
36 36
37 37
38 38
39 39
40 40
41 41
42 42
43 43
44 44
45 45
46 46
47 47
48 48
49 49
50 50
51 51
52 52
53 53
54 54
55 55
56 56
57 57
58 58
59 59
60 60
61 61
62 62
63 63
64 64
65 65
66 66
67 67
68 68
69 69
70 70
71 71
72 72
73 73
74 74
75 75
76 76
77 77
78 78
79 79
80 80
81 81
82 82
83 83
84 84
85 85
86 86
87 87
88 88
89 89
90 90
91 91
92 92
93 93
94 94
95 95
96 96
97 97
98 98
99 99
100 100
101 101
102 102
103 103
104 104
105 105
106 106
107 107
108 108
109 109
110 110
111 111
112 112
113 113
114 114
115 115
116 116
117 117
118 118
119 119
120 120
121 121
122 122
123 123
124 124
125 125
126 126
127 127
128 128
129 129
130 130
131 131
132 132
133 133
134 134
135 135
136 136
137 137
138 138
139 139
140 140
141 141
142 142
143 143
144 144
145 145
146 146
147 147
148 148
149 149
150 150
151 151
152 152
153 153
154 154
155 155
156 156
157 157
158 158
159 159
160 160
161 161
162 162
163 163
164 164
165 165
166 166
167 167
168 168

Molecules

1 1
2 1
3 1
4 1
5 1
6 1
7 1
8 1
9 1
10 1
11 1
12 1
13 1
14 1
15 1
16 1
17 1
18 1
19 1
20 1
21 1
22 1
23 1
24 1
25 1
26 1
27 1
28 1
29 1
30 1
31 1
32 1
33 1
34 1
35 1
36 1
37 1
38 1
39 1
40 1
41 1
42 1
43 1
44 1
45 1
46 1
47 1
48 1
49 1
50 1
51 1
52 1
53 1
54 1
55 1
56 1
57 1
58 1
59 1
60 1
61 1
62 1
63 1
64 1
65 1
66 1
67 1
68 1
69 1
70 1
71 1
72 1
73 1
74 1
75 1
76 1
77 1
78 1
79 1
80 1
81 1
82 1
83 1
84 1
85 1
86 1
87 1
88 1
89 1
90 1
91 1
92 1
93 1
94 1
95 1
96 1
97 1
98 1
99 1
100 1
101 1
102 1
103 1
104 1
105 1
106 1
107 1
108 1
109 1
110 1
111 1
112 1
113 1
114 1
115 1
116 1
117 1
118 1
119 1
120 1
121 1
122 1
123 1
124 1
125 1
126 1
127 1
128 1
129 1
130 1
131 1
132 1
133 1
134 1
135 1
136 1
137 1
138 1
139 1
140 1
141 1
142 1
143 1
144 1
145 1
146 1
147 1
148 1
149 1
150 1
151 1
152 1
153 1
154 1
155 1
156 1
157 1
158 1
159 1
160 1
161 1
162 1
163 1
164 1
165 1
166 1
167 1
168 1

Bonds

1 1 1 2 
2 2 2 3 
3 3 3 4 
4 4 4 5 
5 5 5 6 
6 6 6 7 
7 7 7 8 
8 8 8 9 
9 9 9 10 
10 10 10 11 
11 11 11 12 
12 12 12 13 
13 13 13 14 
14 14 14 15 
15 15 15 16 
16 16 16 17 
17 17 17 18 
18 18 18 19 
19 19 19 20 
20 20 20 21 
21 21 21 22 
22 22 22 23 
23 23 23 24 
24 24 24 25 
25 25 25 26 
26 26 26 27 
27 27 27 28 
28 28 28 29 
29 29 29 30 
30 30 30 31 
31 31 31 32 
32 32 32 33 
33 33 33 34 
34 34 34 35 
35 35 35 36 
36 36 36 37 
37 37 37 38 
38 38 38 39 
39 39 39 40 
40 40 40 41 
41 41 41 42 
42 42 42 43 
43 43 43 44 
44 44 44 45 
45 45 45 46 
46 46 46 47 
47 47 47 48 
48 48 48 49 
49 49 49 50 
50 50 50 51 
51 51 51 52 
52 52 52 53 
53 53 53 54 
54 54 54 55 
55 55 55 56 
56 56 56 57 
57 57 57 58 
58 58 58 59 
59 59 59 60 
60 60 60 61 
61 61 61 62 
62 62 62 63 
63 63 63 64 
64 64 64 65 
65 65 65 66 
66 66 66 67 
67 67 67 68 
68 68 68 69 
69 69 69 70 
70 70 70 71 
71 71 71 72 
72 72 72 73 
73 73 73 74 
74 74 74 75 
75 75 75 76 
76 76 76 77 
77 77 77 78 
78 78 78 79 
79 79 79 80 
80 80 80 81 
81 81 81 82 
82 82 82 83 
83 83 83 84 
84 84 84 85 
85 85 85 86 
86 86 86 87 
87 87 87 88 
88 88 88 89 
89 89 89 90 
90 90 90 91 
91 91 91 92 
92 92 92 93 
93 93 93 94 
94 94 94 95 
95 95 95 96 
96 96 96 97 
97 97 97 98 
98 98 98 99 
99 99 99 100 
100 100 100 101 
101 101 101 102 
102 102 102 103 
103 103 103 104 
104 104 104 105 
105 105 105 106 
106 106 106 107 
107 107 107 108 
108 108 108 109 
109 109 109 110 
110 110 110 111 
111 111 111 112 
112 112 112 113 
113 113 113 114 
114 114 114 115 
115 115 115 116 
116 116 116 117 
117 117 117 118 
118 118 118 119 
119 119 119 120 
120 120 120 121 
121 121 121 122 
122 122 122 123 
123 123 123 124 
124 124 124 125 
125 125 125 126 
126 126 126 127 
127 127 127 128 
128 128 128 129 
129 129 129 130 
130 130 130 131 
131 131 131 132 
132 132 132 133 
133 133 133 134 
134 134 134 135 
135 135 135 136 
136 136 136 137 
137 137 137 138 
138 138 138 139 
139 139 139 140 
140 140 140 141 
141 141 141 142 
142 142 142 143 
143 143 143 144 
144 144 144 145 
145 145 145 146 
146 146 146 147 
147 147 147 148 
148 148 148 149 
149 149 149 150 
150 150 150 151 
151 151 151 152 
152 152 152 153 
153 153 153 154 
154 154 154 155 
155 155 155 156 
156 156 156 157 
157 157 157 158 
158 158 158 159 
159 159 159 160 
160 160 160 161 
161 161 161 162 
162 162 162 163 
163 163 163 164 
164 164 164 165 
165 165 165 166 
166 166 166 167 
167 167 167 168 

Angles

1 1 1 2 3 
2 2 2 3 4 
3 3 3 4 5 
4 4 4 5 6 
5 5 5 6 7 
6 6 6 7 8 
7 7 7 8 9 
8 8 8 9 10 
9 9 9 10 11 
10 10 10 11 12 
11 11 11 12 13 
12 12 12 13 14 
13 13 13 14 15 
14 14 14 15 16 
15 15 15 16 17 
16 16 16 17 18 
17 17 17 18 19 
18 18 18 19 20 
19 19 19 20 21 
20 20 20 21 22 
21 21 21 22 23 
22 22 22 23 24 
23 23 23 24 25 
24 24 24 25 26 
25 25 25 26 27 
26 26 26 27 28 
27 27 27 28 29 
28 28 28 29 30 
29 29 29 30 31 
30 30 30 31 32 
31 31 31 32 33 
32 32 32 33 34 
33 33 33 34 35 
34 34 34 35 36 
35 35 35 36 37 
36 36 36 37 38 
37 37 37 38 39 
38 38 38 39 40 
39 39 39 40 41 
40 40 40 41 42 
41 41 41 42 43 
42 42 42 43 44 
43 43 43 44 45 
44 44 44 45 46 
45 45 45 46 47 
46 46 46 47 48 
47 47 47 48 49 
48 48 48 49 50 
49 49 49 50 51 
50 50 50 51 52 
51 51 51 52 53 
52 52 52 53 54 
53 53 53 54 55 
54 54 54 55 56 
55 55 55 56 57 
56 56 56 57 58 
57 57 57 58 59 
58 58 58 59 60 
59 59 59 60 61 
60 60 60 61 62 
61 61 61 62 63 
62 62 62 63 64 
63 63 63 64 65 
64 64 64 65 66 
65 65 65 66 67 
66 66 66 67 68 
67 67 67 68 69 
68 68 68 69 70 
69 69 69 70 71 
70 70 70 71 72 
71 71 71 72 73 
72 72 72 73 74 
73 73 73 74 75 
74 74 74 75 76 
75 75 75 76 77 
76 76 76 77 78 
77 77 77 78 79 
78 78 78 79 80 
79 79 79 80 81 
80 80 80 81 82 
81 81 81 82 83 
82 82 82 83 84 
83 83 83 84 85 
84 84 84 85 86 
85 85 85 86 87 
86 86 86 87 88 
87 87 87 88 89 
88 88 88 89 90 
89 89 89 90 91 
90 90 90 91 92 
91 91 91 92 93 
92 92 92 93 94 
93 93 93 94 95 
94 94 94 95 96 
95 95 95 96 97 
96 96 96 97 98 
97 97 97 98 99 
98 98 98 99 100 
99 99 99 100 101 
100 100 100 101 102 
101 101 101 102 103 
102 102 102 103 104 
103 103 103 104 105 
104 104 104 105 106 
105 105 105 106 107 
106 106 106 107 108 
107 107 107 108 109 
108 108 108 109 110 
109 109 109 110 111 
110 110 110 111 112 
111 111 111 112 113 
112 112 112 113 114 
113 113 113 114 115 
114 114 114 115 116 
115 115 115 116 117 
116 116 116 117 118 
117 117 117 118 119 
118 118 118 119 120 
119 119 119 120 121 
120 120 120 121 122 
121 121 121 122 123 
122 122 122 123 124 
123 123 123 124 125 
124 124 124 125 126 
125 125 125 126 127 
126 126 126 127 128 
127 127 127 128 129 
128 128 128 129 130 
129 129 129 130 131 
130 130 130 131 132 
131 131 131 132 133 
132 132 132 133 134 
133 133 133 134 135 
134 134 134 135 136 
135 135 135 136 137 
136 136 136 137 138 
137 137 137 138 139 
138 138 138 139 140 
139 139 139 140 141 
140 140 140 141 142 
141 141 141 142 143 
142 142 142 143 144 
143 143 143 144 145 
144 144 144 145 146 
145 145 145 146 147 
146 146 146 147 148 
147 147 147 148 149 
148 148 148 149 150 
149 149 149 150 151 
150 150 150 151 152 
151 151 151 152 153 
152 152 152 153 154 
153 153 153 154 155 
154 154 154 155 156 
155 155 155 156 157 
156 156 156 157 158 
157 157 157 158 159 
158 158 158 159 160 
159 159 159 160 161 
160 160 160 161 162 
161 161 161 162 163 
162 162 162 163 164 
163 163 163 164 165 
164 164 164 165 166 
165 165 165 166 167 
166 166 166 167 168 
