# Minimized Production Model for dispRatio of 0.16

42 atoms
41 bonds
40 angles
0 dihedrals
0 impropers


Coords

1 -1.51708 63.326 -83.5037
2 11.1712 44.8455 -67.8218
3 24.0086 26.6064 -51.9827
4 37.1483 8.86255 -35.8297
5 50.7227 -8.10909 -19.2113
6 64.8519 -23.994 -1.99345
7 79.6453 -38.4361 15.9195
8 95.1727 -51.0418 34.5819
9 111.455 -61.3665 53.9884
10 128.441 -68.932 74.0508
11 145.989 -73.254 94.5829
12 163.85 -73.8539 115.286
13 181.672 -70.2973 135.725
14 198.978 -62.248 155.31
15 215.172 -49.5566 173.326
16 229.566 -32.3551 188.965
17 241.445 -11.102 201.405
18 250.122 13.3937 209.903
19 255.031 39.9934 213.884
20 255.835 67.3086 213.029
21 252.47 93.8375 207.338
22 245.158 118.133 197.151
23 234.367 138.955 183.095
24 220.749 155.376 165.993
25 205.054 166.83 146.753
26 188.047 173.116 126.282
27 170.444 174.34 105.39
28 152.842 170.833 84.7551
29 135.701 163.081 64.901
30 119.351 151.646 46.1904
31 104.008 137.091 28.8428
32 89.7923 119.948 12.958
33 76.7502 100.696 -1.44954
34 64.8593 79.7596 -14.4359
35 54.0527 57.4984 -26.102
36 44.2356 34.2088 -36.5736
37 35.2906 10.1354 -46.0057
38 27.0732 -14.5206 -54.5541
39 19.4313 -39.5943 -62.3945
40 12.2172 -64.9499 -69.7138
41 5.28155 -90.4777 -76.6926
42 -1.51708 -116.089 -83.5037

Types

1 1
2 2
3 3
4 4
5 5
6 6
7 7
8 8
9 9
10 10
11 11
12 12
13 13
14 14
15 15
16 16
17 17
18 18
19 19
20 20
21 21
22 22
23 23
24 24
25 25
26 26
27 27
28 28
29 29
30 30
31 31
32 32
33 33
34 34
35 35
36 36
37 37
38 38
39 39
40 40
41 41
42 42

Molecules

1 1
2 1
3 1
4 1
5 1
6 1
7 1
8 1
9 1
10 1
11 1
12 1
13 1
14 1
15 1
16 1
17 1
18 1
19 1
20 1
21 1
22 1
23 1
24 1
25 1
26 1
27 1
28 1
29 1
30 1
31 1
32 1
33 1
34 1
35 1
36 1
37 1
38 1
39 1
40 1
41 1
42 1

Bonds

1 1 1 2 
2 2 2 3 
3 3 3 4 
4 4 4 5 
5 5 5 6 
6 6 6 7 
7 7 7 8 
8 8 8 9 
9 9 9 10 
10 10 10 11 
11 11 11 12 
12 12 12 13 
13 13 13 14 
14 14 14 15 
15 15 15 16 
16 16 16 17 
17 17 17 18 
18 18 18 19 
19 19 19 20 
20 20 20 21 
21 21 21 22 
22 22 22 23 
23 23 23 24 
24 24 24 25 
25 25 25 26 
26 26 26 27 
27 27 27 28 
28 28 28 29 
29 29 29 30 
30 30 30 31 
31 31 31 32 
32 32 32 33 
33 33 33 34 
34 34 34 35 
35 35 35 36 
36 36 36 37 
37 37 37 38 
38 38 38 39 
39 39 39 40 
40 40 40 41 
41 41 41 42 

Angles

1 1 1 2 3 
2 2 2 3 4 
3 3 3 4 5 
4 4 4 5 6 
5 5 5 6 7 
6 6 6 7 8 
7 7 7 8 9 
8 8 8 9 10 
9 9 9 10 11 
10 10 10 11 12 
11 11 11 12 13 
12 12 12 13 14 
13 13 13 14 15 
14 14 14 15 16 
15 15 15 16 17 
16 16 16 17 18 
17 17 17 18 19 
18 18 18 19 20 
19 19 19 20 21 
20 20 20 21 22 
21 21 21 22 23 
22 22 22 23 24 
23 23 23 24 25 
24 24 24 25 26 
25 25 25 26 27 
26 26 26 27 28 
27 27 27 28 29 
28 28 28 29 30 
29 29 29 30 31 
30 30 30 31 32 
31 31 31 32 33 
32 32 32 33 34 
33 33 33 34 35 
34 34 34 35 36 
35 35 35 36 37 
36 36 36 37 38 
37 37 37 38 39 
38 38 38 39 40 
39 39 39 40 41 
40 40 40 41 42 
