# Minimized Production Model for dispRatio of 0.30

84 atoms
83 bonds
82 angles
0 dihedrals
0 impropers


Coords

1 -0.0130603 -229.634 -11.8584
2 -0.0134493 -221.291 -1.22226
3 -0.0149357 -212.891 9.36787
4 -0.0183233 -204.375 19.8648
5 -0.0234977 -195.685 30.2183
6 -0.0299077 -186.767 40.3753
7 -0.0368299 -177.568 50.2776
8 -0.0432859 -168.039 59.8623
9 -0.0487637 -158.137 69.0599
10 -0.0530318 -147.826 77.7948
11 -0.0562351 -137.076 85.9838
12 -0.0582976 -125.872 93.5364
13 -0.059241 -114.207 100.355
14 -0.0595219 -102.094 106.337
15 -0.0592415 -89.5585 111.373
16 -0.0586205 -76.6511 115.354
17 -0.0577897 -63.4419 118.17
18 -0.0566103 -50.0263 119.716
19 -0.0550792 -36.5247 119.896
20 -0.0527684 -23.0828 118.633
21 -0.049859 -9.86925 115.87
22 -0.0465177 2.92801 111.578
23 -0.042767 15.1068 105.761
24 -0.0386462 26.4586 98.4633
25 -0.0344312 36.7763 89.7662
26 -0.0303111 45.8641 79.7919
27 -0.0262317 53.5465 68.6994
28 -0.0221708 59.6771 56.6794
29 -0.0183068 64.1455 43.9474
30 -0.014426 66.8824 30.7338
31 -0.00979669 67.861 17.2743
32 -0.00390081 67.0968 3.7995
33 0.00331966 64.6445 -9.4738
34 0.0113153 60.5914 -22.3507
35 0.0190891 55.0501 -34.6625
36 0.026036 48.1511 -46.2702
37 0.0318509 40.0363 -57.0651
38 0.0369426 30.8525 -66.969
39 0.04171 20.7464 -75.9324
40 0.0457085 9.85934 -83.9318
41 0.0485595 -1.67718 -90.9653
42 0.0499254 -13.7436 -97.0483
43 0.0501405 -26.2335 -102.21
44 0.0497328 -39.0537 -106.489
45 0.0491963 -52.124 -109.935
46 0.0489511 -65.3769 -112.598
47 0.0487775 -78.7562 -114.536
48 0.0485267 -92.2164 -115.803
49 0.0482281 -105.721 -116.455
50 0.0476669 -119.242 -116.546
51 0.0470308 -132.757 -116.129
52 0.046206 -146.251 -115.254
53 0.0451088 -159.712 -113.968
54 0.0437905 -173.134 -112.316
55 0.0425765 -186.512 -110.341
56 0.0418646 -199.845 -108.081
57 0.0416755 -213.134 -105.571
58 0.0417536 -226.38 -102.844
59 0.0415689 -239.586 -99.9279
60 0.0402777 -252.756 -96.8521
61 0.0376954 -265.894 -93.6411
62 0.0341925 -279.004 -90.3179
63 0.0305336 -292.09 -86.9029
64 0.0273379 -305.157 -83.4138
65 0.0245298 -318.209 -79.8673
66 0.0219469 -331.249 -76.2773
67 0.0194251 -344.281 -72.6565
68 0.0164541 -357.307 -69.0149
69 0.0132217 -370.33 -65.3608
70 0.0107264 -383.35 -61.699
71 0.00952753 -396.372 -58.0437
72 0.00865213 -409.397 -54.3975
73 0.00808032 -422.426 -50.765
74 0.0073186 -435.459 -47.1476
75 0.00655801 -448.497 -43.5482
76 0.00592075 -461.54 -39.9668
77 0.00548244 -474.588 -36.4032
78 0.00491486 -487.641 -32.857
79 0.00372603 -500.699 -29.3276
80 0.00184837 -513.76 -25.8132
81 -0.00062167 -526.826 -22.3113
82 -0.0035476 -539.894 -18.8196
83 -0.00734679 -552.964 -15.3364
84 -0.0130603 -566.036 -11.8584

Types

1 1
2 2
3 3
4 4
5 5
6 6
7 7
8 8
9 9
10 10
11 11
12 12
13 13
14 14
15 15
16 16
17 17
18 18
19 19
20 20
21 21
22 22
23 23
24 24
25 25
26 26
27 27
28 28
29 29
30 30
31 31
32 32
33 33
34 34
35 35
36 36
37 37
38 38
39 39
40 40
41 41
42 42
43 43
44 44
45 45
46 46
47 47
48 48
49 49
50 50
51 51
52 52
53 53
54 54
55 55
56 56
57 57
58 58
59 59
60 60
61 61
62 62
63 63
64 64
65 65
66 66
67 67
68 68
69 69
70 70
71 71
72 72
73 73
74 74
75 75
76 76
77 77
78 78
79 79
80 80
81 81
82 82
83 83
84 84

Molecules

1 1
2 1
3 1
4 1
5 1
6 1
7 1
8 1
9 1
10 1
11 1
12 1
13 1
14 1
15 1
16 1
17 1
18 1
19 1
20 1
21 1
22 1
23 1
24 1
25 1
26 1
27 1
28 1
29 1
30 1
31 1
32 1
33 1
34 1
35 1
36 1
37 1
38 1
39 1
40 1
41 1
42 1
43 1
44 1
45 1
46 1
47 1
48 1
49 1
50 1
51 1
52 1
53 1
54 1
55 1
56 1
57 1
58 1
59 1
60 1
61 1
62 1
63 1
64 1
65 1
66 1
67 1
68 1
69 1
70 1
71 1
72 1
73 1
74 1
75 1
76 1
77 1
78 1
79 1
80 1
81 1
82 1
83 1
84 1

Bonds

1 1 1 2 
2 2 2 3 
3 3 3 4 
4 4 4 5 
5 5 5 6 
6 6 6 7 
7 7 7 8 
8 8 8 9 
9 9 9 10 
10 10 10 11 
11 11 11 12 
12 12 12 13 
13 13 13 14 
14 14 14 15 
15 15 15 16 
16 16 16 17 
17 17 17 18 
18 18 18 19 
19 19 19 20 
20 20 20 21 
21 21 21 22 
22 22 22 23 
23 23 23 24 
24 24 24 25 
25 25 25 26 
26 26 26 27 
27 27 27 28 
28 28 28 29 
29 29 29 30 
30 30 30 31 
31 31 31 32 
32 32 32 33 
33 33 33 34 
34 34 34 35 
35 35 35 36 
36 36 36 37 
37 37 37 38 
38 38 38 39 
39 39 39 40 
40 40 40 41 
41 41 41 42 
42 42 42 43 
43 43 43 44 
44 44 44 45 
45 45 45 46 
46 46 46 47 
47 47 47 48 
48 48 48 49 
49 49 49 50 
50 50 50 51 
51 51 51 52 
52 52 52 53 
53 53 53 54 
54 54 54 55 
55 55 55 56 
56 56 56 57 
57 57 57 58 
58 58 58 59 
59 59 59 60 
60 60 60 61 
61 61 61 62 
62 62 62 63 
63 63 63 64 
64 64 64 65 
65 65 65 66 
66 66 66 67 
67 67 67 68 
68 68 68 69 
69 69 69 70 
70 70 70 71 
71 71 71 72 
72 72 72 73 
73 73 73 74 
74 74 74 75 
75 75 75 76 
76 76 76 77 
77 77 77 78 
78 78 78 79 
79 79 79 80 
80 80 80 81 
81 81 81 82 
82 82 82 83 
83 83 83 84 

Angles

1 1 1 2 3 
2 2 2 3 4 
3 3 3 4 5 
4 4 4 5 6 
5 5 5 6 7 
6 6 6 7 8 
7 7 7 8 9 
8 8 8 9 10 
9 9 9 10 11 
10 10 10 11 12 
11 11 11 12 13 
12 12 12 13 14 
13 13 13 14 15 
14 14 14 15 16 
15 15 15 16 17 
16 16 16 17 18 
17 17 17 18 19 
18 18 18 19 20 
19 19 19 20 21 
20 20 20 21 22 
21 21 21 22 23 
22 22 22 23 24 
23 23 23 24 25 
24 24 24 25 26 
25 25 25 26 27 
26 26 26 27 28 
27 27 27 28 29 
28 28 28 29 30 
29 29 29 30 31 
30 30 30 31 32 
31 31 31 32 33 
32 32 32 33 34 
33 33 33 34 35 
34 34 34 35 36 
35 35 35 36 37 
36 36 36 37 38 
37 37 37 38 39 
38 38 38 39 40 
39 39 39 40 41 
40 40 40 41 42 
41 41 41 42 43 
42 42 42 43 44 
43 43 43 44 45 
44 44 44 45 46 
45 45 45 46 47 
46 46 46 47 48 
47 47 47 48 49 
48 48 48 49 50 
49 49 49 50 51 
50 50 50 51 52 
51 51 51 52 53 
52 52 52 53 54 
53 53 53 54 55 
54 54 54 55 56 
55 55 55 56 57 
56 56 56 57 58 
57 57 57 58 59 
58 58 58 59 60 
59 59 59 60 61 
60 60 60 61 62 
61 61 61 62 63 
62 62 62 63 64 
63 63 63 64 65 
64 64 64 65 66 
65 65 65 66 67 
66 66 66 67 68 
67 67 67 68 69 
68 68 68 69 70 
69 69 69 70 71 
70 70 70 71 72 
71 71 71 72 73 
72 72 72 73 74 
73 73 73 74 75 
74 74 74 75 76 
75 75 75 76 77 
76 76 76 77 78 
77 77 77 78 79 
78 78 78 79 80 
79 79 79 80 81 
80 80 80 81 82 
81 81 81 82 83 
82 82 82 83 84 
