# Minimized Production Model for dispRatio of 0.96

168 atoms
167 bonds
166 angles
0 dihedrals
0 impropers


Coords

1 128.96 341.433 9.69175
2 125.449 335.624 9.76939
3 121.936 329.816 9.84513
4 118.418 324.01 9.91919
5 114.894 318.209 9.99037
6 111.364 312.411 10.0588
7 107.827 306.616 10.1246
8 104.283 300.827 10.1876
9 100.729 295.043 10.2479
10 97.1676 289.264 10.3044
11 93.5962 283.491 10.3555
12 90.0153 277.725 10.3994
13 86.424 271.964 10.4363
14 82.8232 266.21 10.4666
15 79.214 260.461 10.4904
16 75.5985 254.716 10.5073
17 71.979 248.974 10.5184
18 68.356 243.234 10.5221
19 64.7335 237.493 10.5189
20 61.1128 231.753 10.5075
21 57.4963 226.009 10.4871
22 53.8878 220.26 10.4581
23 50.2921 214.504 10.4204
24 46.713 208.739 10.374
25 43.1542 202.961 10.3204
26 39.6206 197.167 10.2595
27 36.1172 191.356 10.1913
28 32.6496 185.525 10.1142
29 29.2216 179.67 10.0293
30 25.8384 173.79 9.93466
31 22.5072 167.881 9.82914
32 19.2343 161.94 9.71351
33 16.0251 155.965 9.58925
34 12.886 149.953 9.45654
35 9.82308 143.903 9.31434
36 6.8421 137.813 9.16371
37 3.94791 131.681 9.00436
38 1.1463 125.508 8.83515
39 -1.55748 119.291 8.65492
40 -4.15757 113.032 8.46454
41 -6.6483 106.727 8.26388
42 -9.02428 100.38 8.05315
43 -11.2809 93.9901 7.83314
44 -13.4133 87.5579 7.60425
45 -15.4178 81.0851 7.36663
46 -17.2918 74.5736 7.11904
47 -19.0328 68.026 6.86185
48 -20.6384 61.4441 6.59464
49 -22.1067 54.8307 6.31809
50 -23.4354 48.1879 6.03327
51 -24.6227 41.518 5.74171
52 -25.6675 34.8252 5.44372
53 -26.5704 28.1117 5.13914
54 -27.3323 21.3808 4.82895
55 -27.9535 14.6353 4.51323
56 -28.4361 7.8792 4.19262
57 -28.7831 1.11431 3.86816
58 -28.9968 -5.6562 3.54068
59 -29.0798 -12.4297 3.21131
60 -29.0341 -19.2043 2.88178
61 -28.863 -25.9775 2.55309
62 -28.5697 -32.7464 2.22574
63 -28.1578 -39.5101 1.90094
64 -27.6313 -46.2659 1.579
65 -26.9957 -53.013 1.26032
66 -26.2549 -59.7499 0.946723
67 -25.4138 -66.4765 0.639429
68 -24.4769 -73.1904 0.339065
69 -23.4484 -79.8918 0.0464617
70 -22.3316 -86.5799 -0.236305
71 -21.1316 -93.2547 -0.508617
72 -19.8542 -99.9159 -0.770603
73 -18.504 -106.563 -1.02248
74 -17.085 -113.198 -1.26328
75 -15.6017 -119.819 -1.49136
76 -14.0604 -126.427 -1.70645
77 -12.4646 -133.025 -1.90672
78 -10.818 -139.609 -2.0916
79 -9.12387 -146.183 -2.26132
80 -7.38704 -152.746 -2.4163
81 -5.61155 -159.3 -2.55609
82 -3.80116 -165.844 -2.68095
83 -1.9603 -172.382 -2.7907
84 -0.093489 -178.912 -2.88396
85 1.79549 -185.436 -2.96155
86 3.70427 -191.956 -3.02353
87 5.62975 -198.471 -3.0697
88 7.56916 -204.982 -3.09961
89 9.52002 -211.49 -3.11411
90 11.478 -217.996 -3.11356
91 13.4402 -224.502 -3.09841
92 15.4043 -231.007 -3.06939
93 17.3679 -237.513 -3.02661
94 19.3277 -244.02 -2.97014
95 21.2824 -250.529 -2.89959
96 23.2306 -257.041 -2.8158
97 25.17 -263.554 -2.71921
98 27.1 -270.071 -2.61062
99 29.0194 -276.591 -2.49109
100 30.9259 -283.116 -2.36181
101 32.8171 -289.644 -2.22359
102 34.6931 -296.178 -2.07668
103 36.5529 -302.717 -1.92141
104 38.3955 -309.26 -1.75807
105 40.2206 -315.809 -1.58639
106 42.0274 -322.362 -1.40792
107 43.8151 -328.921 -1.22322
108 45.5839 -335.486 -1.03343
109 47.3342 -342.056 -0.839435
110 49.0643 -348.631 -0.641414
111 50.775 -355.211 -0.440452
112 52.4674 -361.797 -0.235416
113 54.1408 -368.387 -0.0275611
114 55.794 -374.983 0.182965
115 57.429 -381.583 0.394917
116 59.0472 -388.188 0.607767
117 60.6471 -394.798 0.821671
118 62.2291 -401.412 1.03486
119 63.7943 -408.031 1.24775
120 65.344 -414.652 1.46013
121 66.8787 -421.279 1.6728
122 68.3977 -427.908 1.88443
123 69.9014 -434.541 2.09431
124 71.3904 -441.178 2.3035
125 72.8651 -447.819 2.51242
126 74.325 -454.462 2.71947
127 75.7734 -461.108 2.9231
128 77.2106 -467.758 3.12434
129 78.6352 -474.41 3.32376
130 80.0476 -481.065 3.52177
131 81.4483 -487.722 3.71827
132 82.8381 -494.382 3.9126
133 84.2179 -501.045 4.10441
134 85.5889 -507.709 4.29355
135 86.9506 -514.376 4.47991
136 88.3044 -521.044 4.66318
137 89.6508 -527.714 4.84442
138 90.9905 -534.386 5.02417
139 92.3225 -541.059 5.20172
140 93.6472 -547.734 5.3774
141 94.9645 -554.411 5.55117
142 96.2757 -561.09 5.7228
143 97.5815 -567.769 5.89239
144 98.8819 -574.45 6.06168
145 100.176 -581.132 6.22884
146 101.464 -587.815 6.39301
147 102.746 -594.5 6.55545
148 104.023 -601.186 6.71654
149 105.296 -607.873 6.87518
150 106.564 -614.562 7.03154
151 107.828 -621.25 7.18808
152 109.088 -627.941 7.34402
153 110.345 -634.632 7.49732
154 111.599 -641.323 7.64806
155 112.85 -648.016 7.79808
156 114.099 -654.708 7.94688
157 115.346 -661.401 8.09491
158 116.591 -668.095 8.24303
159 117.834 -674.79 8.39054
160 119.076 -681.484 8.53718
161 120.315 -688.18 8.68343
162 121.552 -694.875 8.82785
163 122.789 -701.571 8.97205
164 124.024 -708.268 9.11749
165 125.259 -714.964 9.26274
166 126.494 -721.661 9.40659
167 127.728 -728.358 9.5495
168 128.96 -735.054 9.69175

Types

1 1
2 2
3 3
4 4
5 5
6 6
7 7
8 8
9 9
10 10
11 11
12 12
13 13
14 14
15 15
16 16
17 17
18 18
19 19
20 20
21 21
22 22
23 23
24 24
25 25
26 26
27 27
28 28
29 29
30 30
31 31
32 32
33 33
34 34
35 35
36 36
37 37
38 38
39 39
40 40
41 41
42 42
43 43
44 44
45 45
46 46
47 47
48 48
49 49
50 50
51 51
52 52
53 53
54 54
55 55
56 56
57 57
58 58
59 59
60 60
61 61
62 62
63 63
64 64
65 65
66 66
67 67
68 68
69 69
70 70
71 71
72 72
73 73
74 74
75 75
76 76
77 77
78 78
79 79
80 80
81 81
82 82
83 83
84 84
85 85
86 86
87 87
88 88
89 89
90 90
91 91
92 92
93 93
94 94
95 95
96 96
97 97
98 98
99 99
100 100
101 101
102 102
103 103
104 104
105 105
106 106
107 107
108 108
109 109
110 110
111 111
112 112
113 113
114 114
115 115
116 116
117 117
118 118
119 119
120 120
121 121
122 122
123 123
124 124
125 125
126 126
127 127
128 128
129 129
130 130
131 131
132 132
133 133
134 134
135 135
136 136
137 137
138 138
139 139
140 140
141 141
142 142
143 143
144 144
145 145
146 146
147 147
148 148
149 149
150 150
151 151
152 152
153 153
154 154
155 155
156 156
157 157
158 158
159 159
160 160
161 161
162 162
163 163
164 164
165 165
166 166
167 167
168 168

Molecules

1 1
2 1
3 1
4 1
5 1
6 1
7 1
8 1
9 1
10 1
11 1
12 1
13 1
14 1
15 1
16 1
17 1
18 1
19 1
20 1
21 1
22 1
23 1
24 1
25 1
26 1
27 1
28 1
29 1
30 1
31 1
32 1
33 1
34 1
35 1
36 1
37 1
38 1
39 1
40 1
41 1
42 1
43 1
44 1
45 1
46 1
47 1
48 1
49 1
50 1
51 1
52 1
53 1
54 1
55 1
56 1
57 1
58 1
59 1
60 1
61 1
62 1
63 1
64 1
65 1
66 1
67 1
68 1
69 1
70 1
71 1
72 1
73 1
74 1
75 1
76 1
77 1
78 1
79 1
80 1
81 1
82 1
83 1
84 1
85 1
86 1
87 1
88 1
89 1
90 1
91 1
92 1
93 1
94 1
95 1
96 1
97 1
98 1
99 1
100 1
101 1
102 1
103 1
104 1
105 1
106 1
107 1
108 1
109 1
110 1
111 1
112 1
113 1
114 1
115 1
116 1
117 1
118 1
119 1
120 1
121 1
122 1
123 1
124 1
125 1
126 1
127 1
128 1
129 1
130 1
131 1
132 1
133 1
134 1
135 1
136 1
137 1
138 1
139 1
140 1
141 1
142 1
143 1
144 1
145 1
146 1
147 1
148 1
149 1
150 1
151 1
152 1
153 1
154 1
155 1
156 1
157 1
158 1
159 1
160 1
161 1
162 1
163 1
164 1
165 1
166 1
167 1
168 1

Bonds

1 1 1 2 
2 2 2 3 
3 3 3 4 
4 4 4 5 
5 5 5 6 
6 6 6 7 
7 7 7 8 
8 8 8 9 
9 9 9 10 
10 10 10 11 
11 11 11 12 
12 12 12 13 
13 13 13 14 
14 14 14 15 
15 15 15 16 
16 16 16 17 
17 17 17 18 
18 18 18 19 
19 19 19 20 
20 20 20 21 
21 21 21 22 
22 22 22 23 
23 23 23 24 
24 24 24 25 
25 25 25 26 
26 26 26 27 
27 27 27 28 
28 28 28 29 
29 29 29 30 
30 30 30 31 
31 31 31 32 
32 32 32 33 
33 33 33 34 
34 34 34 35 
35 35 35 36 
36 36 36 37 
37 37 37 38 
38 38 38 39 
39 39 39 40 
40 40 40 41 
41 41 41 42 
42 42 42 43 
43 43 43 44 
44 44 44 45 
45 45 45 46 
46 46 46 47 
47 47 47 48 
48 48 48 49 
49 49 49 50 
50 50 50 51 
51 51 51 52 
52 52 52 53 
53 53 53 54 
54 54 54 55 
55 55 55 56 
56 56 56 57 
57 57 57 58 
58 58 58 59 
59 59 59 60 
60 60 60 61 
61 61 61 62 
62 62 62 63 
63 63 63 64 
64 64 64 65 
65 65 65 66 
66 66 66 67 
67 67 67 68 
68 68 68 69 
69 69 69 70 
70 70 70 71 
71 71 71 72 
72 72 72 73 
73 73 73 74 
74 74 74 75 
75 75 75 76 
76 76 76 77 
77 77 77 78 
78 78 78 79 
79 79 79 80 
80 80 80 81 
81 81 81 82 
82 82 82 83 
83 83 83 84 
84 84 84 85 
85 85 85 86 
86 86 86 87 
87 87 87 88 
88 88 88 89 
89 89 89 90 
90 90 90 91 
91 91 91 92 
92 92 92 93 
93 93 93 94 
94 94 94 95 
95 95 95 96 
96 96 96 97 
97 97 97 98 
98 98 98 99 
99 99 99 100 
100 100 100 101 
101 101 101 102 
102 102 102 103 
103 103 103 104 
104 104 104 105 
105 105 105 106 
106 106 106 107 
107 107 107 108 
108 108 108 109 
109 109 109 110 
110 110 110 111 
111 111 111 112 
112 112 112 113 
113 113 113 114 
114 114 114 115 
115 115 115 116 
116 116 116 117 
117 117 117 118 
118 118 118 119 
119 119 119 120 
120 120 120 121 
121 121 121 122 
122 122 122 123 
123 123 123 124 
124 124 124 125 
125 125 125 126 
126 126 126 127 
127 127 127 128 
128 128 128 129 
129 129 129 130 
130 130 130 131 
131 131 131 132 
132 132 132 133 
133 133 133 134 
134 134 134 135 
135 135 135 136 
136 136 136 137 
137 137 137 138 
138 138 138 139 
139 139 139 140 
140 140 140 141 
141 141 141 142 
142 142 142 143 
143 143 143 144 
144 144 144 145 
145 145 145 146 
146 146 146 147 
147 147 147 148 
148 148 148 149 
149 149 149 150 
150 150 150 151 
151 151 151 152 
152 152 152 153 
153 153 153 154 
154 154 154 155 
155 155 155 156 
156 156 156 157 
157 157 157 158 
158 158 158 159 
159 159 159 160 
160 160 160 161 
161 161 161 162 
162 162 162 163 
163 163 163 164 
164 164 164 165 
165 165 165 166 
166 166 166 167 
167 167 167 168 

Angles

1 1 1 2 3 
2 2 2 3 4 
3 3 3 4 5 
4 4 4 5 6 
5 5 5 6 7 
6 6 6 7 8 
7 7 7 8 9 
8 8 8 9 10 
9 9 9 10 11 
10 10 10 11 12 
11 11 11 12 13 
12 12 12 13 14 
13 13 13 14 15 
14 14 14 15 16 
15 15 15 16 17 
16 16 16 17 18 
17 17 17 18 19 
18 18 18 19 20 
19 19 19 20 21 
20 20 20 21 22 
21 21 21 22 23 
22 22 22 23 24 
23 23 23 24 25 
24 24 24 25 26 
25 25 25 26 27 
26 26 26 27 28 
27 27 27 28 29 
28 28 28 29 30 
29 29 29 30 31 
30 30 30 31 32 
31 31 31 32 33 
32 32 32 33 34 
33 33 33 34 35 
34 34 34 35 36 
35 35 35 36 37 
36 36 36 37 38 
37 37 37 38 39 
38 38 38 39 40 
39 39 39 40 41 
40 40 40 41 42 
41 41 41 42 43 
42 42 42 43 44 
43 43 43 44 45 
44 44 44 45 46 
45 45 45 46 47 
46 46 46 47 48 
47 47 47 48 49 
48 48 48 49 50 
49 49 49 50 51 
50 50 50 51 52 
51 51 51 52 53 
52 52 52 53 54 
53 53 53 54 55 
54 54 54 55 56 
55 55 55 56 57 
56 56 56 57 58 
57 57 57 58 59 
58 58 58 59 60 
59 59 59 60 61 
60 60 60 61 62 
61 61 61 62 63 
62 62 62 63 64 
63 63 63 64 65 
64 64 64 65 66 
65 65 65 66 67 
66 66 66 67 68 
67 67 67 68 69 
68 68 68 69 70 
69 69 69 70 71 
70 70 70 71 72 
71 71 71 72 73 
72 72 72 73 74 
73 73 73 74 75 
74 74 74 75 76 
75 75 75 76 77 
76 76 76 77 78 
77 77 77 78 79 
78 78 78 79 80 
79 79 79 80 81 
80 80 80 81 82 
81 81 81 82 83 
82 82 82 83 84 
83 83 83 84 85 
84 84 84 85 86 
85 85 85 86 87 
86 86 86 87 88 
87 87 87 88 89 
88 88 88 89 90 
89 89 89 90 91 
90 90 90 91 92 
91 91 91 92 93 
92 92 92 93 94 
93 93 93 94 95 
94 94 94 95 96 
95 95 95 96 97 
96 96 96 97 98 
97 97 97 98 99 
98 98 98 99 100 
99 99 99 100 101 
100 100 100 101 102 
101 101 101 102 103 
102 102 102 103 104 
103 103 103 104 105 
104 104 104 105 106 
105 105 105 106 107 
106 106 106 107 108 
107 107 107 108 109 
108 108 108 109 110 
109 109 109 110 111 
110 110 110 111 112 
111 111 111 112 113 
112 112 112 113 114 
113 113 113 114 115 
114 114 114 115 116 
115 115 115 116 117 
116 116 116 117 118 
117 117 117 118 119 
118 118 118 119 120 
119 119 119 120 121 
120 120 120 121 122 
121 121 121 122 123 
122 122 122 123 124 
123 123 123 124 125 
124 124 124 125 126 
125 125 125 126 127 
126 126 126 127 128 
127 127 127 128 129 
128 128 128 129 130 
129 129 129 130 131 
130 130 130 131 132 
131 131 131 132 133 
132 132 132 133 134 
133 133 133 134 135 
134 134 134 135 136 
135 135 135 136 137 
136 136 136 137 138 
137 137 137 138 139 
138 138 138 139 140 
139 139 139 140 141 
140 140 140 141 142 
141 141 141 142 143 
142 142 142 143 144 
143 143 143 144 145 
144 144 144 145 146 
145 145 145 146 147 
146 146 146 147 148 
147 147 147 148 149 
148 148 148 149 150 
149 149 149 150 151 
150 150 150 151 152 
151 151 151 152 153 
152 152 152 153 154 
153 153 153 154 155 
154 154 154 155 156 
155 155 155 156 157 
156 156 156 157 158 
157 157 157 158 159 
158 158 158 159 160 
159 159 159 160 161 
160 160 160 161 162 
161 161 161 162 163 
162 162 162 163 164 
163 163 163 164 165 
164 164 164 165 166 
165 165 165 166 167 
166 166 166 167 168 
