# Minimized Production Model for dispRatio of 0.15

84 atoms
83 bonds
82 angles
0 dihedrals
0 impropers


Coords

1 -0.0130603 -313.734 -11.8584
2 -0.0239833 -304.122 -2.35325
3 -0.0326874 -294.48 7.1219
4 -0.0373983 -284.778 16.5362
5 -0.038169 -274.988 25.8571
6 -0.0369327 -265.078 35.0504
7 -0.0356778 -255.019 44.0807
8 -0.0351587 -244.783 52.91
9 -0.0352902 -234.345 61.499
10 -0.0359186 -223.682 69.8062
11 -0.0368979 -212.774 77.7874
12 -0.0383778 -201.601 85.3942
13 -0.0403584 -190.149 92.5743
14 -0.0423061 -178.409 99.2715
15 -0.0448285 -166.376 105.425
16 -0.0495859 -154.052 110.971
17 -0.0567462 -141.446 115.841
18 -0.064007 -128.577 119.965
19 -0.0689465 -115.475 123.272
20 -0.0705815 -102.182 125.689
21 -0.0682561 -88.7493 127.145
22 -0.0613339 -75.2464 127.575
23 -0.051382 -61.7537 126.917
24 -0.0413168 -48.3668 125.117
25 -0.0340968 -35.1947 122.132
26 -0.0306504 -22.3605 117.929
27 -0.0301573 -9.99879 112.495
28 -0.0314063 1.74839 105.838
29 -0.0336123 12.7337 97.9901
30 -0.0363822 22.8101 89.0053
31 -0.038298 31.8329 78.9643
32 -0.0383269 39.6679 67.9718
33 -0.0368383 46.1933 56.1558
34 -0.0343217 51.3081 43.6648
35 -0.0303271 54.9348 30.6637
36 -0.0238401 57.0245 17.3291
37 -0.0145997 57.5565 3.8418
38 -0.00233228 56.5397 -9.61773
39 0.0124217 54.01 -22.8772
40 0.026976 50.0273 -35.7759
41 0.0389032 44.6732 -48.169
42 0.0467702 38.0461 -59.9325
43 0.0508344 30.2578 -70.962
44 0.0520411 21.4261 -81.1773
45 0.0517442 11.6734 -90.518
46 0.0503573 1.11927 -98.9449
47 0.0478313 -10.1195 -106.436
48 0.0452022 -21.9327 -112.987
49 0.0431929 -34.2173 -118.606
50 0.0412438 -46.88 -123.316
51 0.0392869 -59.8368 -127.147
52 0.0387663 -73.0145 -130.137
53 0.0407057 -86.3488 -132.329
54 0.0439165 -99.7859 -133.77
55 0.0469973 -113.28 -134.509
56 0.0492501 -126.795 -134.591
57 0.050737 -140.301 -134.064
58 0.0516349 -153.773 -132.974
59 0.0513646 -167.194 -131.367
60 0.048902 -180.55 -129.285
61 0.0437163 -193.832 -126.772
62 0.0371041 -207.035 -123.866
63 0.0310613 -220.153 -120.603
64 0.0267662 -233.188 -117.018
65 0.0243515 -246.139 -113.143
66 0.0238542 -259.009 -109.008
67 0.0251662 -271.803 -104.638
68 0.0279014 -284.522 -100.058
69 0.031173 -297.173 -95.2892
70 0.0342809 -309.758 -90.3537
71 0.0363803 -322.286 -85.2705
72 0.0363642 -334.76 -80.0587
73 0.0324054 -347.187 -74.7346
74 0.0240204 -359.571 -69.3114
75 0.0126658 -371.915 -63.8008
76 0.000949456 -384.225 -58.2126
77 -0.00834199 -396.503 -52.5564
78 -0.0142246 -408.755 -46.8415
79 -0.017099 -420.984 -41.079
80 -0.0183363 -433.196 -35.2796
81 -0.0191122 -445.394 -29.4517
82 -0.0186082 -457.581 -23.6003
83 -0.0168446 -469.76 -17.7345
84 -0.0130603 -481.935 -11.8584

Types

1 1
2 2
3 3
4 4
5 5
6 6
7 7
8 8
9 9
10 10
11 11
12 12
13 13
14 14
15 15
16 16
17 17
18 18
19 19
20 20
21 21
22 22
23 23
24 24
25 25
26 26
27 27
28 28
29 29
30 30
31 31
32 32
33 33
34 34
35 35
36 36
37 37
38 38
39 39
40 40
41 41
42 42
43 43
44 44
45 45
46 46
47 47
48 48
49 49
50 50
51 51
52 52
53 53
54 54
55 55
56 56
57 57
58 58
59 59
60 60
61 61
62 62
63 63
64 64
65 65
66 66
67 67
68 68
69 69
70 70
71 71
72 72
73 73
74 74
75 75
76 76
77 77
78 78
79 79
80 80
81 81
82 82
83 83
84 84

Molecules

1 1
2 1
3 1
4 1
5 1
6 1
7 1
8 1
9 1
10 1
11 1
12 1
13 1
14 1
15 1
16 1
17 1
18 1
19 1
20 1
21 1
22 1
23 1
24 1
25 1
26 1
27 1
28 1
29 1
30 1
31 1
32 1
33 1
34 1
35 1
36 1
37 1
38 1
39 1
40 1
41 1
42 1
43 1
44 1
45 1
46 1
47 1
48 1
49 1
50 1
51 1
52 1
53 1
54 1
55 1
56 1
57 1
58 1
59 1
60 1
61 1
62 1
63 1
64 1
65 1
66 1
67 1
68 1
69 1
70 1
71 1
72 1
73 1
74 1
75 1
76 1
77 1
78 1
79 1
80 1
81 1
82 1
83 1
84 1

Bonds

1 1 1 2 
2 2 2 3 
3 3 3 4 
4 4 4 5 
5 5 5 6 
6 6 6 7 
7 7 7 8 
8 8 8 9 
9 9 9 10 
10 10 10 11 
11 11 11 12 
12 12 12 13 
13 13 13 14 
14 14 14 15 
15 15 15 16 
16 16 16 17 
17 17 17 18 
18 18 18 19 
19 19 19 20 
20 20 20 21 
21 21 21 22 
22 22 22 23 
23 23 23 24 
24 24 24 25 
25 25 25 26 
26 26 26 27 
27 27 27 28 
28 28 28 29 
29 29 29 30 
30 30 30 31 
31 31 31 32 
32 32 32 33 
33 33 33 34 
34 34 34 35 
35 35 35 36 
36 36 36 37 
37 37 37 38 
38 38 38 39 
39 39 39 40 
40 40 40 41 
41 41 41 42 
42 42 42 43 
43 43 43 44 
44 44 44 45 
45 45 45 46 
46 46 46 47 
47 47 47 48 
48 48 48 49 
49 49 49 50 
50 50 50 51 
51 51 51 52 
52 52 52 53 
53 53 53 54 
54 54 54 55 
55 55 55 56 
56 56 56 57 
57 57 57 58 
58 58 58 59 
59 59 59 60 
60 60 60 61 
61 61 61 62 
62 62 62 63 
63 63 63 64 
64 64 64 65 
65 65 65 66 
66 66 66 67 
67 67 67 68 
68 68 68 69 
69 69 69 70 
70 70 70 71 
71 71 71 72 
72 72 72 73 
73 73 73 74 
74 74 74 75 
75 75 75 76 
76 76 76 77 
77 77 77 78 
78 78 78 79 
79 79 79 80 
80 80 80 81 
81 81 81 82 
82 82 82 83 
83 83 83 84 

Angles

1 1 1 2 3 
2 2 2 3 4 
3 3 3 4 5 
4 4 4 5 6 
5 5 5 6 7 
6 6 6 7 8 
7 7 7 8 9 
8 8 8 9 10 
9 9 9 10 11 
10 10 10 11 12 
11 11 11 12 13 
12 12 12 13 14 
13 13 13 14 15 
14 14 14 15 16 
15 15 15 16 17 
16 16 16 17 18 
17 17 17 18 19 
18 18 18 19 20 
19 19 19 20 21 
20 20 20 21 22 
21 21 21 22 23 
22 22 22 23 24 
23 23 23 24 25 
24 24 24 25 26 
25 25 25 26 27 
26 26 26 27 28 
27 27 27 28 29 
28 28 28 29 30 
29 29 29 30 31 
30 30 30 31 32 
31 31 31 32 33 
32 32 32 33 34 
33 33 33 34 35 
34 34 34 35 36 
35 35 35 36 37 
36 36 36 37 38 
37 37 37 38 39 
38 38 38 39 40 
39 39 39 40 41 
40 40 40 41 42 
41 41 41 42 43 
42 42 42 43 44 
43 43 43 44 45 
44 44 44 45 46 
45 45 45 46 47 
46 46 46 47 48 
47 47 47 48 49 
48 48 48 49 50 
49 49 49 50 51 
50 50 50 51 52 
51 51 51 52 53 
52 52 52 53 54 
53 53 53 54 55 
54 54 54 55 56 
55 55 55 56 57 
56 56 56 57 58 
57 57 57 58 59 
58 58 58 59 60 
59 59 59 60 61 
60 60 60 61 62 
61 61 61 62 63 
62 62 62 63 64 
63 63 63 64 65 
64 64 64 65 66 
65 65 65 66 67 
66 66 66 67 68 
67 67 67 68 69 
68 68 68 69 70 
69 69 69 70 71 
70 70 70 71 72 
71 71 71 72 73 
72 72 72 73 74 
73 73 73 74 75 
74 74 74 75 76 
75 75 75 76 77 
76 76 76 77 78 
77 77 77 78 79 
78 78 78 79 80 
79 79 79 80 81 
80 80 80 81 82 
81 81 81 82 83 
82 82 82 83 84 
