# Minimized Production Model for dispRatio of 0.03

168 atoms
167 bonds
166 angles
0 dihedrals
0 impropers


Coords

1 128.96 -179.99 9.69175
2 122.275 -179.422 9.42129
3 115.592 -178.844 9.15118
4 108.91 -178.244 8.88115
5 102.23 -177.615 8.61094
6 95.5553 -176.945 8.34077
7 88.8857 -176.224 8.07022
8 82.2228 -175.445 7.79932
9 75.5682 -174.597 7.52771
10 68.9242 -173.671 7.25475
11 62.2927 -172.661 6.98102
12 55.6762 -171.556 6.7076
13 49.0774 -170.351 6.43372
14 42.499 -169.039 6.15904
15 35.9446 -167.613 5.88448
16 29.4172 -166.069 5.60902
17 22.9204 -164.401 5.33275
18 16.4579 -162.605 5.05597
19 10.0333 -160.678 4.77879
20 3.65009 -158.617 4.50111
21 -2.68718 -156.42 4.2228
22 -8.97445 -154.084 3.94405
23 -15.2082 -151.608 3.66506
24 -21.3846 -148.992 3.38593
25 -27.4996 -146.236 3.10651
26 -33.55 -143.339 2.82724
27 -39.532 -140.304 2.54706
28 -45.4421 -137.131 2.26644
29 -51.2772 -133.821 1.98586
30 -57.0334 -130.376 1.70478
31 -62.7071 -126.797 1.42371
32 -68.2955 -123.086 1.14228
33 -73.7945 -119.243 0.861058
34 -79.2008 -115.272 0.579658
35 -84.5109 -111.171 0.298059
36 -89.7214 -106.946 0.0167717
37 -94.8286 -102.596 -0.264732
38 -99.8294 -98.1232 -0.546357
39 -104.719 -93.5299 -0.827782
40 -109.494 -88.8169 -1.10901
41 -114.149 -83.9852 -1.39
42 -118.679 -79.0364 -1.67088
43 -123.08 -73.9721 -1.95165
44 -127.345 -68.7928 -2.23125
45 -131.469 -63.5002 -2.50937
46 -135.444 -58.0958 -2.78637
47 -139.265 -52.5807 -3.06187
48 -142.924 -46.9574 -3.33548
49 -146.414 -41.2276 -3.60787
50 -149.727 -35.3933 -3.87779
51 -152.854 -29.458 -4.14457
52 -155.789 -23.4247 -4.40866
53 -158.521 -17.2972 -4.66957
54 -161.042 -11.0799 -4.92651
55 -163.343 -4.77774 -5.17878
56 -165.414 1.60378 -5.42588
57 -167.247 8.05764 -5.66701
58 -168.833 14.5764 -5.90212
59 -170.164 21.1521 -6.1306
60 -171.233 27.7754 -6.35222
61 -172.032 34.4365 -6.56659
62 -172.556 41.1253 -6.77232
63 -172.798 47.8304 -6.96931
64 -172.751 54.5395 -7.15708
65 -172.411 61.2402 -7.33491
66 -171.773 67.9191 -7.50209
67 -170.833 74.5623 -7.65836
68 -169.587 81.1553 -7.80302
69 -168.035 87.6829 -7.9354
70 -166.176 94.1297 -8.05559
71 -164.01 100.48 -8.16295
72 -161.539 106.718 -8.25706
73 -158.765 112.827 -8.33716
74 -155.693 118.792 -8.40337
75 -152.328 124.596 -8.45531
76 -148.675 130.224 -8.49243
77 -144.744 135.661 -8.51527
78 -140.542 140.892 -8.52308
79 -136.079 145.902 -8.51556
80 -131.366 150.677 -8.49351
81 -126.414 155.204 -8.45732
82 -121.237 159.47 -8.40626
83 -115.846 163.464 -8.34071
84 -110.256 167.174 -8.2611
85 -104.483 170.59 -8.16675
86 -98.5408 173.703 -8.05806
87 -92.4465 176.506 -7.93585
88 -86.2164 178.991 -7.80073
89 -79.8672 181.154 -7.65299
90 -73.4161 182.989 -7.49262
91 -66.88 184.494 -7.32042
92 -60.2766 185.664 -7.13681
93 -53.6225 186.499 -6.94222
94 -46.9348 186.997 -6.73778
95 -40.2308 187.16 -6.52357
96 -33.5272 186.988 -6.29995
97 -26.8407 186.485 -6.06746
98 -20.187 185.655 -5.82686
99 -13.5817 184.502 -5.57907
100 -7.03929 183.034 -5.32468
101 -0.57403 181.256 -5.06417
102 5.80055 179.178 -4.79853
103 12.072 176.806 -4.52836
104 18.2289 174.152 -4.25353
105 24.2602 171.223 -3.97524
106 30.1564 168.03 -3.69389
107 35.9084 164.584 -3.4101
108 41.5081 160.896 -3.12467
109 46.9485 156.976 -2.83779
110 52.224 152.837 -2.55016
111 57.3287 148.489 -2.26233
112 62.2591 143.944 -1.97451
113 67.0124 139.214 -1.6873
114 71.5857 134.309 -1.40127
115 75.978 129.241 -1.11673
116 80.1883 124.021 -0.833866
117 84.2175 118.659 -0.552978
118 88.0654 113.165 -0.274123
119 91.7327 107.549 0.00173089
120 95.2217 101.82 0.275017
121 98.5345 95.9874 0.545122
122 101.672 90.0583 0.812149
123 104.64 84.0417 1.07637
124 107.439 77.9448 1.33685
125 110.073 71.7747 1.59402
126 112.548 65.5385 1.84735
127 114.865 59.2421 2.09671
128 117.031 52.8915 2.34277
129 119.048 46.4921 2.58528
130 120.922 40.0489 2.82362
131 122.657 33.5665 3.05772
132 124.258 27.0492 3.28829
133 125.728 20.5011 3.51486
134 127.074 13.926 3.73789
135 128.299 7.32701 3.95775
136 129.408 0.707286 4.17349
137 130.406 -5.9302 4.38576
138 131.298 -12.583 4.59441
139 132.089 -19.2489 4.79954
140 132.782 -25.9257 5.00146
141 133.385 -32.6115 5.20044
142 133.9 -39.3047 5.39574
143 134.333 -46.0039 5.5878
144 134.688 -52.7079 5.77705
145 134.969 -59.4154 5.963
146 135.18 -66.1257 6.14596
147 135.324 -72.8378 6.32648
148 135.406 -79.551 6.50446
149 135.429 -86.2646 6.67975
150 135.397 -92.9784 6.85265
151 135.313 -99.6916 7.02365
152 135.181 -106.404 7.19185
153 135.004 -113.115 7.3581
154 134.784 -119.825 7.52259
155 134.525 -126.534 7.68526
156 134.23 -133.241 7.84624
157 133.902 -139.947 8.00562
158 133.544 -146.651 8.16363
159 133.16 -153.354 8.32022
160 132.752 -160.056 8.47557
161 132.323 -166.756 8.63014
162 131.876 -173.455 8.78353
163 131.414 -180.153 8.93607
164 130.94 -186.849 9.0879
165 130.455 -193.546 9.23904
166 129.961 -200.241 9.39004
167 129.463 -206.936 9.54105
168 128.96 -213.631 9.69175

Types

1 1
2 2
3 3
4 4
5 5
6 6
7 7
8 8
9 9
10 10
11 11
12 12
13 13
14 14
15 15
16 16
17 17
18 18
19 19
20 20
21 21
22 22
23 23
24 24
25 25
26 26
27 27
28 28
29 29
30 30
31 31
32 32
33 33
34 34
35 35
36 36
37 37
38 38
39 39
40 40
41 41
42 42
43 43
44 44
45 45
46 46
47 47
48 48
49 49
50 50
51 51
52 52
53 53
54 54
55 55
56 56
57 57
58 58
59 59
60 60
61 61
62 62
63 63
64 64
65 65
66 66
67 67
68 68
69 69
70 70
71 71
72 72
73 73
74 74
75 75
76 76
77 77
78 78
79 79
80 80
81 81
82 82
83 83
84 84
85 85
86 86
87 87
88 88
89 89
90 90
91 91
92 92
93 93
94 94
95 95
96 96
97 97
98 98
99 99
100 100
101 101
102 102
103 103
104 104
105 105
106 106
107 107
108 108
109 109
110 110
111 111
112 112
113 113
114 114
115 115
116 116
117 117
118 118
119 119
120 120
121 121
122 122
123 123
124 124
125 125
126 126
127 127
128 128
129 129
130 130
131 131
132 132
133 133
134 134
135 135
136 136
137 137
138 138
139 139
140 140
141 141
142 142
143 143
144 144
145 145
146 146
147 147
148 148
149 149
150 150
151 151
152 152
153 153
154 154
155 155
156 156
157 157
158 158
159 159
160 160
161 161
162 162
163 163
164 164
165 165
166 166
167 167
168 168

Molecules

1 1
2 1
3 1
4 1
5 1
6 1
7 1
8 1
9 1
10 1
11 1
12 1
13 1
14 1
15 1
16 1
17 1
18 1
19 1
20 1
21 1
22 1
23 1
24 1
25 1
26 1
27 1
28 1
29 1
30 1
31 1
32 1
33 1
34 1
35 1
36 1
37 1
38 1
39 1
40 1
41 1
42 1
43 1
44 1
45 1
46 1
47 1
48 1
49 1
50 1
51 1
52 1
53 1
54 1
55 1
56 1
57 1
58 1
59 1
60 1
61 1
62 1
63 1
64 1
65 1
66 1
67 1
68 1
69 1
70 1
71 1
72 1
73 1
74 1
75 1
76 1
77 1
78 1
79 1
80 1
81 1
82 1
83 1
84 1
85 1
86 1
87 1
88 1
89 1
90 1
91 1
92 1
93 1
94 1
95 1
96 1
97 1
98 1
99 1
100 1
101 1
102 1
103 1
104 1
105 1
106 1
107 1
108 1
109 1
110 1
111 1
112 1
113 1
114 1
115 1
116 1
117 1
118 1
119 1
120 1
121 1
122 1
123 1
124 1
125 1
126 1
127 1
128 1
129 1
130 1
131 1
132 1
133 1
134 1
135 1
136 1
137 1
138 1
139 1
140 1
141 1
142 1
143 1
144 1
145 1
146 1
147 1
148 1
149 1
150 1
151 1
152 1
153 1
154 1
155 1
156 1
157 1
158 1
159 1
160 1
161 1
162 1
163 1
164 1
165 1
166 1
167 1
168 1

Bonds

1 1 1 2 
2 2 2 3 
3 3 3 4 
4 4 4 5 
5 5 5 6 
6 6 6 7 
7 7 7 8 
8 8 8 9 
9 9 9 10 
10 10 10 11 
11 11 11 12 
12 12 12 13 
13 13 13 14 
14 14 14 15 
15 15 15 16 
16 16 16 17 
17 17 17 18 
18 18 18 19 
19 19 19 20 
20 20 20 21 
21 21 21 22 
22 22 22 23 
23 23 23 24 
24 24 24 25 
25 25 25 26 
26 26 26 27 
27 27 27 28 
28 28 28 29 
29 29 29 30 
30 30 30 31 
31 31 31 32 
32 32 32 33 
33 33 33 34 
34 34 34 35 
35 35 35 36 
36 36 36 37 
37 37 37 38 
38 38 38 39 
39 39 39 40 
40 40 40 41 
41 41 41 42 
42 42 42 43 
43 43 43 44 
44 44 44 45 
45 45 45 46 
46 46 46 47 
47 47 47 48 
48 48 48 49 
49 49 49 50 
50 50 50 51 
51 51 51 52 
52 52 52 53 
53 53 53 54 
54 54 54 55 
55 55 55 56 
56 56 56 57 
57 57 57 58 
58 58 58 59 
59 59 59 60 
60 60 60 61 
61 61 61 62 
62 62 62 63 
63 63 63 64 
64 64 64 65 
65 65 65 66 
66 66 66 67 
67 67 67 68 
68 68 68 69 
69 69 69 70 
70 70 70 71 
71 71 71 72 
72 72 72 73 
73 73 73 74 
74 74 74 75 
75 75 75 76 
76 76 76 77 
77 77 77 78 
78 78 78 79 
79 79 79 80 
80 80 80 81 
81 81 81 82 
82 82 82 83 
83 83 83 84 
84 84 84 85 
85 85 85 86 
86 86 86 87 
87 87 87 88 
88 88 88 89 
89 89 89 90 
90 90 90 91 
91 91 91 92 
92 92 92 93 
93 93 93 94 
94 94 94 95 
95 95 95 96 
96 96 96 97 
97 97 97 98 
98 98 98 99 
99 99 99 100 
100 100 100 101 
101 101 101 102 
102 102 102 103 
103 103 103 104 
104 104 104 105 
105 105 105 106 
106 106 106 107 
107 107 107 108 
108 108 108 109 
109 109 109 110 
110 110 110 111 
111 111 111 112 
112 112 112 113 
113 113 113 114 
114 114 114 115 
115 115 115 116 
116 116 116 117 
117 117 117 118 
118 118 118 119 
119 119 119 120 
120 120 120 121 
121 121 121 122 
122 122 122 123 
123 123 123 124 
124 124 124 125 
125 125 125 126 
126 126 126 127 
127 127 127 128 
128 128 128 129 
129 129 129 130 
130 130 130 131 
131 131 131 132 
132 132 132 133 
133 133 133 134 
134 134 134 135 
135 135 135 136 
136 136 136 137 
137 137 137 138 
138 138 138 139 
139 139 139 140 
140 140 140 141 
141 141 141 142 
142 142 142 143 
143 143 143 144 
144 144 144 145 
145 145 145 146 
146 146 146 147 
147 147 147 148 
148 148 148 149 
149 149 149 150 
150 150 150 151 
151 151 151 152 
152 152 152 153 
153 153 153 154 
154 154 154 155 
155 155 155 156 
156 156 156 157 
157 157 157 158 
158 158 158 159 
159 159 159 160 
160 160 160 161 
161 161 161 162 
162 162 162 163 
163 163 163 164 
164 164 164 165 
165 165 165 166 
166 166 166 167 
167 167 167 168 

Angles

1 1 1 2 3 
2 2 2 3 4 
3 3 3 4 5 
4 4 4 5 6 
5 5 5 6 7 
6 6 6 7 8 
7 7 7 8 9 
8 8 8 9 10 
9 9 9 10 11 
10 10 10 11 12 
11 11 11 12 13 
12 12 12 13 14 
13 13 13 14 15 
14 14 14 15 16 
15 15 15 16 17 
16 16 16 17 18 
17 17 17 18 19 
18 18 18 19 20 
19 19 19 20 21 
20 20 20 21 22 
21 21 21 22 23 
22 22 22 23 24 
23 23 23 24 25 
24 24 24 25 26 
25 25 25 26 27 
26 26 26 27 28 
27 27 27 28 29 
28 28 28 29 30 
29 29 29 30 31 
30 30 30 31 32 
31 31 31 32 33 
32 32 32 33 34 
33 33 33 34 35 
34 34 34 35 36 
35 35 35 36 37 
36 36 36 37 38 
37 37 37 38 39 
38 38 38 39 40 
39 39 39 40 41 
40 40 40 41 42 
41 41 41 42 43 
42 42 42 43 44 
43 43 43 44 45 
44 44 44 45 46 
45 45 45 46 47 
46 46 46 47 48 
47 47 47 48 49 
48 48 48 49 50 
49 49 49 50 51 
50 50 50 51 52 
51 51 51 52 53 
52 52 52 53 54 
53 53 53 54 55 
54 54 54 55 56 
55 55 55 56 57 
56 56 56 57 58 
57 57 57 58 59 
58 58 58 59 60 
59 59 59 60 61 
60 60 60 61 62 
61 61 61 62 63 
62 62 62 63 64 
63 63 63 64 65 
64 64 64 65 66 
65 65 65 66 67 
66 66 66 67 68 
67 67 67 68 69 
68 68 68 69 70 
69 69 69 70 71 
70 70 70 71 72 
71 71 71 72 73 
72 72 72 73 74 
73 73 73 74 75 
74 74 74 75 76 
75 75 75 76 77 
76 76 76 77 78 
77 77 77 78 79 
78 78 78 79 80 
79 79 79 80 81 
80 80 80 81 82 
81 81 81 82 83 
82 82 82 83 84 
83 83 83 84 85 
84 84 84 85 86 
85 85 85 86 87 
86 86 86 87 88 
87 87 87 88 89 
88 88 88 89 90 
89 89 89 90 91 
90 90 90 91 92 
91 91 91 92 93 
92 92 92 93 94 
93 93 93 94 95 
94 94 94 95 96 
95 95 95 96 97 
96 96 96 97 98 
97 97 97 98 99 
98 98 98 99 100 
99 99 99 100 101 
100 100 100 101 102 
101 101 101 102 103 
102 102 102 103 104 
103 103 103 104 105 
104 104 104 105 106 
105 105 105 106 107 
106 106 106 107 108 
107 107 107 108 109 
108 108 108 109 110 
109 109 109 110 111 
110 110 110 111 112 
111 111 111 112 113 
112 112 112 113 114 
113 113 113 114 115 
114 114 114 115 116 
115 115 115 116 117 
116 116 116 117 118 
117 117 117 118 119 
118 118 118 119 120 
119 119 119 120 121 
120 120 120 121 122 
121 121 121 122 123 
122 122 122 123 124 
123 123 123 124 125 
124 124 124 125 126 
125 125 125 126 127 
126 126 126 127 128 
127 127 127 128 129 
128 128 128 129 130 
129 129 129 130 131 
130 130 130 131 132 
131 131 131 132 133 
132 132 132 133 134 
133 133 133 134 135 
134 134 134 135 136 
135 135 135 136 137 
136 136 136 137 138 
137 137 137 138 139 
138 138 138 139 140 
139 139 139 140 141 
140 140 140 141 142 
141 141 141 142 143 
142 142 142 143 144 
143 143 143 144 145 
144 144 144 145 146 
145 145 145 146 147 
146 146 146 147 148 
147 147 147 148 149 
148 148 148 149 150 
149 149 149 150 151 
150 150 150 151 152 
151 151 151 152 153 
152 152 152 153 154 
153 153 153 154 155 
154 154 154 155 156 
155 155 155 156 157 
156 156 156 157 158 
157 157 157 158 159 
158 158 158 159 160 
159 159 159 160 161 
160 160 160 161 162 
161 161 161 162 163 
162 162 162 163 164 
163 163 163 164 165 
164 164 164 165 166 
165 165 165 166 167 
166 166 166 167 168 
