# Minimized Production Model for dispRatio of 0.70

42 atoms
41 bonds
40 angles
0 dihedrals
0 impropers


Coords

1 -1.51708 366.088 -83.5037
2 10.6774 358.64 -60.1875
3 22.8857 350.943 -36.9587
4 35.1017 342.758 -13.9015
5 47.3256 333.845 8.8794
6 59.5454 323.978 31.2641
7 71.7385 312.946 53.1136
8 83.866 300.567 74.2668
9 95.865 286.692 94.5485
10 107.656 271.222 113.77
11 119.136 254.093 131.728
12 130.181 235.295 148.228
13 140.673 214.871 163.076
14 150.473 192.908 176.089
15 159.441 169.543 187.101
16 167.447 144.956 195.996
17 174.374 119.367 202.696
18 180.128 93.0111 207.169
19 184.639 66.1361 209.403
20 187.841 38.9813 209.428
21 189.706 11.7851 207.306
22 190.231 -15.2382 203.161
23 189.425 -41.897 197.136
24 187.312 -68.0388 189.402
25 183.933 -93.542 180.132
26 179.332 -118.308 169.494
27 173.576 -142.27 157.641
28 166.725 -165.387 144.739
29 158.846 -187.649 130.948
30 150.025 -209.075 116.422
31 140.35 -229.692 101.281
32 129.897 -249.534 85.6305
33 118.745 -268.645 69.5577
34 106.955 -287.076 53.1486
35 94.6075 -304.887 36.4669
36 81.7738 -322.155 19.5834
37 68.5256 -338.964 2.55674
38 54.9394 -355.402 -14.5654
39 41.0785 -371.543 -31.7495
40 27.0007 -387.451 -48.9747
41 12.7801 -403.194 -66.2322
42 -1.51708 -418.851 -83.5037

Types

1 1
2 2
3 3
4 4
5 5
6 6
7 7
8 8
9 9
10 10
11 11
12 12
13 13
14 14
15 15
16 16
17 17
18 18
19 19
20 20
21 21
22 22
23 23
24 24
25 25
26 26
27 27
28 28
29 29
30 30
31 31
32 32
33 33
34 34
35 35
36 36
37 37
38 38
39 39
40 40
41 41
42 42

Molecules

1 1
2 1
3 1
4 1
5 1
6 1
7 1
8 1
9 1
10 1
11 1
12 1
13 1
14 1
15 1
16 1
17 1
18 1
19 1
20 1
21 1
22 1
23 1
24 1
25 1
26 1
27 1
28 1
29 1
30 1
31 1
32 1
33 1
34 1
35 1
36 1
37 1
38 1
39 1
40 1
41 1
42 1

Bonds

1 1 1 2 
2 2 2 3 
3 3 3 4 
4 4 4 5 
5 5 5 6 
6 6 6 7 
7 7 7 8 
8 8 8 9 
9 9 9 10 
10 10 10 11 
11 11 11 12 
12 12 12 13 
13 13 13 14 
14 14 14 15 
15 15 15 16 
16 16 16 17 
17 17 17 18 
18 18 18 19 
19 19 19 20 
20 20 20 21 
21 21 21 22 
22 22 22 23 
23 23 23 24 
24 24 24 25 
25 25 25 26 
26 26 26 27 
27 27 27 28 
28 28 28 29 
29 29 29 30 
30 30 30 31 
31 31 31 32 
32 32 32 33 
33 33 33 34 
34 34 34 35 
35 35 35 36 
36 36 36 37 
37 37 37 38 
38 38 38 39 
39 39 39 40 
40 40 40 41 
41 41 41 42 

Angles

1 1 1 2 3 
2 2 2 3 4 
3 3 3 4 5 
4 4 4 5 6 
5 5 5 6 7 
6 6 6 7 8 
7 7 7 8 9 
8 8 8 9 10 
9 9 9 10 11 
10 10 10 11 12 
11 11 11 12 13 
12 12 12 13 14 
13 13 13 14 15 
14 14 14 15 16 
15 15 15 16 17 
16 16 16 17 18 
17 17 17 18 19 
18 18 18 19 20 
19 19 19 20 21 
20 20 20 21 22 
21 21 21 22 23 
22 22 22 23 24 
23 23 23 24 25 
24 24 24 25 26 
25 25 25 26 27 
26 26 26 27 28 
27 27 27 28 29 
28 28 28 29 30 
29 29 29 30 31 
30 30 30 31 32 
31 31 31 32 33 
32 32 32 33 34 
33 33 33 34 35 
34 34 34 35 36 
35 35 35 36 37 
36 36 36 37 38 
37 37 37 38 39 
38 38 38 39 40 
39 39 39 40 41 
40 40 40 41 42 
