# Minimized Production Model for dispRatio of 0.40

168 atoms
167 bonds
166 angles
0 dihedrals
0 impropers


Coords

1 128.96 27.4577 9.69175
2 124.711 22.2598 9.52114
3 120.452 17.0705 9.34965
4 116.171 11.8988 9.17657
5 111.857 6.75411 9.00117
6 107.501 1.64563 8.82305
7 103.091 -3.41701 8.64165
8 98.6181 -8.42375 8.45681
9 94.0719 -13.3643 8.26857
10 89.4437 -18.2281 8.0767
11 84.7258 -23.0052 7.8806
12 79.9112 -27.6846 7.67971
13 74.9932 -32.2551 7.47326
14 69.9668 -36.706 7.26057
15 64.8276 -41.0256 7.04105
16 59.5714 -45.2017 6.81391
17 54.1961 -49.2227 6.57958
18 48.7 -53.0763 6.33827
19 43.0826 -56.7502 6.09005
20 37.3451 -60.2327 5.83534
21 31.4896 -63.5121 5.57391
22 25.5194 -66.5766 5.30594
23 19.4391 -69.4152 5.0314
24 13.2543 -72.0167 4.74968
25 6.97157 -74.3701 4.46099
26 0.598637 -76.4654 4.16541
27 -5.85566 -78.2927 3.86267
28 -12.3817 -79.8424 3.55364
29 -18.9686 -81.1064 3.23926
30 -25.6045 -82.0775 2.9199
31 -32.2771 -82.7489 2.59632
32 -38.9732 -83.1143 2.26935
33 -45.6789 -83.1686 1.9392
34 -52.3794 -82.9068 1.60577
35 -59.0595 -82.3252 1.2687
36 -65.7033 -81.4196 0.928036
37 -72.2942 -80.1864 0.584483
38 -78.8149 -78.6244 0.238757
39 -85.2479 -76.7328 -0.108217
40 -91.5749 -74.5112 -0.45454
41 -97.7771 -71.9612 -0.798954
42 -103.836 -69.0863 -1.14118
43 -109.732 -65.8892 -1.48056
44 -115.444 -62.3742 -1.8172
45 -120.951 -58.547 -2.15135
46 -126.233 -54.4134 -2.48294
47 -131.266 -49.9806 -2.81167
48 -136.028 -45.2576 -3.13616
49 -140.496 -40.2557 -3.45481
50 -144.647 -34.9879 -3.76638
51 -148.459 -29.4694 -4.06925
52 -151.908 -23.7173 -4.36209
53 -154.973 -17.7518 -4.64379
54 -157.632 -11.5945 -4.91337
55 -159.862 -5.26977 -5.1707
56 -161.645 1.19525 -5.41504
57 -162.961 7.77084 -5.64542
58 -163.793 14.4247 -5.86085
59 -164.127 21.122 -6.06025
60 -163.951 27.825 -6.24278
61 -163.258 34.494 -6.40706
62 -162.043 41.0877 -6.5517
63 -160.306 47.5633 -6.67605
64 -158.051 53.877 -6.7794
65 -155.287 59.9848 -6.86093
66 -152.028 65.8432 -6.92002
67 -148.292 71.4096 -6.95614
68 -144.103 76.6431 -6.96928
69 -139.489 81.5057 -6.95951
70 -134.482 85.9622 -6.92697
71 -129.117 89.981 -6.87224
72 -123.434 93.5352 -6.79652
73 -117.474 96.6028 -6.70097
74 -111.281 99.1665 -6.58656
75 -104.898 101.215 -6.45483
76 -98.3705 102.741 -6.30692
77 -91.7423 103.746 -6.14389
78 -85.0556 104.233 -5.96717
79 -78.3508 104.212 -5.77736
80 -71.6654 103.695 -5.57592
81 -65.034 102.698 -5.36508
82 -58.488 101.241 -5.1462
83 -52.0548 99.3443 -4.92099
84 -45.7586 97.0312 -4.69096
85 -39.62 94.3261 -4.45752
86 -33.6555 91.2551 -4.22158
87 -27.8778 87.8438 -3.98369
88 -22.297 84.118 -3.74492
89 -16.9201 80.1028 -3.50589
90 -11.7504 75.8234 -3.26714
91 -6.78901 71.3033 -3.02969
92 -2.03589 66.5639 -2.79413
93 2.51122 61.6259 -2.56048
94 6.85704 56.5095 -2.3291
95 11.0072 51.2325 -2.10019
96 14.9677 45.8108 -1.87411
97 18.7459 40.2602 -1.65089
98 22.3499 34.5944 -1.43019
99 25.7885 28.8261 -1.21314
100 29.0697 22.9664 -1.00072
101 32.2022 17.0251 -0.792356
102 35.1948 11.0116 -0.587934
103 38.056 4.93381 -0.388012
104 40.794 -1.20103 -0.191432
105 43.417 -7.3863 0.00304451
106 45.9328 -13.6165 0.195918
107 48.3493 -19.8864 0.388035
108 50.6738 -26.1912 0.578934
109 52.9136 -32.5269 0.768077
110 55.0753 -38.8899 0.954724
111 57.1647 -45.2773 1.13812
112 59.1875 -51.6862 1.31809
113 61.1489 -58.1145 1.49465
114 63.0529 -64.56 1.66832
115 64.9042 -71.0206 1.84014
116 66.7064 -77.4952 2.01082
117 68.4633 -83.982 2.18012
118 70.1784 -90.4799 2.34837
119 71.8541 -96.9878 2.51543
120 73.4936 -103.505 2.68088
121 75.0997 -110.03 2.84454
122 76.6746 -116.562 3.00696
123 78.22 -123.102 3.16909
124 79.7376 -129.648 3.33054
125 81.2287 -136.2 3.49096
126 82.6944 -142.758 3.651
127 84.1348 -149.321 3.81024
128 85.5502 -155.89 3.96725
129 86.9422 -162.464 4.12222
130 88.3119 -169.043 4.27579
131 89.6599 -175.626 4.42817
132 90.9871 -182.214 4.58007
133 92.2947 -188.806 4.73156
134 93.5831 -195.402 4.88341
135 94.8521 -202.001 5.03554
136 96.1015 -208.605 5.18659
137 97.3315 -215.212 5.33654
138 98.543 -221.822 5.48525
139 99.7362 -228.436 5.63158
140 100.912 -235.053 5.77547
141 102.072 -241.673 5.91813
142 103.216 -248.295 6.05992
143 104.346 -254.92 6.20166
144 105.462 -261.547 6.3444
145 106.563 -268.177 6.48855
146 107.649 -274.808 6.63401
147 108.721 -281.442 6.78012
148 109.778 -288.078 6.92602
149 110.82 -294.716 7.07148
150 111.85 -301.356 7.21576
151 112.867 -307.998 7.35803
152 113.874 -314.642 7.49878
153 114.871 -321.286 7.63862
154 115.857 -327.933 7.7769
155 116.834 -334.58 7.9133
156 117.801 -341.229 8.04885
157 118.76 -347.879 8.18427
158 119.71 -354.53 8.31935
159 120.653 -361.182 8.45436
160 121.591 -367.835 8.5902
161 122.523 -374.489 8.72657
162 123.452 -381.143 8.86378
163 124.378 -387.798 9.00057
164 125.3 -394.453 9.13799
165 126.218 -401.109 9.27584
166 127.135 -407.765 9.41389
167 128.049 -414.422 9.55248
168 128.96 -421.079 9.69175

Types

1 1
2 2
3 3
4 4
5 5
6 6
7 7
8 8
9 9
10 10
11 11
12 12
13 13
14 14
15 15
16 16
17 17
18 18
19 19
20 20
21 21
22 22
23 23
24 24
25 25
26 26
27 27
28 28
29 29
30 30
31 31
32 32
33 33
34 34
35 35
36 36
37 37
38 38
39 39
40 40
41 41
42 42
43 43
44 44
45 45
46 46
47 47
48 48
49 49
50 50
51 51
52 52
53 53
54 54
55 55
56 56
57 57
58 58
59 59
60 60
61 61
62 62
63 63
64 64
65 65
66 66
67 67
68 68
69 69
70 70
71 71
72 72
73 73
74 74
75 75
76 76
77 77
78 78
79 79
80 80
81 81
82 82
83 83
84 84
85 85
86 86
87 87
88 88
89 89
90 90
91 91
92 92
93 93
94 94
95 95
96 96
97 97
98 98
99 99
100 100
101 101
102 102
103 103
104 104
105 105
106 106
107 107
108 108
109 109
110 110
111 111
112 112
113 113
114 114
115 115
116 116
117 117
118 118
119 119
120 120
121 121
122 122
123 123
124 124
125 125
126 126
127 127
128 128
129 129
130 130
131 131
132 132
133 133
134 134
135 135
136 136
137 137
138 138
139 139
140 140
141 141
142 142
143 143
144 144
145 145
146 146
147 147
148 148
149 149
150 150
151 151
152 152
153 153
154 154
155 155
156 156
157 157
158 158
159 159
160 160
161 161
162 162
163 163
164 164
165 165
166 166
167 167
168 168

Molecules

1 1
2 1
3 1
4 1
5 1
6 1
7 1
8 1
9 1
10 1
11 1
12 1
13 1
14 1
15 1
16 1
17 1
18 1
19 1
20 1
21 1
22 1
23 1
24 1
25 1
26 1
27 1
28 1
29 1
30 1
31 1
32 1
33 1
34 1
35 1
36 1
37 1
38 1
39 1
40 1
41 1
42 1
43 1
44 1
45 1
46 1
47 1
48 1
49 1
50 1
51 1
52 1
53 1
54 1
55 1
56 1
57 1
58 1
59 1
60 1
61 1
62 1
63 1
64 1
65 1
66 1
67 1
68 1
69 1
70 1
71 1
72 1
73 1
74 1
75 1
76 1
77 1
78 1
79 1
80 1
81 1
82 1
83 1
84 1
85 1
86 1
87 1
88 1
89 1
90 1
91 1
92 1
93 1
94 1
95 1
96 1
97 1
98 1
99 1
100 1
101 1
102 1
103 1
104 1
105 1
106 1
107 1
108 1
109 1
110 1
111 1
112 1
113 1
114 1
115 1
116 1
117 1
118 1
119 1
120 1
121 1
122 1
123 1
124 1
125 1
126 1
127 1
128 1
129 1
130 1
131 1
132 1
133 1
134 1
135 1
136 1
137 1
138 1
139 1
140 1
141 1
142 1
143 1
144 1
145 1
146 1
147 1
148 1
149 1
150 1
151 1
152 1
153 1
154 1
155 1
156 1
157 1
158 1
159 1
160 1
161 1
162 1
163 1
164 1
165 1
166 1
167 1
168 1

Bonds

1 1 1 2 
2 2 2 3 
3 3 3 4 
4 4 4 5 
5 5 5 6 
6 6 6 7 
7 7 7 8 
8 8 8 9 
9 9 9 10 
10 10 10 11 
11 11 11 12 
12 12 12 13 
13 13 13 14 
14 14 14 15 
15 15 15 16 
16 16 16 17 
17 17 17 18 
18 18 18 19 
19 19 19 20 
20 20 20 21 
21 21 21 22 
22 22 22 23 
23 23 23 24 
24 24 24 25 
25 25 25 26 
26 26 26 27 
27 27 27 28 
28 28 28 29 
29 29 29 30 
30 30 30 31 
31 31 31 32 
32 32 32 33 
33 33 33 34 
34 34 34 35 
35 35 35 36 
36 36 36 37 
37 37 37 38 
38 38 38 39 
39 39 39 40 
40 40 40 41 
41 41 41 42 
42 42 42 43 
43 43 43 44 
44 44 44 45 
45 45 45 46 
46 46 46 47 
47 47 47 48 
48 48 48 49 
49 49 49 50 
50 50 50 51 
51 51 51 52 
52 52 52 53 
53 53 53 54 
54 54 54 55 
55 55 55 56 
56 56 56 57 
57 57 57 58 
58 58 58 59 
59 59 59 60 
60 60 60 61 
61 61 61 62 
62 62 62 63 
63 63 63 64 
64 64 64 65 
65 65 65 66 
66 66 66 67 
67 67 67 68 
68 68 68 69 
69 69 69 70 
70 70 70 71 
71 71 71 72 
72 72 72 73 
73 73 73 74 
74 74 74 75 
75 75 75 76 
76 76 76 77 
77 77 77 78 
78 78 78 79 
79 79 79 80 
80 80 80 81 
81 81 81 82 
82 82 82 83 
83 83 83 84 
84 84 84 85 
85 85 85 86 
86 86 86 87 
87 87 87 88 
88 88 88 89 
89 89 89 90 
90 90 90 91 
91 91 91 92 
92 92 92 93 
93 93 93 94 
94 94 94 95 
95 95 95 96 
96 96 96 97 
97 97 97 98 
98 98 98 99 
99 99 99 100 
100 100 100 101 
101 101 101 102 
102 102 102 103 
103 103 103 104 
104 104 104 105 
105 105 105 106 
106 106 106 107 
107 107 107 108 
108 108 108 109 
109 109 109 110 
110 110 110 111 
111 111 111 112 
112 112 112 113 
113 113 113 114 
114 114 114 115 
115 115 115 116 
116 116 116 117 
117 117 117 118 
118 118 118 119 
119 119 119 120 
120 120 120 121 
121 121 121 122 
122 122 122 123 
123 123 123 124 
124 124 124 125 
125 125 125 126 
126 126 126 127 
127 127 127 128 
128 128 128 129 
129 129 129 130 
130 130 130 131 
131 131 131 132 
132 132 132 133 
133 133 133 134 
134 134 134 135 
135 135 135 136 
136 136 136 137 
137 137 137 138 
138 138 138 139 
139 139 139 140 
140 140 140 141 
141 141 141 142 
142 142 142 143 
143 143 143 144 
144 144 144 145 
145 145 145 146 
146 146 146 147 
147 147 147 148 
148 148 148 149 
149 149 149 150 
150 150 150 151 
151 151 151 152 
152 152 152 153 
153 153 153 154 
154 154 154 155 
155 155 155 156 
156 156 156 157 
157 157 157 158 
158 158 158 159 
159 159 159 160 
160 160 160 161 
161 161 161 162 
162 162 162 163 
163 163 163 164 
164 164 164 165 
165 165 165 166 
166 166 166 167 
167 167 167 168 

Angles

1 1 1 2 3 
2 2 2 3 4 
3 3 3 4 5 
4 4 4 5 6 
5 5 5 6 7 
6 6 6 7 8 
7 7 7 8 9 
8 8 8 9 10 
9 9 9 10 11 
10 10 10 11 12 
11 11 11 12 13 
12 12 12 13 14 
13 13 13 14 15 
14 14 14 15 16 
15 15 15 16 17 
16 16 16 17 18 
17 17 17 18 19 
18 18 18 19 20 
19 19 19 20 21 
20 20 20 21 22 
21 21 21 22 23 
22 22 22 23 24 
23 23 23 24 25 
24 24 24 25 26 
25 25 25 26 27 
26 26 26 27 28 
27 27 27 28 29 
28 28 28 29 30 
29 29 29 30 31 
30 30 30 31 32 
31 31 31 32 33 
32 32 32 33 34 
33 33 33 34 35 
34 34 34 35 36 
35 35 35 36 37 
36 36 36 37 38 
37 37 37 38 39 
38 38 38 39 40 
39 39 39 40 41 
40 40 40 41 42 
41 41 41 42 43 
42 42 42 43 44 
43 43 43 44 45 
44 44 44 45 46 
45 45 45 46 47 
46 46 46 47 48 
47 47 47 48 49 
48 48 48 49 50 
49 49 49 50 51 
50 50 50 51 52 
51 51 51 52 53 
52 52 52 53 54 
53 53 53 54 55 
54 54 54 55 56 
55 55 55 56 57 
56 56 56 57 58 
57 57 57 58 59 
58 58 58 59 60 
59 59 59 60 61 
60 60 60 61 62 
61 61 61 62 63 
62 62 62 63 64 
63 63 63 64 65 
64 64 64 65 66 
65 65 65 66 67 
66 66 66 67 68 
67 67 67 68 69 
68 68 68 69 70 
69 69 69 70 71 
70 70 70 71 72 
71 71 71 72 73 
72 72 72 73 74 
73 73 73 74 75 
74 74 74 75 76 
75 75 75 76 77 
76 76 76 77 78 
77 77 77 78 79 
78 78 78 79 80 
79 79 79 80 81 
80 80 80 81 82 
81 81 81 82 83 
82 82 82 83 84 
83 83 83 84 85 
84 84 84 85 86 
85 85 85 86 87 
86 86 86 87 88 
87 87 87 88 89 
88 88 88 89 90 
89 89 89 90 91 
90 90 90 91 92 
91 91 91 92 93 
92 92 92 93 94 
93 93 93 94 95 
94 94 94 95 96 
95 95 95 96 97 
96 96 96 97 98 
97 97 97 98 99 
98 98 98 99 100 
99 99 99 100 101 
100 100 100 101 102 
101 101 101 102 103 
102 102 102 103 104 
103 103 103 104 105 
104 104 104 105 106 
105 105 105 106 107 
106 106 106 107 108 
107 107 107 108 109 
108 108 108 109 110 
109 109 109 110 111 
110 110 110 111 112 
111 111 111 112 113 
112 112 112 113 114 
113 113 113 114 115 
114 114 114 115 116 
115 115 115 116 117 
116 116 116 117 118 
117 117 117 118 119 
118 118 118 119 120 
119 119 119 120 121 
120 120 120 121 122 
121 121 121 122 123 
122 122 122 123 124 
123 123 123 124 125 
124 124 124 125 126 
125 125 125 126 127 
126 126 126 127 128 
127 127 127 128 129 
128 128 128 129 130 
129 129 129 130 131 
130 130 130 131 132 
131 131 131 132 133 
132 132 132 133 134 
133 133 133 134 135 
134 134 134 135 136 
135 135 135 136 137 
136 136 136 137 138 
137 137 137 138 139 
138 138 138 139 140 
139 139 139 140 141 
140 140 140 141 142 
141 141 141 142 143 
142 142 142 143 144 
143 143 143 144 145 
144 144 144 145 146 
145 145 145 146 147 
146 146 146 147 148 
147 147 147 148 149 
148 148 148 149 150 
149 149 149 150 151 
150 150 150 151 152 
151 151 151 152 153 
152 152 152 153 154 
153 153 153 154 155 
154 154 154 155 156 
155 155 155 156 157 
156 156 156 157 158 
157 157 157 158 159 
158 158 158 159 160 
159 159 159 160 161 
160 160 160 161 162 
161 161 161 162 163 
162 162 162 163 164 
163 163 163 164 165 
164 164 164 165 166 
165 165 165 166 167 
166 166 166 167 168 
