# Minimized Production Model for dispRatio of 1.00

168 atoms
167 bonds
166 angles
0 dihedrals
0 impropers


Coords

1 128.96 363.86 9.69175
2 126.729 357.398 9.5853
3 124.501 350.936 9.47872
4 122.277 344.472 9.37199
5 120.059 338.005 9.26539
6 117.845 331.538 9.15861
7 115.638 325.068 9.05216
8 113.438 318.595 8.94583
9 111.247 312.12 8.83966
10 109.065 305.642 8.73389
11 106.893 299.16 8.62796
12 104.734 292.674 8.52227
13 102.589 286.183 8.41654
14 100.459 279.688 8.31065
15 98.3442 273.187 8.2047
16 96.2471 266.681 8.09877
17 94.1678 260.169 7.99276
18 92.108 253.651 7.88709
19 90.0688 247.126 7.78198
20 88.0509 240.595 7.67743
21 86.056 234.057 7.57359
22 84.0842 227.512 7.47044
23 82.1374 220.959 7.36808
24 80.2165 214.399 7.26598
25 78.3221 207.831 7.1639
26 76.4554 201.255 7.06156
27 74.6182 194.671 6.9591
28 72.8099 188.079 6.85613
29 71.0332 181.478 6.75365
30 69.2878 174.869 6.652
31 67.5746 168.252 6.55136
32 65.8951 161.626 6.45225
33 64.2491 154.992 6.35439
34 62.6385 148.348 6.25764
35 61.0635 141.697 6.16133
36 59.5249 135.037 6.06516
37 58.0236 128.368 5.96915
38 56.5599 121.691 5.87306
39 55.1342 115.006 5.77758
40 53.7474 108.312 5.68308
41 52.4005 101.611 5.5895
42 51.0933 94.9015 5.4975
43 49.8275 88.1841 5.40687
44 48.6023 81.4592 5.31731
45 47.4191 74.7267 5.22941
46 46.2778 67.987 5.14255
47 45.178 61.2403 5.05678
48 44.1209 54.4868 4.9721
49 43.1066 47.7266 4.88844
50 42.1348 40.9602 4.80563
51 41.2067 34.1877 4.72382
52 40.3218 27.4092 4.64344
53 39.4807 20.6252 4.56453
54 38.6837 13.8358 4.48718
55 37.9303 7.04135 4.41169
56 37.2209 0.242075 4.33812
57 36.5557 -6.56172 4.26622
58 35.9336 -13.3697 4.19602
59 35.3552 -20.1815 4.12728
60 34.8205 -26.9971 4.06035
61 34.3287 -33.8159 3.99522
62 33.8805 -40.6379 3.93171
63 33.4752 -47.4626 3.87007
64 33.1127 -54.2898 3.81026
65 32.7931 -61.1192 3.7523
66 32.5158 -67.9506 3.69628
67 32.281 -74.7837 3.64256
68 32.0878 -81.6182 3.59108
69 31.9357 -88.4539 3.54154
70 31.8247 -95.2904 3.49478
71 31.7537 -102.128 3.45012
72 31.7224 -108.965 3.40737
73 31.7306 -115.803 3.367
74 31.7775 -122.641 3.32871
75 31.8632 -129.478 3.29225
76 31.9875 -136.315 3.25824
77 32.1487 -143.152 3.22669
78 32.3473 -149.987 3.19725
79 32.5829 -156.822 3.17055
80 32.8538 -163.655 3.14679
81 33.1604 -170.487 3.12539
82 33.5013 -177.317 3.10631
83 33.8756 -184.146 3.0902
84 34.2837 -190.973 3.07626
85 34.7239 -197.798 3.06447
86 35.1967 -204.621 3.05556
87 35.7009 -211.442 3.04889
88 36.2356 -218.261 3.04445
89 36.8009 -225.077 3.04337
90 37.3955 -231.891 3.04443
91 38.0185 -238.703 3.04871
92 38.67 -245.512 3.05565
93 39.3488 -252.319 3.065
94 40.0548 -259.122 3.07737
95 40.7866 -265.924 3.09173
96 41.5435 -272.722 3.10862
97 42.3255 -279.518 3.12813
98 43.1311 -286.312 3.14978
99 43.96 -293.102 3.1743
100 44.8118 -299.89 3.20166
101 45.6861 -306.675 3.23133
102 46.5817 -313.458 3.26373
103 47.4987 -320.238 3.29891
104 48.4352 -327.015 3.33687
105 49.3916 -333.789 3.3769
106 50.367 -340.561 3.42029
107 51.3595 -347.331 3.46586
108 52.3705 -354.098 3.51392
109 53.399 -360.862 3.56418
110 54.4432 -367.624 3.6166
111 55.5041 -374.384 3.67114
112 56.5807 -381.141 3.7278
113 57.6719 -387.896 3.78692
114 58.7773 -394.649 3.84866
115 59.8961 -401.399 3.91305
116 61.0289 -408.148 3.97975
117 62.1736 -414.894 4.0494
118 63.3309 -421.638 4.12142
119 64.4996 -428.381 4.19595
120 65.6786 -435.122 4.27172
121 66.8703 -441.86 4.35035
122 68.0713 -448.597 4.42959
123 69.2815 -455.333 4.51057
124 70.5014 -462.067 4.59349
125 71.7307 -468.799 4.67826
126 72.9673 -475.53 4.76536
127 74.2124 -482.259 4.85488
128 75.4646 -488.987 4.94613
129 76.7242 -495.714 5.03996
130 77.9918 -502.439 5.13562
131 79.264 -509.164 5.23213
132 80.5459 -515.886 5.33086
133 81.834 -522.608 5.43114
134 83.1262 -529.329 5.53263
135 84.4245 -536.049 5.63506
136 85.7289 -542.767 5.73993
137 87.0367 -549.485 5.84677
138 88.3486 -556.202 5.95475
139 89.6664 -562.918 6.06497
140 90.9882 -569.634 6.17663
141 92.3149 -576.348 6.28961
142 93.6462 -583.062 6.40428
143 94.9806 -589.775 6.51901
144 96.3192 -596.487 6.63546
145 97.6591 -603.199 6.7535
146 99.0008 -609.91 6.87253
147 100.345 -616.622 6.99331
148 101.693 -623.332 7.11498
149 103.043 -630.042 7.23658
150 104.395 -636.752 7.35908
151 105.75 -643.461 7.48266
152 107.107 -650.169 7.60659
153 108.466 -656.878 7.7322
154 109.825 -663.586 7.85815
155 111.185 -670.294 7.98591
156 112.548 -677.002 8.11555
157 113.911 -683.709 8.2457
158 115.276 -690.416 8.37647
159 116.641 -697.123 8.50688
160 118.008 -703.83 8.63778
161 119.376 -710.537 8.76904
162 120.745 -717.243 8.8984
163 122.115 -723.949 9.02951
164 123.485 -730.655 9.16037
165 124.855 -737.362 9.29245
166 126.223 -744.068 9.42584
167 127.592 -750.774 9.55848
168 128.96 -757.481 9.69175

Types

1 1
2 2
3 3
4 4
5 5
6 6
7 7
8 8
9 9
10 10
11 11
12 12
13 13
14 14
15 15
16 16
17 17
18 18
19 19
20 20
21 21
22 22
23 23
24 24
25 25
26 26
27 27
28 28
29 29
30 30
31 31
32 32
33 33
34 34
35 35
36 36
37 37
38 38
39 39
40 40
41 41
42 42
43 43
44 44
45 45
46 46
47 47
48 48
49 49
50 50
51 51
52 52
53 53
54 54
55 55
56 56
57 57
58 58
59 59
60 60
61 61
62 62
63 63
64 64
65 65
66 66
67 67
68 68
69 69
70 70
71 71
72 72
73 73
74 74
75 75
76 76
77 77
78 78
79 79
80 80
81 81
82 82
83 83
84 84
85 85
86 86
87 87
88 88
89 89
90 90
91 91
92 92
93 93
94 94
95 95
96 96
97 97
98 98
99 99
100 100
101 101
102 102
103 103
104 104
105 105
106 106
107 107
108 108
109 109
110 110
111 111
112 112
113 113
114 114
115 115
116 116
117 117
118 118
119 119
120 120
121 121
122 122
123 123
124 124
125 125
126 126
127 127
128 128
129 129
130 130
131 131
132 132
133 133
134 134
135 135
136 136
137 137
138 138
139 139
140 140
141 141
142 142
143 143
144 144
145 145
146 146
147 147
148 148
149 149
150 150
151 151
152 152
153 153
154 154
155 155
156 156
157 157
158 158
159 159
160 160
161 161
162 162
163 163
164 164
165 165
166 166
167 167
168 168

Molecules

1 1
2 1
3 1
4 1
5 1
6 1
7 1
8 1
9 1
10 1
11 1
12 1
13 1
14 1
15 1
16 1
17 1
18 1
19 1
20 1
21 1
22 1
23 1
24 1
25 1
26 1
27 1
28 1
29 1
30 1
31 1
32 1
33 1
34 1
35 1
36 1
37 1
38 1
39 1
40 1
41 1
42 1
43 1
44 1
45 1
46 1
47 1
48 1
49 1
50 1
51 1
52 1
53 1
54 1
55 1
56 1
57 1
58 1
59 1
60 1
61 1
62 1
63 1
64 1
65 1
66 1
67 1
68 1
69 1
70 1
71 1
72 1
73 1
74 1
75 1
76 1
77 1
78 1
79 1
80 1
81 1
82 1
83 1
84 1
85 1
86 1
87 1
88 1
89 1
90 1
91 1
92 1
93 1
94 1
95 1
96 1
97 1
98 1
99 1
100 1
101 1
102 1
103 1
104 1
105 1
106 1
107 1
108 1
109 1
110 1
111 1
112 1
113 1
114 1
115 1
116 1
117 1
118 1
119 1
120 1
121 1
122 1
123 1
124 1
125 1
126 1
127 1
128 1
129 1
130 1
131 1
132 1
133 1
134 1
135 1
136 1
137 1
138 1
139 1
140 1
141 1
142 1
143 1
144 1
145 1
146 1
147 1
148 1
149 1
150 1
151 1
152 1
153 1
154 1
155 1
156 1
157 1
158 1
159 1
160 1
161 1
162 1
163 1
164 1
165 1
166 1
167 1
168 1

Bonds

1 1 1 2 
2 2 2 3 
3 3 3 4 
4 4 4 5 
5 5 5 6 
6 6 6 7 
7 7 7 8 
8 8 8 9 
9 9 9 10 
10 10 10 11 
11 11 11 12 
12 12 12 13 
13 13 13 14 
14 14 14 15 
15 15 15 16 
16 16 16 17 
17 17 17 18 
18 18 18 19 
19 19 19 20 
20 20 20 21 
21 21 21 22 
22 22 22 23 
23 23 23 24 
24 24 24 25 
25 25 25 26 
26 26 26 27 
27 27 27 28 
28 28 28 29 
29 29 29 30 
30 30 30 31 
31 31 31 32 
32 32 32 33 
33 33 33 34 
34 34 34 35 
35 35 35 36 
36 36 36 37 
37 37 37 38 
38 38 38 39 
39 39 39 40 
40 40 40 41 
41 41 41 42 
42 42 42 43 
43 43 43 44 
44 44 44 45 
45 45 45 46 
46 46 46 47 
47 47 47 48 
48 48 48 49 
49 49 49 50 
50 50 50 51 
51 51 51 52 
52 52 52 53 
53 53 53 54 
54 54 54 55 
55 55 55 56 
56 56 56 57 
57 57 57 58 
58 58 58 59 
59 59 59 60 
60 60 60 61 
61 61 61 62 
62 62 62 63 
63 63 63 64 
64 64 64 65 
65 65 65 66 
66 66 66 67 
67 67 67 68 
68 68 68 69 
69 69 69 70 
70 70 70 71 
71 71 71 72 
72 72 72 73 
73 73 73 74 
74 74 74 75 
75 75 75 76 
76 76 76 77 
77 77 77 78 
78 78 78 79 
79 79 79 80 
80 80 80 81 
81 81 81 82 
82 82 82 83 
83 83 83 84 
84 84 84 85 
85 85 85 86 
86 86 86 87 
87 87 87 88 
88 88 88 89 
89 89 89 90 
90 90 90 91 
91 91 91 92 
92 92 92 93 
93 93 93 94 
94 94 94 95 
95 95 95 96 
96 96 96 97 
97 97 97 98 
98 98 98 99 
99 99 99 100 
100 100 100 101 
101 101 101 102 
102 102 102 103 
103 103 103 104 
104 104 104 105 
105 105 105 106 
106 106 106 107 
107 107 107 108 
108 108 108 109 
109 109 109 110 
110 110 110 111 
111 111 111 112 
112 112 112 113 
113 113 113 114 
114 114 114 115 
115 115 115 116 
116 116 116 117 
117 117 117 118 
118 118 118 119 
119 119 119 120 
120 120 120 121 
121 121 121 122 
122 122 122 123 
123 123 123 124 
124 124 124 125 
125 125 125 126 
126 126 126 127 
127 127 127 128 
128 128 128 129 
129 129 129 130 
130 130 130 131 
131 131 131 132 
132 132 132 133 
133 133 133 134 
134 134 134 135 
135 135 135 136 
136 136 136 137 
137 137 137 138 
138 138 138 139 
139 139 139 140 
140 140 140 141 
141 141 141 142 
142 142 142 143 
143 143 143 144 
144 144 144 145 
145 145 145 146 
146 146 146 147 
147 147 147 148 
148 148 148 149 
149 149 149 150 
150 150 150 151 
151 151 151 152 
152 152 152 153 
153 153 153 154 
154 154 154 155 
155 155 155 156 
156 156 156 157 
157 157 157 158 
158 158 158 159 
159 159 159 160 
160 160 160 161 
161 161 161 162 
162 162 162 163 
163 163 163 164 
164 164 164 165 
165 165 165 166 
166 166 166 167 
167 167 167 168 

Angles

1 1 1 2 3 
2 2 2 3 4 
3 3 3 4 5 
4 4 4 5 6 
5 5 5 6 7 
6 6 6 7 8 
7 7 7 8 9 
8 8 8 9 10 
9 9 9 10 11 
10 10 10 11 12 
11 11 11 12 13 
12 12 12 13 14 
13 13 13 14 15 
14 14 14 15 16 
15 15 15 16 17 
16 16 16 17 18 
17 17 17 18 19 
18 18 18 19 20 
19 19 19 20 21 
20 20 20 21 22 
21 21 21 22 23 
22 22 22 23 24 
23 23 23 24 25 
24 24 24 25 26 
25 25 25 26 27 
26 26 26 27 28 
27 27 27 28 29 
28 28 28 29 30 
29 29 29 30 31 
30 30 30 31 32 
31 31 31 32 33 
32 32 32 33 34 
33 33 33 34 35 
34 34 34 35 36 
35 35 35 36 37 
36 36 36 37 38 
37 37 37 38 39 
38 38 38 39 40 
39 39 39 40 41 
40 40 40 41 42 
41 41 41 42 43 
42 42 42 43 44 
43 43 43 44 45 
44 44 44 45 46 
45 45 45 46 47 
46 46 46 47 48 
47 47 47 48 49 
48 48 48 49 50 
49 49 49 50 51 
50 50 50 51 52 
51 51 51 52 53 
52 52 52 53 54 
53 53 53 54 55 
54 54 54 55 56 
55 55 55 56 57 
56 56 56 57 58 
57 57 57 58 59 
58 58 58 59 60 
59 59 59 60 61 
60 60 60 61 62 
61 61 61 62 63 
62 62 62 63 64 
63 63 63 64 65 
64 64 64 65 66 
65 65 65 66 67 
66 66 66 67 68 
67 67 67 68 69 
68 68 68 69 70 
69 69 69 70 71 
70 70 70 71 72 
71 71 71 72 73 
72 72 72 73 74 
73 73 73 74 75 
74 74 74 75 76 
75 75 75 76 77 
76 76 76 77 78 
77 77 77 78 79 
78 78 78 79 80 
79 79 79 80 81 
80 80 80 81 82 
81 81 81 82 83 
82 82 82 83 84 
83 83 83 84 85 
84 84 84 85 86 
85 85 85 86 87 
86 86 86 87 88 
87 87 87 88 89 
88 88 88 89 90 
89 89 89 90 91 
90 90 90 91 92 
91 91 91 92 93 
92 92 92 93 94 
93 93 93 94 95 
94 94 94 95 96 
95 95 95 96 97 
96 96 96 97 98 
97 97 97 98 99 
98 98 98 99 100 
99 99 99 100 101 
100 100 100 101 102 
101 101 101 102 103 
102 102 102 103 104 
103 103 103 104 105 
104 104 104 105 106 
105 105 105 106 107 
106 106 106 107 108 
107 107 107 108 109 
108 108 108 109 110 
109 109 109 110 111 
110 110 110 111 112 
111 111 111 112 113 
112 112 112 113 114 
113 113 113 114 115 
114 114 114 115 116 
115 115 115 116 117 
116 116 116 117 118 
117 117 117 118 119 
118 118 118 119 120 
119 119 119 120 121 
120 120 120 121 122 
121 121 121 122 123 
122 122 122 123 124 
123 123 123 124 125 
124 124 124 125 126 
125 125 125 126 127 
126 126 126 127 128 
127 127 127 128 129 
128 128 128 129 130 
129 129 129 130 131 
130 130 130 131 132 
131 131 131 132 133 
132 132 132 133 134 
133 133 133 134 135 
134 134 134 135 136 
135 135 135 136 137 
136 136 136 137 138 
137 137 137 138 139 
138 138 138 139 140 
139 139 139 140 141 
140 140 140 141 142 
141 141 141 142 143 
142 142 142 143 144 
143 143 143 144 145 
144 144 144 145 146 
145 145 145 146 147 
146 146 146 147 148 
147 147 147 148 149 
148 148 148 149 150 
149 149 149 150 151 
150 150 150 151 152 
151 151 151 152 153 
152 152 152 153 154 
153 153 153 154 155 
154 154 154 155 156 
155 155 155 156 157 
156 156 156 157 158 
157 157 157 158 159 
158 158 158 159 160 
159 159 159 160 161 
160 160 160 161 162 
161 161 161 162 163 
162 162 162 163 164 
163 163 163 164 165 
164 164 164 165 166 
165 165 165 166 167 
166 166 166 167 168 
