# Minimized Production Model for dispRatio of 0.80

42 atoms
41 bonds
40 angles
0 dihedrals
0 impropers


Coords

1 -1.51708 422.155 -83.5037
2 -9.96738 406.711 -62.4962
3 -17.9669 391 -41.5095
4 -25.1204 374.766 -20.6242
5 -31.0541 357.723 0.00175148
6 -35.4192 339.666 20.1484
7 -37.8943 320.483 39.5633
8 -38.201 300.129 57.9064
9 -36.17 278.606 74.7421
10 -31.7758 255.983 89.572
11 -25.1416 232.423 101.884
12 -16.5279 208.157 111.238
13 -6.28592 183.479 117.279
14 5.11062 158.686 119.747
15 17.0632 134.069 118.463
16 28.9435 109.909 113.386
17 40.1405 86.4647 104.698
18 50.0621 63.9121 92.7346
19 58.1907 42.3513 77.9267
20 64.1108 21.8299 60.772
21 67.5149 2.31943 41.8487
22 68.2746 -16.314 21.7864
23 66.4262 -34.3001 1.20888
24 62.095 -51.9189 -19.314
25 55.4853 -69.4737 -39.2723
26 46.8988 -87.2948 -58.2226
27 36.7706 -105.738 -75.7643
28 25.6293 -125.148 -91.5594
29 14.0133 -145.789 -105.316
30 2.46594 -167.819 -116.791
31 -8.46022 -191.265 -125.805
32 -18.2143 -216.044 -132.227
33 -26.2359 -241.967 -135.991
34 -32.0633 -268.71 -137.14
35 -35.4605 -295.86 -135.85
36 -36.3615 -323.016 -132.374
37 -34.8421 -349.837 -127.008
38 -31.1043 -376.076 -120.061
39 -25.4506 -401.617 -111.9
40 -18.2954 -426.483 -102.876
41 -10.1461 -450.832 -93.3097
42 -1.51708 -474.918 -83.5037

Types

1 1
2 2
3 3
4 4
5 5
6 6
7 7
8 8
9 9
10 10
11 11
12 12
13 13
14 14
15 15
16 16
17 17
18 18
19 19
20 20
21 21
22 22
23 23
24 24
25 25
26 26
27 27
28 28
29 29
30 30
31 31
32 32
33 33
34 34
35 35
36 36
37 37
38 38
39 39
40 40
41 41
42 42

Molecules

1 1
2 1
3 1
4 1
5 1
6 1
7 1
8 1
9 1
10 1
11 1
12 1
13 1
14 1
15 1
16 1
17 1
18 1
19 1
20 1
21 1
22 1
23 1
24 1
25 1
26 1
27 1
28 1
29 1
30 1
31 1
32 1
33 1
34 1
35 1
36 1
37 1
38 1
39 1
40 1
41 1
42 1

Bonds

1 1 1 2 
2 2 2 3 
3 3 3 4 
4 4 4 5 
5 5 5 6 
6 6 6 7 
7 7 7 8 
8 8 8 9 
9 9 9 10 
10 10 10 11 
11 11 11 12 
12 12 12 13 
13 13 13 14 
14 14 14 15 
15 15 15 16 
16 16 16 17 
17 17 17 18 
18 18 18 19 
19 19 19 20 
20 20 20 21 
21 21 21 22 
22 22 22 23 
23 23 23 24 
24 24 24 25 
25 25 25 26 
26 26 26 27 
27 27 27 28 
28 28 28 29 
29 29 29 30 
30 30 30 31 
31 31 31 32 
32 32 32 33 
33 33 33 34 
34 34 34 35 
35 35 35 36 
36 36 36 37 
37 37 37 38 
38 38 38 39 
39 39 39 40 
40 40 40 41 
41 41 41 42 

Angles

1 1 1 2 3 
2 2 2 3 4 
3 3 3 4 5 
4 4 4 5 6 
5 5 5 6 7 
6 6 6 7 8 
7 7 7 8 9 
8 8 8 9 10 
9 9 9 10 11 
10 10 10 11 12 
11 11 11 12 13 
12 12 12 13 14 
13 13 13 14 15 
14 14 14 15 16 
15 15 15 16 17 
16 16 16 17 18 
17 17 17 18 19 
18 18 18 19 20 
19 19 19 20 21 
20 20 20 21 22 
21 21 21 22 23 
22 22 22 23 24 
23 23 23 24 25 
24 24 24 25 26 
25 25 25 26 27 
26 26 26 27 28 
27 27 27 28 29 
28 28 28 29 30 
29 29 29 30 31 
30 30 30 31 32 
31 31 31 32 33 
32 32 32 33 34 
33 33 33 34 35 
34 34 34 35 36 
35 35 35 36 37 
36 36 36 37 38 
37 37 37 38 39 
38 38 38 39 40 
39 39 39 40 41 
40 40 40 41 42 
