# Minimized Production Model for dispRatio of 0.55

42 atoms
41 bonds
40 angles
0 dihedrals
0 impropers


Coords

1 -1.51708 281.987 -83.5037
2 16.7165 280.702 -63.1604
3 34.9666 279.152 -42.851
4 53.2502 277.075 -22.6193
5 71.5699 274.212 -2.51939
6 89.9132 270.331 17.3883
7 108.256 265.218 37.0164
8 126.557 258.663 56.2517
9 144.738 250.476 74.9672
10 162.684 240.489 93.0239
11 180.244 228.555 110.256
12 197.247 214.565 126.469
13 213.495 198.466 141.453
14 228.771 180.268 154.986
15 242.847 160.055 166.861
16 255.491 137.99 176.909
17 266.485 114.292 184.982
18 275.635 89.2295 190.969
19 282.792 63.1181 194.79
20 287.831 36.2921 196.403
21 290.666 9.10116 195.821
22 291.248 -18.1025 193.103
23 289.574 -44.9787 188.35
24 285.688 -71.2151 181.696
25 279.688 -96.5361 173.291
26 271.717 -120.717 163.308
27 261.934 -143.59 151.951
28 250.508 -165.047 139.424
29 237.609 -185.023 125.915
30 223.401 -203.497 111.603
31 208.042 -220.481 96.6476
32 191.684 -236.01 81.1794
33 174.468 -250.145 65.3111
34 156.519 -262.98 49.1507
35 137.949 -274.616 32.7847
36 118.865 -285.176 16.2802
37 99.3653 -294.81 -0.304101
38 79.5439 -303.689 -16.9286
39 59.4816 -311.972 -33.5719
40 39.2415 -319.81 -50.2165
41 18.8891 -327.353 -66.8594
42 -1.51708 -334.75 -83.5037

Types

1 1
2 2
3 3
4 4
5 5
6 6
7 7
8 8
9 9
10 10
11 11
12 12
13 13
14 14
15 15
16 16
17 17
18 18
19 19
20 20
21 21
22 22
23 23
24 24
25 25
26 26
27 27
28 28
29 29
30 30
31 31
32 32
33 33
34 34
35 35
36 36
37 37
38 38
39 39
40 40
41 41
42 42

Molecules

1 1
2 1
3 1
4 1
5 1
6 1
7 1
8 1
9 1
10 1
11 1
12 1
13 1
14 1
15 1
16 1
17 1
18 1
19 1
20 1
21 1
22 1
23 1
24 1
25 1
26 1
27 1
28 1
29 1
30 1
31 1
32 1
33 1
34 1
35 1
36 1
37 1
38 1
39 1
40 1
41 1
42 1

Bonds

1 1 1 2 
2 2 2 3 
3 3 3 4 
4 4 4 5 
5 5 5 6 
6 6 6 7 
7 7 7 8 
8 8 8 9 
9 9 9 10 
10 10 10 11 
11 11 11 12 
12 12 12 13 
13 13 13 14 
14 14 14 15 
15 15 15 16 
16 16 16 17 
17 17 17 18 
18 18 18 19 
19 19 19 20 
20 20 20 21 
21 21 21 22 
22 22 22 23 
23 23 23 24 
24 24 24 25 
25 25 25 26 
26 26 26 27 
27 27 27 28 
28 28 28 29 
29 29 29 30 
30 30 30 31 
31 31 31 32 
32 32 32 33 
33 33 33 34 
34 34 34 35 
35 35 35 36 
36 36 36 37 
37 37 37 38 
38 38 38 39 
39 39 39 40 
40 40 40 41 
41 41 41 42 

Angles

1 1 1 2 3 
2 2 2 3 4 
3 3 3 4 5 
4 4 4 5 6 
5 5 5 6 7 
6 6 6 7 8 
7 7 7 8 9 
8 8 8 9 10 
9 9 9 10 11 
10 10 10 11 12 
11 11 11 12 13 
12 12 12 13 14 
13 13 13 14 15 
14 14 14 15 16 
15 15 15 16 17 
16 16 16 17 18 
17 17 17 18 19 
18 18 18 19 20 
19 19 19 20 21 
20 20 20 21 22 
21 21 21 22 23 
22 22 22 23 24 
23 23 23 24 25 
24 24 24 25 26 
25 25 25 26 27 
26 26 26 27 28 
27 27 27 28 29 
28 28 28 29 30 
29 29 29 30 31 
30 30 30 31 32 
31 31 31 32 33 
32 32 32 33 34 
33 33 33 34 35 
34 34 34 35 36 
35 35 35 36 37 
36 36 36 37 38 
37 37 37 38 39 
38 38 38 39 40 
39 39 39 40 41 
40 40 40 41 42 
