# Minimized Production Model for dispRatio of 0.75

42 atoms
41 bonds
40 angles
0 dihedrals
0 impropers


Coords

1 -1.51708 394.122 -83.5037
2 -12.0076 378.12 -63.8839
3 -22.0376 361.907 -44.1947
4 -31.1486 345.283 -24.4047
5 -38.8676 328.058 -4.53677
6 -44.7573 310.086 15.2971
7 -48.4144 291.259 34.8702
8 -49.4849 271.509 53.837
9 -47.7061 250.844 71.748
10 -42.9378 229.339 88.0433
11 -35.216 207.128 102.116
12 -24.7559 184.416 113.32
13 -11.9457 161.464 121.064
14 2.6215 138.568 124.841
15 18.2134 116.042 124.309
16 33.9705 94.1914 119.323
17 48.9989 73.2761 109.97
18 62.4134 53.5078 96.5622
19 73.4334 34.9942 79.6371
20 81.4315 17.7418 59.9128
21 85.9785 1.6535 38.2088
22 86.8669 -13.4872 15.3917
23 84.1064 -27.978 -7.69541
24 77.9027 -42.2053 -30.2714
25 68.6376 -56.5878 -51.6718
26 56.8342 -71.5526 -71.3513
27 43.1077 -87.5293 -88.8714
28 28.1488 -104.864 -103.917
29 12.7161 -123.839 -116.255
30 -2.40441 -144.608 -125.772
31 -16.4207 -167.182 -132.438
32 -28.6103 -191.404 -136.32
33 -38.3406 -216.981 -137.578
34 -45.1463 -243.493 -136.472
35 -48.7509 -270.464 -133.337
36 -49.1069 -297.438 -128.556
37 -46.3653 -324.014 -122.497
38 -40.8722 -349.928 -115.52
39 -33.0909 -375.077 -107.931
40 -23.5528 -399.493 -99.9597
41 -12.8318 -423.342 -91.7787
42 -1.51708 -446.884 -83.5037

Types

1 1
2 2
3 3
4 4
5 5
6 6
7 7
8 8
9 9
10 10
11 11
12 12
13 13
14 14
15 15
16 16
17 17
18 18
19 19
20 20
21 21
22 22
23 23
24 24
25 25
26 26
27 27
28 28
29 29
30 30
31 31
32 32
33 33
34 34
35 35
36 36
37 37
38 38
39 39
40 40
41 41
42 42

Molecules

1 1
2 1
3 1
4 1
5 1
6 1
7 1
8 1
9 1
10 1
11 1
12 1
13 1
14 1
15 1
16 1
17 1
18 1
19 1
20 1
21 1
22 1
23 1
24 1
25 1
26 1
27 1
28 1
29 1
30 1
31 1
32 1
33 1
34 1
35 1
36 1
37 1
38 1
39 1
40 1
41 1
42 1

Bonds

1 1 1 2 
2 2 2 3 
3 3 3 4 
4 4 4 5 
5 5 5 6 
6 6 6 7 
7 7 7 8 
8 8 8 9 
9 9 9 10 
10 10 10 11 
11 11 11 12 
12 12 12 13 
13 13 13 14 
14 14 14 15 
15 15 15 16 
16 16 16 17 
17 17 17 18 
18 18 18 19 
19 19 19 20 
20 20 20 21 
21 21 21 22 
22 22 22 23 
23 23 23 24 
24 24 24 25 
25 25 25 26 
26 26 26 27 
27 27 27 28 
28 28 28 29 
29 29 29 30 
30 30 30 31 
31 31 31 32 
32 32 32 33 
33 33 33 34 
34 34 34 35 
35 35 35 36 
36 36 36 37 
37 37 37 38 
38 38 38 39 
39 39 39 40 
40 40 40 41 
41 41 41 42 

Angles

1 1 1 2 3 
2 2 2 3 4 
3 3 3 4 5 
4 4 4 5 6 
5 5 5 6 7 
6 6 6 7 8 
7 7 7 8 9 
8 8 8 9 10 
9 9 9 10 11 
10 10 10 11 12 
11 11 11 12 13 
12 12 12 13 14 
13 13 13 14 15 
14 14 14 15 16 
15 15 15 16 17 
16 16 16 17 18 
17 17 17 18 19 
18 18 18 19 20 
19 19 19 20 21 
20 20 20 21 22 
21 21 21 22 23 
22 22 22 23 24 
23 23 23 24 25 
24 24 24 25 26 
25 25 25 26 27 
26 26 26 27 28 
27 27 27 28 29 
28 28 28 29 30 
29 29 29 30 31 
30 30 30 31 32 
31 31 31 32 33 
32 32 32 33 34 
33 33 33 34 35 
34 34 34 35 36 
35 35 35 36 37 
36 36 36 37 38 
37 37 37 38 39 
38 38 38 39 40 
39 39 39 40 41 
40 40 40 41 42 
