# Minimized Production Model for dispRatio of 0.50

84 atoms
83 bonds
82 angles
0 dihedrals
0 impropers


Coords

1 -0.0130603 -117.5 -11.8584
2 -0.00579152 -106.68 -19.9439
3 0.00147014 -95.9111 -28.0966
4 0.0105262 -85.2443 -36.3821
5 0.0239689 -74.7355 -44.8666
6 0.0402993 -64.4432 -53.6117
7 0.0563732 -54.4301 -62.6741
8 0.0737797 -44.7632 -72.1041
9 0.0907212 -35.5156 -81.9454
10 0.104547 -26.7636 -92.229
11 0.11641 -18.5892 -102.977
12 0.126283 -11.0778 -114.197
13 0.134332 -4.31926 -125.884
14 0.141627 1.59303 -138.021
15 0.148638 6.56632 -150.571
16 0.155864 10.5127 -163.479
17 0.165442 13.3509 -176.675
18 0.177594 15.0125 -190.069
19 0.193154 15.4432 -203.559
20 0.211118 14.6078 -217.03
21 0.230848 12.4918 -230.359
22 0.253079 9.09747 -243.42
23 0.277898 4.44735 -256.09
24 0.304192 -1.41666 -268.245
25 0.331324 -8.43496 -279.774
26 0.356015 -16.5336 -290.572
27 0.375652 -25.6247 -300.55
28 0.38872 -35.6117 -309.633
29 0.393774 -46.3889 -317.763
30 0.390675 -57.8508 -324.897
31 0.381365 -69.89 -331.008
32 0.36952 -82.4021 -336.085
33 0.356666 -95.2858 -340.131
34 0.345013 -108.446 -343.164
35 0.336452 -121.796 -345.211
36 0.333488 -135.258 -346.313
37 0.336283 -148.765 -346.517
38 0.345918 -162.26 -345.874
39 0.360832 -175.693 -344.437
40 0.379417 -189.027 -342.259
41 0.39792 -202.231 -339.394
42 0.411508 -215.283 -335.897
43 0.416912 -228.168 -331.823
44 0.41185 -240.875 -327.223
45 0.398308 -253.401 -322.148
46 0.377224 -265.745 -316.647
47 0.350733 -277.912 -310.763
48 0.322263 -289.906 -304.533
49 0.29616 -301.733 -297.992
50 0.274365 -313.401 -291.171
51 0.259306 -324.92 -284.1
52 0.253072 -336.3 -276.808
53 0.255226 -347.554 -269.321
54 0.262533 -358.692 -261.661
55 0.270662 -369.726 -253.853
56 0.276054 -380.667 -245.914
57 0.277474 -391.525 -237.863
58 0.274555 -402.31 -229.713
59 0.266585 -413.03 -221.479
60 0.253279 -423.697 -213.174
61 0.234174 -434.32 -204.813
62 0.211738 -444.909 -196.408
63 0.187145 -455.473 -187.972
64 0.163262 -466.02 -179.515
65 0.142611 -476.557 -171.046
66 0.128173 -487.088 -162.568
67 0.122249 -497.622 -154.093
68 0.120233 -508.161 -145.625
69 0.122053 -518.709 -137.169
70 0.124056 -529.269 -128.727
71 0.12558 -539.844 -120.302
72 0.125042 -550.431 -111.893
73 0.120736 -561.031 -103.5
74 0.111051 -571.642 -95.12
75 0.0947047 -582.264 -86.7542
76 0.072845 -592.896 -78.4013
77 0.0490136 -603.538 -70.0614
78 0.0247734 -614.186 -61.7299
79 0.00162659 -624.845 -53.4108
80 -0.0151404 -635.507 -45.096
81 -0.0234125 -646.171 -36.7852
82 -0.0256092 -656.838 -28.4772
83 -0.0229464 -667.504 -20.1682
84 -0.0130603 -678.17 -11.8584

Types

1 1
2 2
3 3
4 4
5 5
6 6
7 7
8 8
9 9
10 10
11 11
12 12
13 13
14 14
15 15
16 16
17 17
18 18
19 19
20 20
21 21
22 22
23 23
24 24
25 25
26 26
27 27
28 28
29 29
30 30
31 31
32 32
33 33
34 34
35 35
36 36
37 37
38 38
39 39
40 40
41 41
42 42
43 43
44 44
45 45
46 46
47 47
48 48
49 49
50 50
51 51
52 52
53 53
54 54
55 55
56 56
57 57
58 58
59 59
60 60
61 61
62 62
63 63
64 64
65 65
66 66
67 67
68 68
69 69
70 70
71 71
72 72
73 73
74 74
75 75
76 76
77 77
78 78
79 79
80 80
81 81
82 82
83 83
84 84

Molecules

1 1
2 1
3 1
4 1
5 1
6 1
7 1
8 1
9 1
10 1
11 1
12 1
13 1
14 1
15 1
16 1
17 1
18 1
19 1
20 1
21 1
22 1
23 1
24 1
25 1
26 1
27 1
28 1
29 1
30 1
31 1
32 1
33 1
34 1
35 1
36 1
37 1
38 1
39 1
40 1
41 1
42 1
43 1
44 1
45 1
46 1
47 1
48 1
49 1
50 1
51 1
52 1
53 1
54 1
55 1
56 1
57 1
58 1
59 1
60 1
61 1
62 1
63 1
64 1
65 1
66 1
67 1
68 1
69 1
70 1
71 1
72 1
73 1
74 1
75 1
76 1
77 1
78 1
79 1
80 1
81 1
82 1
83 1
84 1

Bonds

1 1 1 2 
2 2 2 3 
3 3 3 4 
4 4 4 5 
5 5 5 6 
6 6 6 7 
7 7 7 8 
8 8 8 9 
9 9 9 10 
10 10 10 11 
11 11 11 12 
12 12 12 13 
13 13 13 14 
14 14 14 15 
15 15 15 16 
16 16 16 17 
17 17 17 18 
18 18 18 19 
19 19 19 20 
20 20 20 21 
21 21 21 22 
22 22 22 23 
23 23 23 24 
24 24 24 25 
25 25 25 26 
26 26 26 27 
27 27 27 28 
28 28 28 29 
29 29 29 30 
30 30 30 31 
31 31 31 32 
32 32 32 33 
33 33 33 34 
34 34 34 35 
35 35 35 36 
36 36 36 37 
37 37 37 38 
38 38 38 39 
39 39 39 40 
40 40 40 41 
41 41 41 42 
42 42 42 43 
43 43 43 44 
44 44 44 45 
45 45 45 46 
46 46 46 47 
47 47 47 48 
48 48 48 49 
49 49 49 50 
50 50 50 51 
51 51 51 52 
52 52 52 53 
53 53 53 54 
54 54 54 55 
55 55 55 56 
56 56 56 57 
57 57 57 58 
58 58 58 59 
59 59 59 60 
60 60 60 61 
61 61 61 62 
62 62 62 63 
63 63 63 64 
64 64 64 65 
65 65 65 66 
66 66 66 67 
67 67 67 68 
68 68 68 69 
69 69 69 70 
70 70 70 71 
71 71 71 72 
72 72 72 73 
73 73 73 74 
74 74 74 75 
75 75 75 76 
76 76 76 77 
77 77 77 78 
78 78 78 79 
79 79 79 80 
80 80 80 81 
81 81 81 82 
82 82 82 83 
83 83 83 84 

Angles

1 1 1 2 3 
2 2 2 3 4 
3 3 3 4 5 
4 4 4 5 6 
5 5 5 6 7 
6 6 6 7 8 
7 7 7 8 9 
8 8 8 9 10 
9 9 9 10 11 
10 10 10 11 12 
11 11 11 12 13 
12 12 12 13 14 
13 13 13 14 15 
14 14 14 15 16 
15 15 15 16 17 
16 16 16 17 18 
17 17 17 18 19 
18 18 18 19 20 
19 19 19 20 21 
20 20 20 21 22 
21 21 21 22 23 
22 22 22 23 24 
23 23 23 24 25 
24 24 24 25 26 
25 25 25 26 27 
26 26 26 27 28 
27 27 27 28 29 
28 28 28 29 30 
29 29 29 30 31 
30 30 30 31 32 
31 31 31 32 33 
32 32 32 33 34 
33 33 33 34 35 
34 34 34 35 36 
35 35 35 36 37 
36 36 36 37 38 
37 37 37 38 39 
38 38 38 39 40 
39 39 39 40 41 
40 40 40 41 42 
41 41 41 42 43 
42 42 42 43 44 
43 43 43 44 45 
44 44 44 45 46 
45 45 45 46 47 
46 46 46 47 48 
47 47 47 48 49 
48 48 48 49 50 
49 49 49 50 51 
50 50 50 51 52 
51 51 51 52 53 
52 52 52 53 54 
53 53 53 54 55 
54 54 54 55 56 
55 55 55 56 57 
56 56 56 57 58 
57 57 57 58 59 
58 58 58 59 60 
59 59 59 60 61 
60 60 60 61 62 
61 61 61 62 63 
62 62 62 63 64 
63 63 63 64 65 
64 64 64 65 66 
65 65 65 66 67 
66 66 66 67 68 
67 67 67 68 69 
68 68 68 69 70 
69 69 69 70 71 
70 70 70 71 72 
71 71 71 72 73 
72 72 72 73 74 
73 73 73 74 75 
74 74 74 75 76 
75 75 75 76 77 
76 76 76 77 78 
77 77 77 78 79 
78 78 78 79 80 
79 79 79 80 81 
80 80 80 81 82 
81 81 81 82 83 
82 82 82 83 84 
