# Minimized Production Model for dispRatio of 0.95

42 atoms
41 bonds
40 angles
0 dihedrals
0 impropers


Coords

1 -1.51708 506.256 -83.5037
2 -0.457149 482.724 -69.6156
3 0.605076 459.133 -55.8323
4 1.67808 435.407 -42.2807
5 2.75687 411.474 -29.1002
6 3.84087 387.289 -16.3892
7 4.92491 362.823 -4.22487
8 5.98682 338.049 7.30308
9 7.00646 312.953 18.1103
10 7.97636 287.524 28.115
11 8.88971 261.764 37.2391
12 9.74673 235.685 45.411
13 10.5536 209.304 52.5578
14 11.3154 182.65 58.6206
15 12.0251 155.766 63.562
16 12.6642 128.696 67.3692
17 13.2225 101.489 70.0437
18 13.708 74.1952 71.5964
19 14.1205 46.8599 72.0432
20 14.4457 19.5242 71.4419
21 14.6639 -7.77442 69.8688
22 14.7755 -35.0065 67.3892
23 14.7878 -62.1493 64.0754
24 14.6984 -89.1855 59.986
25 14.5047 -116.101 55.1697
26 14.2105 -142.885 49.6706
27 13.8177 -169.532 43.5464
28 13.3288 -196.043 36.8624
29 12.75 -222.422 29.6822
30 12.0794 -248.678 22.0746
31 11.3246 -274.829 14.1115
32 10.4898 -300.892 5.87708
33 9.56446 -326.888 -2.55212
34 8.53784 -352.829 -11.1386
35 7.41844 -378.721 -19.8612
36 6.22215 -404.564 -28.7137
37 4.9802 -430.367 -37.6841
38 3.70908 -456.133 -46.75
39 2.41966 -481.877 -55.8822
40 1.12461 -507.605 -65.0547
41 -0.183949 -533.318 -74.263
42 -1.51708 -559.018 -83.5037

Types

1 1
2 2
3 3
4 4
5 5
6 6
7 7
8 8
9 9
10 10
11 11
12 12
13 13
14 14
15 15
16 16
17 17
18 18
19 19
20 20
21 21
22 22
23 23
24 24
25 25
26 26
27 27
28 28
29 29
30 30
31 31
32 32
33 33
34 34
35 35
36 36
37 37
38 38
39 39
40 40
41 41
42 42

Molecules

1 1
2 1
3 1
4 1
5 1
6 1
7 1
8 1
9 1
10 1
11 1
12 1
13 1
14 1
15 1
16 1
17 1
18 1
19 1
20 1
21 1
22 1
23 1
24 1
25 1
26 1
27 1
28 1
29 1
30 1
31 1
32 1
33 1
34 1
35 1
36 1
37 1
38 1
39 1
40 1
41 1
42 1

Bonds

1 1 1 2 
2 2 2 3 
3 3 3 4 
4 4 4 5 
5 5 5 6 
6 6 6 7 
7 7 7 8 
8 8 8 9 
9 9 9 10 
10 10 10 11 
11 11 11 12 
12 12 12 13 
13 13 13 14 
14 14 14 15 
15 15 15 16 
16 16 16 17 
17 17 17 18 
18 18 18 19 
19 19 19 20 
20 20 20 21 
21 21 21 22 
22 22 22 23 
23 23 23 24 
24 24 24 25 
25 25 25 26 
26 26 26 27 
27 27 27 28 
28 28 28 29 
29 29 29 30 
30 30 30 31 
31 31 31 32 
32 32 32 33 
33 33 33 34 
34 34 34 35 
35 35 35 36 
36 36 36 37 
37 37 37 38 
38 38 38 39 
39 39 39 40 
40 40 40 41 
41 41 41 42 

Angles

1 1 1 2 3 
2 2 2 3 4 
3 3 3 4 5 
4 4 4 5 6 
5 5 5 6 7 
6 6 6 7 8 
7 7 7 8 9 
8 8 8 9 10 
9 9 9 10 11 
10 10 10 11 12 
11 11 11 12 13 
12 12 12 13 14 
13 13 13 14 15 
14 14 14 15 16 
15 15 15 16 17 
16 16 16 17 18 
17 17 17 18 19 
18 18 18 19 20 
19 19 19 20 21 
20 20 20 21 22 
21 21 21 22 23 
22 22 22 23 24 
23 23 23 24 25 
24 24 24 25 26 
25 25 25 26 27 
26 26 26 27 28 
27 27 27 28 29 
28 28 28 29 30 
29 29 29 30 31 
30 30 30 31 32 
31 31 31 32 33 
32 32 32 33 34 
33 33 33 34 35 
34 34 34 35 36 
35 35 35 36 37 
36 36 36 37 38 
37 37 37 38 39 
38 38 38 39 40 
39 39 39 40 41 
40 40 40 41 42 
