# Minimized Production Model for dispRatio of 0.60

168 atoms
167 bonds
166 angles
0 dihedrals
0 impropers


Coords

1 128.96 139.592 9.69175
2 125.233 133.975 9.52416
3 121.5 128.361 9.35682
4 117.758 122.754 9.18944
5 114.002 117.156 9.02205
6 110.227 111.571 8.85438
7 106.43 106.001 8.68582
8 102.605 100.45 8.5162
9 98.7493 94.9211 8.34533
10 94.8575 89.4173 8.17309
11 90.9256 83.9421 7.99988
12 86.9492 78.4993 7.82565
13 82.9243 73.0925 7.65035
14 78.8463 67.7257 7.47386
15 74.7116 62.4026 7.29581
16 70.5164 57.1273 7.11615
17 66.2567 51.9039 6.93481
18 61.929 46.7367 6.75158
19 57.5298 41.6304 6.5668
20 53.0551 36.59 6.38065
21 48.5017 31.6205 6.19313
22 43.8656 26.7282 6.00453
23 39.1428 21.9195 5.81441
24 34.3299 17.2011 5.62229
25 29.4233 12.5804 5.42792
26 24.4197 8.06516 5.23079
27 19.3159 3.66396 5.03067
28 14.1087 -0.613892 4.82766
29 8.79519 -4.75837 4.6216
30 3.37228 -8.75795 4.41255
31 -2.16284 -12.6 4.20037
32 -7.81256 -16.2704 3.98438
33 -13.5789 -19.754 3.76396
34 -19.4629 -23.0338 3.53804
35 -25.4645 -26.0915 3.30541
36 -31.5827 -28.907 3.06524
37 -37.8146 -31.4586 2.81661
38 -44.1556 -33.7222 2.55902
39 -50.5986 -35.6719 2.29191
40 -57.1337 -37.2801 2.01419
41 -63.7473 -38.517 1.72479
42 -70.4214 -39.3519 1.4225
43 -77.1332 -39.7528 1.10609
44 -83.8539 -39.6875 0.774472
45 -90.5482 -39.1244 0.426883
46 -97.1735 -38.0333 0.0630149
47 -103.679 -36.3869 -0.316879
48 -110.007 -34.1629 -0.711872
49 -116.089 -31.3458 -1.12095
50 -121.851 -27.9291 -1.54226
51 -127.211 -23.9182 -1.97367
52 -132.081 -19.332 -2.41288
53 -136.373 -14.2061 -2.85606
54 -139.999 -8.5935 -3.29893
55 -142.875 -2.56591 -3.73621
56 -144.927 3.78661 -4.16114
57 -146.097 10.3574 -4.56741
58 -146.341 17.0259 -4.94815
59 -145.643 23.6624 -5.29671
60 -144.005 30.1326 -5.60789
61 -141.46 36.3042 -5.87711
62 -138.061 42.0529 -6.10112
63 -133.884 47.2677 -6.27798
64 -129.022 51.8561 -6.40665
65 -123.581 55.746 -6.48694
66 -117.671 58.8878 -6.5199
67 -111.407 61.2543 -6.50777
68 -104.896 62.839 -6.45352
69 -98.2413 63.6542 -6.36108
70 -91.5329 63.7271 -6.23498
71 -84.8502 63.096 -6.07987
72 -78.2592 61.8074 -5.90068
73 -71.8131 59.9122 -5.70195
74 -65.5527 57.4641 -5.48734
75 -59.5077 54.5175 -5.26014
76 -53.6977 51.1253 -5.02322
77 -48.134 47.3381 -4.77907
78 -42.8213 43.2024 -4.52998
79 -37.7588 38.761 -4.27809
80 -32.9415 34.052 -4.02563
81 -28.3613 29.1096 -3.77429
82 -24.0077 23.9641 -3.5256
83 -19.8688 18.6424 -3.28073
84 -15.9316 13.1678 -3.03964
85 -12.1827 7.56113 -2.80259
86 -8.60775 1.84043 -2.56981
87 -5.19314 -3.97878 -2.34104
88 -1.92628 -9.88338 -2.11648
89 1.20512 -15.8619 -1.89651
90 4.21258 -21.9045 -1.68118
91 7.10645 -28.0032 -1.47116
92 9.89691 -34.1508 -1.26659
93 12.593 -40.341 -1.0667
94 15.2029 -46.5687 -0.871362
95 17.7348 -52.8292 -0.679736
96 20.1964 -59.1183 -0.491476
97 22.5938 -65.4328 -0.306687
98 24.9331 -71.7698 -0.124802
99 27.2187 -78.1269 0.053768
100 29.4536 -84.5025 0.228751
101 31.6416 -90.8948 0.400435
102 33.7863 -97.3023 0.568896
103 35.8906 -103.724 0.734756
104 37.9581 -110.157 0.898565
105 39.9913 -116.602 1.06071
106 41.9923 -123.057 1.22144
107 43.9634 -129.522 1.38077
108 45.9055 -135.996 1.5386
109 47.8192 -142.479 1.69496
110 49.7052 -148.971 1.84959
111 51.5634 -155.471 2.00236
112 53.395 -161.979 2.15343
113 55.2009 -168.495 2.30257
114 56.982 -175.018 2.4506
115 58.7394 -181.548 2.59818
116 60.4734 -188.085 2.74524
117 62.1846 -194.627 2.89206
118 63.8733 -201.177 3.0383
119 65.54 -207.732 3.18344
120 67.1845 -214.293 3.32785
121 68.807 -220.86 3.47104
122 70.4074 -227.432 3.61326
123 71.9863 -234.01 3.75479
124 73.5446 -240.594 3.89521
125 75.0824 -247.182 4.0353
126 76.6008 -253.775 4.17484
127 78.1004 -260.373 4.31408
128 79.5807 -266.976 4.45323
129 81.0427 -273.583 4.59171
130 82.4862 -280.194 4.7296
131 83.9121 -286.809 4.86651
132 85.3215 -293.428 5.00278
133 86.7153 -300.051 5.13876
134 88.0939 -306.677 5.27452
135 89.4578 -313.306 5.41017
136 90.8066 -319.939 5.54556
137 92.1403 -326.575 5.68032
138 93.4589 -333.214 5.81421
139 94.7628 -339.856 5.94722
140 96.0533 -346.501 6.07918
141 97.3311 -353.149 6.21063
142 98.5974 -359.799 6.34197
143 99.8534 -366.452 6.47295
144 101.1 -373.106 6.60427
145 102.338 -379.762 6.73603
146 103.567 -386.42 6.86753
147 104.786 -393.08 6.9989
148 105.997 -399.742 7.12943
149 107.199 -406.405 7.25926
150 108.392 -413.07 7.38927
151 109.576 -419.737 7.51885
152 110.753 -426.405 7.6482
153 111.922 -433.075 7.77705
154 113.085 -439.746 7.90536
155 114.242 -446.418 8.0337
156 115.394 -453.091 8.16146
157 116.543 -459.764 8.28889
158 117.687 -466.439 8.41568
159 118.828 -473.114 8.54281
160 119.964 -479.79 8.67053
161 121.097 -486.466 8.79898
162 122.227 -493.143 8.92783
163 123.354 -499.821 9.05651
164 124.479 -506.499 9.18486
165 125.602 -513.177 9.3122
166 126.722 -519.855 9.43906
167 127.842 -526.534 9.56541
168 128.96 -533.213 9.69175

Types

1 1
2 2
3 3
4 4
5 5
6 6
7 7
8 8
9 9
10 10
11 11
12 12
13 13
14 14
15 15
16 16
17 17
18 18
19 19
20 20
21 21
22 22
23 23
24 24
25 25
26 26
27 27
28 28
29 29
30 30
31 31
32 32
33 33
34 34
35 35
36 36
37 37
38 38
39 39
40 40
41 41
42 42
43 43
44 44
45 45
46 46
47 47
48 48
49 49
50 50
51 51
52 52
53 53
54 54
55 55
56 56
57 57
58 58
59 59
60 60
61 61
62 62
63 63
64 64
65 65
66 66
67 67
68 68
69 69
70 70
71 71
72 72
73 73
74 74
75 75
76 76
77 77
78 78
79 79
80 80
81 81
82 82
83 83
84 84
85 85
86 86
87 87
88 88
89 89
90 90
91 91
92 92
93 93
94 94
95 95
96 96
97 97
98 98
99 99
100 100
101 101
102 102
103 103
104 104
105 105
106 106
107 107
108 108
109 109
110 110
111 111
112 112
113 113
114 114
115 115
116 116
117 117
118 118
119 119
120 120
121 121
122 122
123 123
124 124
125 125
126 126
127 127
128 128
129 129
130 130
131 131
132 132
133 133
134 134
135 135
136 136
137 137
138 138
139 139
140 140
141 141
142 142
143 143
144 144
145 145
146 146
147 147
148 148
149 149
150 150
151 151
152 152
153 153
154 154
155 155
156 156
157 157
158 158
159 159
160 160
161 161
162 162
163 163
164 164
165 165
166 166
167 167
168 168

Molecules

1 1
2 1
3 1
4 1
5 1
6 1
7 1
8 1
9 1
10 1
11 1
12 1
13 1
14 1
15 1
16 1
17 1
18 1
19 1
20 1
21 1
22 1
23 1
24 1
25 1
26 1
27 1
28 1
29 1
30 1
31 1
32 1
33 1
34 1
35 1
36 1
37 1
38 1
39 1
40 1
41 1
42 1
43 1
44 1
45 1
46 1
47 1
48 1
49 1
50 1
51 1
52 1
53 1
54 1
55 1
56 1
57 1
58 1
59 1
60 1
61 1
62 1
63 1
64 1
65 1
66 1
67 1
68 1
69 1
70 1
71 1
72 1
73 1
74 1
75 1
76 1
77 1
78 1
79 1
80 1
81 1
82 1
83 1
84 1
85 1
86 1
87 1
88 1
89 1
90 1
91 1
92 1
93 1
94 1
95 1
96 1
97 1
98 1
99 1
100 1
101 1
102 1
103 1
104 1
105 1
106 1
107 1
108 1
109 1
110 1
111 1
112 1
113 1
114 1
115 1
116 1
117 1
118 1
119 1
120 1
121 1
122 1
123 1
124 1
125 1
126 1
127 1
128 1
129 1
130 1
131 1
132 1
133 1
134 1
135 1
136 1
137 1
138 1
139 1
140 1
141 1
142 1
143 1
144 1
145 1
146 1
147 1
148 1
149 1
150 1
151 1
152 1
153 1
154 1
155 1
156 1
157 1
158 1
159 1
160 1
161 1
162 1
163 1
164 1
165 1
166 1
167 1
168 1

Bonds

1 1 1 2 
2 2 2 3 
3 3 3 4 
4 4 4 5 
5 5 5 6 
6 6 6 7 
7 7 7 8 
8 8 8 9 
9 9 9 10 
10 10 10 11 
11 11 11 12 
12 12 12 13 
13 13 13 14 
14 14 14 15 
15 15 15 16 
16 16 16 17 
17 17 17 18 
18 18 18 19 
19 19 19 20 
20 20 20 21 
21 21 21 22 
22 22 22 23 
23 23 23 24 
24 24 24 25 
25 25 25 26 
26 26 26 27 
27 27 27 28 
28 28 28 29 
29 29 29 30 
30 30 30 31 
31 31 31 32 
32 32 32 33 
33 33 33 34 
34 34 34 35 
35 35 35 36 
36 36 36 37 
37 37 37 38 
38 38 38 39 
39 39 39 40 
40 40 40 41 
41 41 41 42 
42 42 42 43 
43 43 43 44 
44 44 44 45 
45 45 45 46 
46 46 46 47 
47 47 47 48 
48 48 48 49 
49 49 49 50 
50 50 50 51 
51 51 51 52 
52 52 52 53 
53 53 53 54 
54 54 54 55 
55 55 55 56 
56 56 56 57 
57 57 57 58 
58 58 58 59 
59 59 59 60 
60 60 60 61 
61 61 61 62 
62 62 62 63 
63 63 63 64 
64 64 64 65 
65 65 65 66 
66 66 66 67 
67 67 67 68 
68 68 68 69 
69 69 69 70 
70 70 70 71 
71 71 71 72 
72 72 72 73 
73 73 73 74 
74 74 74 75 
75 75 75 76 
76 76 76 77 
77 77 77 78 
78 78 78 79 
79 79 79 80 
80 80 80 81 
81 81 81 82 
82 82 82 83 
83 83 83 84 
84 84 84 85 
85 85 85 86 
86 86 86 87 
87 87 87 88 
88 88 88 89 
89 89 89 90 
90 90 90 91 
91 91 91 92 
92 92 92 93 
93 93 93 94 
94 94 94 95 
95 95 95 96 
96 96 96 97 
97 97 97 98 
98 98 98 99 
99 99 99 100 
100 100 100 101 
101 101 101 102 
102 102 102 103 
103 103 103 104 
104 104 104 105 
105 105 105 106 
106 106 106 107 
107 107 107 108 
108 108 108 109 
109 109 109 110 
110 110 110 111 
111 111 111 112 
112 112 112 113 
113 113 113 114 
114 114 114 115 
115 115 115 116 
116 116 116 117 
117 117 117 118 
118 118 118 119 
119 119 119 120 
120 120 120 121 
121 121 121 122 
122 122 122 123 
123 123 123 124 
124 124 124 125 
125 125 125 126 
126 126 126 127 
127 127 127 128 
128 128 128 129 
129 129 129 130 
130 130 130 131 
131 131 131 132 
132 132 132 133 
133 133 133 134 
134 134 134 135 
135 135 135 136 
136 136 136 137 
137 137 137 138 
138 138 138 139 
139 139 139 140 
140 140 140 141 
141 141 141 142 
142 142 142 143 
143 143 143 144 
144 144 144 145 
145 145 145 146 
146 146 146 147 
147 147 147 148 
148 148 148 149 
149 149 149 150 
150 150 150 151 
151 151 151 152 
152 152 152 153 
153 153 153 154 
154 154 154 155 
155 155 155 156 
156 156 156 157 
157 157 157 158 
158 158 158 159 
159 159 159 160 
160 160 160 161 
161 161 161 162 
162 162 162 163 
163 163 163 164 
164 164 164 165 
165 165 165 166 
166 166 166 167 
167 167 167 168 

Angles

1 1 1 2 3 
2 2 2 3 4 
3 3 3 4 5 
4 4 4 5 6 
5 5 5 6 7 
6 6 6 7 8 
7 7 7 8 9 
8 8 8 9 10 
9 9 9 10 11 
10 10 10 11 12 
11 11 11 12 13 
12 12 12 13 14 
13 13 13 14 15 
14 14 14 15 16 
15 15 15 16 17 
16 16 16 17 18 
17 17 17 18 19 
18 18 18 19 20 
19 19 19 20 21 
20 20 20 21 22 
21 21 21 22 23 
22 22 22 23 24 
23 23 23 24 25 
24 24 24 25 26 
25 25 25 26 27 
26 26 26 27 28 
27 27 27 28 29 
28 28 28 29 30 
29 29 29 30 31 
30 30 30 31 32 
31 31 31 32 33 
32 32 32 33 34 
33 33 33 34 35 
34 34 34 35 36 
35 35 35 36 37 
36 36 36 37 38 
37 37 37 38 39 
38 38 38 39 40 
39 39 39 40 41 
40 40 40 41 42 
41 41 41 42 43 
42 42 42 43 44 
43 43 43 44 45 
44 44 44 45 46 
45 45 45 46 47 
46 46 46 47 48 
47 47 47 48 49 
48 48 48 49 50 
49 49 49 50 51 
50 50 50 51 52 
51 51 51 52 53 
52 52 52 53 54 
53 53 53 54 55 
54 54 54 55 56 
55 55 55 56 57 
56 56 56 57 58 
57 57 57 58 59 
58 58 58 59 60 
59 59 59 60 61 
60 60 60 61 62 
61 61 61 62 63 
62 62 62 63 64 
63 63 63 64 65 
64 64 64 65 66 
65 65 65 66 67 
66 66 66 67 68 
67 67 67 68 69 
68 68 68 69 70 
69 69 69 70 71 
70 70 70 71 72 
71 71 71 72 73 
72 72 72 73 74 
73 73 73 74 75 
74 74 74 75 76 
75 75 75 76 77 
76 76 76 77 78 
77 77 77 78 79 
78 78 78 79 80 
79 79 79 80 81 
80 80 80 81 82 
81 81 81 82 83 
82 82 82 83 84 
83 83 83 84 85 
84 84 84 85 86 
85 85 85 86 87 
86 86 86 87 88 
87 87 87 88 89 
88 88 88 89 90 
89 89 89 90 91 
90 90 90 91 92 
91 91 91 92 93 
92 92 92 93 94 
93 93 93 94 95 
94 94 94 95 96 
95 95 95 96 97 
96 96 96 97 98 
97 97 97 98 99 
98 98 98 99 100 
99 99 99 100 101 
100 100 100 101 102 
101 101 101 102 103 
102 102 102 103 104 
103 103 103 104 105 
104 104 104 105 106 
105 105 105 106 107 
106 106 106 107 108 
107 107 107 108 109 
108 108 108 109 110 
109 109 109 110 111 
110 110 110 111 112 
111 111 111 112 113 
112 112 112 113 114 
113 113 113 114 115 
114 114 114 115 116 
115 115 115 116 117 
116 116 116 117 118 
117 117 117 118 119 
118 118 118 119 120 
119 119 119 120 121 
120 120 120 121 122 
121 121 121 122 123 
122 122 122 123 124 
123 123 123 124 125 
124 124 124 125 126 
125 125 125 126 127 
126 126 126 127 128 
127 127 127 128 129 
128 128 128 129 130 
129 129 129 130 131 
130 130 130 131 132 
131 131 131 132 133 
132 132 132 133 134 
133 133 133 134 135 
134 134 134 135 136 
135 135 135 136 137 
136 136 136 137 138 
137 137 137 138 139 
138 138 138 139 140 
139 139 139 140 141 
140 140 140 141 142 
141 141 141 142 143 
142 142 142 143 144 
143 143 143 144 145 
144 144 144 145 146 
145 145 145 146 147 
146 146 146 147 148 
147 147 147 148 149 
148 148 148 149 150 
149 149 149 150 151 
150 150 150 151 152 
151 151 151 152 153 
152 152 152 153 154 
153 153 153 154 155 
154 154 154 155 156 
155 155 155 156 157 
156 156 156 157 158 
157 157 157 158 159 
158 158 158 159 160 
159 159 159 160 161 
160 160 160 161 162 
161 161 161 162 163 
162 162 162 163 164 
163 163 163 164 165 
164 164 164 165 166 
165 165 165 166 167 
166 166 166 167 168 
