# Minimized Production Model for dispRatio of 0.18

84 atoms
83 bonds
82 angles
0 dihedrals
0 impropers


Coords

1 -0.0130603 -296.914 -11.8584
2 -0.0178777 -287.684 -1.98515
3 -0.0227837 -278.416 7.85291
4 -0.0279977 -269.072 17.6187
5 -0.0328485 -259.615 27.2746
6 -0.0371906 -250.01 36.7823
7 -0.0414002 -240.223 46.1031
8 -0.0451678 -230.224 55.1957
9 -0.0482599 -219.983 64.0142
10 -0.050208 -209.472 72.5097
11 -0.0513064 -198.67 80.6309
12 -0.052078 -187.558 88.3214
13 -0.0526719 -176.122 95.5208
14 -0.0531838 -164.355 102.163
15 -0.0530502 -152.255 108.177
16 -0.0518359 -139.832 113.49
17 -0.0506108 -127.107 118.026
18 -0.0500043 -114.109 121.709
19 -0.0497789 -100.884 124.464
20 -0.0496583 -87.4903 126.215
21 -0.0500462 -73.9999 126.889
22 -0.0506808 -60.5022 126.421
23 -0.0508127 -47.1003 124.754
24 -0.0503069 -33.9131 121.846
25 -0.0488974 -21.0728 117.669
26 -0.0468628 -8.72358 112.211
27 -0.0448964 2.98193 105.486
28 -0.0431665 13.8886 97.5311
29 -0.0408834 23.8431 88.414
30 -0.0373254 32.6994 78.2277
31 -0.03219 40.324 67.0897
32 -0.0259657 46.6007 55.1405
33 -0.0189676 51.4359 42.5388
34 -0.0123236 54.762 29.4574
35 -0.00630863 56.5407 16.0769
36 -0.000403237 56.7619 2.58008
37 0.00563579 55.4426 -10.8546
38 0.011997 52.6266 -24.0576
39 0.0184743 48.379 -36.8726
40 0.0250265 42.7861 -49.1618
41 0.0310921 35.9516 -60.8076
42 0.0358535 27.9887 -71.7149
43 0.039342 19.0152 -81.8093
44 0.042652 9.15073 -91.0364
45 0.0457603 -1.48692 -99.3631
46 0.0482582 -12.7833 -106.774
47 0.0499281 -24.6318 -113.267
48 0.051106 -36.9347 -118.854
49 0.0517669 -49.6031 -123.556
50 0.0514303 -62.5583 -127.401
51 0.0503521 -75.7303 -130.424
52 0.0495169 -89.0578 -132.67
53 0.0492124 -102.489 -134.182
54 0.0490282 -115.981 -135.006
55 0.0485598 -129.498 -135.191
56 0.0482313 -143.01 -134.782
57 0.047769 -156.495 -133.825
58 0.0468241 -169.936 -132.368
59 0.0456566 -183.319 -130.451
60 0.0440737 -196.636 -128.116
61 0.0424631 -209.879 -125.397
62 0.0409053 -223.047 -122.329
63 0.0386883 -236.137 -118.945
64 0.0358038 -249.15 -115.273
65 0.0333374 -262.088 -111.344
66 0.0320094 -274.953 -107.184
67 0.0306063 -287.75 -102.816
68 0.0282663 -300.481 -98.2609
69 0.0265527 -313.152 -93.5389
70 0.025149 -325.766 -88.6685
71 0.0234753 -338.329 -83.667
72 0.021488 -350.845 -78.5489
73 0.0193829 -363.317 -73.3257
74 0.0169736 -375.75 -68.0083
75 0.0142728 -388.146 -62.6077
76 0.011075 -400.511 -57.1352
77 0.00772897 -412.849 -51.6001
78 0.00419245 -425.163 -46.0122
79 0.000921042 -437.458 -40.3824
80 -0.00218136 -449.736 -34.7181
81 -0.0053484 -462.003 -29.0272
82 -0.00785648 -474.259 -23.3161
83 -0.0102873 -486.509 -17.5917
84 -0.0130603 -498.755 -11.8584

Types

1 1
2 2
3 3
4 4
5 5
6 6
7 7
8 8
9 9
10 10
11 11
12 12
13 13
14 14
15 15
16 16
17 17
18 18
19 19
20 20
21 21
22 22
23 23
24 24
25 25
26 26
27 27
28 28
29 29
30 30
31 31
32 32
33 33
34 34
35 35
36 36
37 37
38 38
39 39
40 40
41 41
42 42
43 43
44 44
45 45
46 46
47 47
48 48
49 49
50 50
51 51
52 52
53 53
54 54
55 55
56 56
57 57
58 58
59 59
60 60
61 61
62 62
63 63
64 64
65 65
66 66
67 67
68 68
69 69
70 70
71 71
72 72
73 73
74 74
75 75
76 76
77 77
78 78
79 79
80 80
81 81
82 82
83 83
84 84

Molecules

1 1
2 1
3 1
4 1
5 1
6 1
7 1
8 1
9 1
10 1
11 1
12 1
13 1
14 1
15 1
16 1
17 1
18 1
19 1
20 1
21 1
22 1
23 1
24 1
25 1
26 1
27 1
28 1
29 1
30 1
31 1
32 1
33 1
34 1
35 1
36 1
37 1
38 1
39 1
40 1
41 1
42 1
43 1
44 1
45 1
46 1
47 1
48 1
49 1
50 1
51 1
52 1
53 1
54 1
55 1
56 1
57 1
58 1
59 1
60 1
61 1
62 1
63 1
64 1
65 1
66 1
67 1
68 1
69 1
70 1
71 1
72 1
73 1
74 1
75 1
76 1
77 1
78 1
79 1
80 1
81 1
82 1
83 1
84 1

Bonds

1 1 1 2 
2 2 2 3 
3 3 3 4 
4 4 4 5 
5 5 5 6 
6 6 6 7 
7 7 7 8 
8 8 8 9 
9 9 9 10 
10 10 10 11 
11 11 11 12 
12 12 12 13 
13 13 13 14 
14 14 14 15 
15 15 15 16 
16 16 16 17 
17 17 17 18 
18 18 18 19 
19 19 19 20 
20 20 20 21 
21 21 21 22 
22 22 22 23 
23 23 23 24 
24 24 24 25 
25 25 25 26 
26 26 26 27 
27 27 27 28 
28 28 28 29 
29 29 29 30 
30 30 30 31 
31 31 31 32 
32 32 32 33 
33 33 33 34 
34 34 34 35 
35 35 35 36 
36 36 36 37 
37 37 37 38 
38 38 38 39 
39 39 39 40 
40 40 40 41 
41 41 41 42 
42 42 42 43 
43 43 43 44 
44 44 44 45 
45 45 45 46 
46 46 46 47 
47 47 47 48 
48 48 48 49 
49 49 49 50 
50 50 50 51 
51 51 51 52 
52 52 52 53 
53 53 53 54 
54 54 54 55 
55 55 55 56 
56 56 56 57 
57 57 57 58 
58 58 58 59 
59 59 59 60 
60 60 60 61 
61 61 61 62 
62 62 62 63 
63 63 63 64 
64 64 64 65 
65 65 65 66 
66 66 66 67 
67 67 67 68 
68 68 68 69 
69 69 69 70 
70 70 70 71 
71 71 71 72 
72 72 72 73 
73 73 73 74 
74 74 74 75 
75 75 75 76 
76 76 76 77 
77 77 77 78 
78 78 78 79 
79 79 79 80 
80 80 80 81 
81 81 81 82 
82 82 82 83 
83 83 83 84 

Angles

1 1 1 2 3 
2 2 2 3 4 
3 3 3 4 5 
4 4 4 5 6 
5 5 5 6 7 
6 6 6 7 8 
7 7 7 8 9 
8 8 8 9 10 
9 9 9 10 11 
10 10 10 11 12 
11 11 11 12 13 
12 12 12 13 14 
13 13 13 14 15 
14 14 14 15 16 
15 15 15 16 17 
16 16 16 17 18 
17 17 17 18 19 
18 18 18 19 20 
19 19 19 20 21 
20 20 20 21 22 
21 21 21 22 23 
22 22 22 23 24 
23 23 23 24 25 
24 24 24 25 26 
25 25 25 26 27 
26 26 26 27 28 
27 27 27 28 29 
28 28 28 29 30 
29 29 29 30 31 
30 30 30 31 32 
31 31 31 32 33 
32 32 32 33 34 
33 33 33 34 35 
34 34 34 35 36 
35 35 35 36 37 
36 36 36 37 38 
37 37 37 38 39 
38 38 38 39 40 
39 39 39 40 41 
40 40 40 41 42 
41 41 41 42 43 
42 42 42 43 44 
43 43 43 44 45 
44 44 44 45 46 
45 45 45 46 47 
46 46 46 47 48 
47 47 47 48 49 
48 48 48 49 50 
49 49 49 50 51 
50 50 50 51 52 
51 51 51 52 53 
52 52 52 53 54 
53 53 53 54 55 
54 54 54 55 56 
55 55 55 56 57 
56 56 56 57 58 
57 57 57 58 59 
58 58 58 59 60 
59 59 59 60 61 
60 60 60 61 62 
61 61 61 62 63 
62 62 62 63 64 
63 63 63 64 65 
64 64 64 65 66 
65 65 65 66 67 
66 66 66 67 68 
67 67 67 68 69 
68 68 68 69 70 
69 69 69 70 71 
70 70 70 71 72 
71 71 71 72 73 
72 72 72 73 74 
73 73 73 74 75 
74 74 74 75 76 
75 75 75 76 77 
76 76 76 77 78 
77 77 77 78 79 
78 78 78 79 80 
79 79 79 80 81 
80 80 80 81 82 
81 81 81 82 83 
82 82 82 83 84 
