# Minimized Production Model for dispRatio of 0.65

168 atoms
167 bonds
166 angles
0 dihedrals
0 impropers


Coords

1 128.96 167.625 9.69175
2 125.207 162.011 9.51378
3 121.45 156.398 9.33583
4 117.688 150.79 9.15796
5 113.918 145.186 8.98015
6 110.137 139.59 8.80253
7 106.343 134.003 8.6255
8 102.533 128.425 8.44942
9 98.7059 122.86 8.27439
10 94.8579 117.309 8.10053
11 90.9869 111.774 7.92773
12 87.0905 106.256 7.75582
13 83.1664 100.758 7.58504
14 79.2122 95.2813 7.41567
15 75.2252 89.8286 7.2479
16 71.2024 84.4023 7.08217
17 67.1409 79.0049 6.91884
18 63.0375 73.6393 6.75815
19 58.8892 68.3085 6.60042
20 54.6927 63.0156 6.44578
21 50.445 57.764 6.29416
22 46.1425 52.5577 6.14556
23 41.7813 47.4005 6.00003
24 37.3575 42.2971 5.8576
25 32.8667 37.2527 5.71852
26 28.3044 32.2731 5.58294
27 23.6656 27.3649 5.45076
28 18.9449 22.5358 5.32172
29 14.1363 17.7944 5.19531
30 9.23374 13.1504 5.07083
31 4.23083 8.61491 4.94761
32 -0.878989 4.20053 4.82484
33 -6.10244 -0.0783657 4.70156
34 -11.4464 -4.20526 4.57659
35 -16.9173 -8.16154 4.4486
36 -22.5212 -11.9261 4.31605
37 -28.2633 -15.475 4.17711
38 -34.1471 -18.7815 4.02966
39 -40.1746 -21.8156 3.87118
40 -46.3448 -24.5441 3.69868
41 -52.6532 -26.9303 3.50901
42 -59.0907 -28.9338 3.29885
43 -65.6425 -30.511 3.06475
44 -72.2864 -31.6153 2.80333
45 -78.9917 -32.1981 2.51113
46 -85.7169 -32.2106 2.18469
47 -92.4087 -31.6053 1.8209
48 -99.0001 -30.339 1.41723
49 -105.41 -28.3758 0.971949
50 -111.543 -25.6913 0.484663
51 -117.292 -22.277 -0.0435138
52 -122.536 -18.1451 -0.609647
53 -127.151 -13.3333 -1.20866
54 -131.011 -7.90772 -1.83318
55 -133.998 -1.9649 -2.47345
56 -136.01 4.3691 -3.11783
57 -136.969 10.9423 -3.75342
58 -136.83 17.5833 -4.3665
59 -135.584 24.1098 -4.94349
60 -133.263 30.34 -5.47185
61 -129.936 36.103 -5.94059
62 -125.706 41.2494 -6.34107
63 -120.702 45.6587 -6.66745
64 -115.067 49.244 -6.91682
65 -108.953 51.9534 -7.08924
66 -102.509 53.7685 -7.18744
67 -95.8713 54.6996 -7.21625
68 -89.1627 54.7804 -7.18197
69 -82.4864 54.062 -7.09172
70 -75.9259 52.6065 -6.95294
71 -69.5456 50.4825 -6.7731
72 -63.3923 47.7604 -6.55932
73 -57.4972 44.5094 -6.3184
74 -51.8785 40.7954 -6.05648
75 -46.5438 36.6789 -5.77874
76 -41.4928 32.215 -5.48971
77 -36.7189 27.4527 -5.19328
78 -32.211 22.435 -4.89269
79 -27.9548 17.1997 -4.59088
80 -23.9343 11.7791 -4.29033
81 -20.1324 6.20122 -3.99277
82 -16.5314 0.489871 -3.69957
83 -13.1138 -5.33453 -3.41178
84 -9.86241 -11.2546 -3.13021
85 -6.76112 -17.2559 -2.85563
86 -3.79476 -23.3259 -2.58861
87 -0.949577 -29.4545 -2.32934
88 1.78688 -35.6333 -2.07778
89 4.42606 -41.855 -1.83382
90 6.97831 -48.1136 -1.59727
91 9.45304 -54.4039 -1.36779
92 11.8587 -60.7215 -1.14506
93 14.2028 -67.0628 -0.928888
94 16.4918 -73.4249 -0.719047
95 18.7314 -79.8051 -0.515436
96 20.9268 -86.2013 -0.31796
97 23.0825 -92.6116 -0.12622
98 25.2024 -99.0345 0.0603334
99 27.2896 -105.469 0.242141
100 29.347 -111.913 0.419708
101 31.377 -118.367 0.593567
102 33.3816 -124.829 0.764047
103 35.3626 -131.299 0.931428
104 37.321 -137.776 1.09587
105 39.2578 -144.261 1.25733
106 41.1735 -150.752 1.41588
107 43.0684 -157.25 1.57168
108 44.9428 -163.755 1.7251
109 46.7968 -170.266 1.87658
110 48.6305 -176.782 2.02648
111 50.4438 -183.305 2.17508
112 52.2371 -189.834 2.32248
113 54.0107 -196.368 2.46857
114 55.765 -202.907 2.61339
115 57.5003 -209.452 2.75709
116 59.2164 -216.002 2.89972
117 60.9133 -222.557 3.04137
118 62.5909 -229.117 3.18221
119 64.2495 -235.682 3.32238
120 65.8893 -242.251 3.46209
121 67.5102 -248.826 3.60143
122 69.1123 -255.405 3.74027
123 70.6954 -261.989 3.87835
124 72.2596 -268.578 4.01546
125 73.8055 -275.171 4.15161
126 75.3331 -281.768 4.28696
127 76.8426 -288.371 4.42172
128 78.3342 -294.977 4.55617
129 79.8084 -301.587 4.69052
130 81.2657 -308.202 4.82484
131 82.7069 -314.82 4.95904
132 84.1332 -321.443 5.09298
133 85.545 -328.068 5.22642
134 86.9429 -334.697 5.3592
135 88.3273 -341.329 5.49124
136 89.6983 -347.965 5.62258
137 91.0559 -354.604 5.75345
138 92.4006 -361.245 5.88401
139 93.7324 -367.89 6.01434
140 95.0517 -374.537 6.14447
141 96.3591 -381.186 6.27432
142 97.6551 -387.838 6.40386
143 98.9406 -394.493 6.53306
144 100.216 -401.149 6.6618
145 101.483 -407.807 6.79023
146 102.74 -414.466 6.91842
147 103.99 -421.127 7.04631
148 105.231 -427.79 7.17417
149 106.466 -434.454 7.30199
150 107.693 -441.119 7.42952
151 108.914 -447.785 7.55674
152 110.129 -454.452 7.68343
153 111.338 -461.12 7.80947
154 112.541 -467.789 7.93527
155 113.739 -474.459 8.06099
156 114.931 -481.131 8.18712
157 116.118 -487.803 8.31369
158 117.3 -494.476 8.44038
159 118.477 -501.151 8.56672
160 119.649 -507.826 8.69262
161 120.819 -514.502 8.81794
162 121.985 -521.178 8.94273
163 123.15 -527.856 9.06629
164 124.313 -534.533 9.18955
165 125.476 -541.211 9.313
166 126.638 -547.889 9.43775
167 127.799 -554.568 9.56408
168 128.96 -561.246 9.69175

Types

1 1
2 2
3 3
4 4
5 5
6 6
7 7
8 8
9 9
10 10
11 11
12 12
13 13
14 14
15 15
16 16
17 17
18 18
19 19
20 20
21 21
22 22
23 23
24 24
25 25
26 26
27 27
28 28
29 29
30 30
31 31
32 32
33 33
34 34
35 35
36 36
37 37
38 38
39 39
40 40
41 41
42 42
43 43
44 44
45 45
46 46
47 47
48 48
49 49
50 50
51 51
52 52
53 53
54 54
55 55
56 56
57 57
58 58
59 59
60 60
61 61
62 62
63 63
64 64
65 65
66 66
67 67
68 68
69 69
70 70
71 71
72 72
73 73
74 74
75 75
76 76
77 77
78 78
79 79
80 80
81 81
82 82
83 83
84 84
85 85
86 86
87 87
88 88
89 89
90 90
91 91
92 92
93 93
94 94
95 95
96 96
97 97
98 98
99 99
100 100
101 101
102 102
103 103
104 104
105 105
106 106
107 107
108 108
109 109
110 110
111 111
112 112
113 113
114 114
115 115
116 116
117 117
118 118
119 119
120 120
121 121
122 122
123 123
124 124
125 125
126 126
127 127
128 128
129 129
130 130
131 131
132 132
133 133
134 134
135 135
136 136
137 137
138 138
139 139
140 140
141 141
142 142
143 143
144 144
145 145
146 146
147 147
148 148
149 149
150 150
151 151
152 152
153 153
154 154
155 155
156 156
157 157
158 158
159 159
160 160
161 161
162 162
163 163
164 164
165 165
166 166
167 167
168 168

Molecules

1 1
2 1
3 1
4 1
5 1
6 1
7 1
8 1
9 1
10 1
11 1
12 1
13 1
14 1
15 1
16 1
17 1
18 1
19 1
20 1
21 1
22 1
23 1
24 1
25 1
26 1
27 1
28 1
29 1
30 1
31 1
32 1
33 1
34 1
35 1
36 1
37 1
38 1
39 1
40 1
41 1
42 1
43 1
44 1
45 1
46 1
47 1
48 1
49 1
50 1
51 1
52 1
53 1
54 1
55 1
56 1
57 1
58 1
59 1
60 1
61 1
62 1
63 1
64 1
65 1
66 1
67 1
68 1
69 1
70 1
71 1
72 1
73 1
74 1
75 1
76 1
77 1
78 1
79 1
80 1
81 1
82 1
83 1
84 1
85 1
86 1
87 1
88 1
89 1
90 1
91 1
92 1
93 1
94 1
95 1
96 1
97 1
98 1
99 1
100 1
101 1
102 1
103 1
104 1
105 1
106 1
107 1
108 1
109 1
110 1
111 1
112 1
113 1
114 1
115 1
116 1
117 1
118 1
119 1
120 1
121 1
122 1
123 1
124 1
125 1
126 1
127 1
128 1
129 1
130 1
131 1
132 1
133 1
134 1
135 1
136 1
137 1
138 1
139 1
140 1
141 1
142 1
143 1
144 1
145 1
146 1
147 1
148 1
149 1
150 1
151 1
152 1
153 1
154 1
155 1
156 1
157 1
158 1
159 1
160 1
161 1
162 1
163 1
164 1
165 1
166 1
167 1
168 1

Bonds

1 1 1 2 
2 2 2 3 
3 3 3 4 
4 4 4 5 
5 5 5 6 
6 6 6 7 
7 7 7 8 
8 8 8 9 
9 9 9 10 
10 10 10 11 
11 11 11 12 
12 12 12 13 
13 13 13 14 
14 14 14 15 
15 15 15 16 
16 16 16 17 
17 17 17 18 
18 18 18 19 
19 19 19 20 
20 20 20 21 
21 21 21 22 
22 22 22 23 
23 23 23 24 
24 24 24 25 
25 25 25 26 
26 26 26 27 
27 27 27 28 
28 28 28 29 
29 29 29 30 
30 30 30 31 
31 31 31 32 
32 32 32 33 
33 33 33 34 
34 34 34 35 
35 35 35 36 
36 36 36 37 
37 37 37 38 
38 38 38 39 
39 39 39 40 
40 40 40 41 
41 41 41 42 
42 42 42 43 
43 43 43 44 
44 44 44 45 
45 45 45 46 
46 46 46 47 
47 47 47 48 
48 48 48 49 
49 49 49 50 
50 50 50 51 
51 51 51 52 
52 52 52 53 
53 53 53 54 
54 54 54 55 
55 55 55 56 
56 56 56 57 
57 57 57 58 
58 58 58 59 
59 59 59 60 
60 60 60 61 
61 61 61 62 
62 62 62 63 
63 63 63 64 
64 64 64 65 
65 65 65 66 
66 66 66 67 
67 67 67 68 
68 68 68 69 
69 69 69 70 
70 70 70 71 
71 71 71 72 
72 72 72 73 
73 73 73 74 
74 74 74 75 
75 75 75 76 
76 76 76 77 
77 77 77 78 
78 78 78 79 
79 79 79 80 
80 80 80 81 
81 81 81 82 
82 82 82 83 
83 83 83 84 
84 84 84 85 
85 85 85 86 
86 86 86 87 
87 87 87 88 
88 88 88 89 
89 89 89 90 
90 90 90 91 
91 91 91 92 
92 92 92 93 
93 93 93 94 
94 94 94 95 
95 95 95 96 
96 96 96 97 
97 97 97 98 
98 98 98 99 
99 99 99 100 
100 100 100 101 
101 101 101 102 
102 102 102 103 
103 103 103 104 
104 104 104 105 
105 105 105 106 
106 106 106 107 
107 107 107 108 
108 108 108 109 
109 109 109 110 
110 110 110 111 
111 111 111 112 
112 112 112 113 
113 113 113 114 
114 114 114 115 
115 115 115 116 
116 116 116 117 
117 117 117 118 
118 118 118 119 
119 119 119 120 
120 120 120 121 
121 121 121 122 
122 122 122 123 
123 123 123 124 
124 124 124 125 
125 125 125 126 
126 126 126 127 
127 127 127 128 
128 128 128 129 
129 129 129 130 
130 130 130 131 
131 131 131 132 
132 132 132 133 
133 133 133 134 
134 134 134 135 
135 135 135 136 
136 136 136 137 
137 137 137 138 
138 138 138 139 
139 139 139 140 
140 140 140 141 
141 141 141 142 
142 142 142 143 
143 143 143 144 
144 144 144 145 
145 145 145 146 
146 146 146 147 
147 147 147 148 
148 148 148 149 
149 149 149 150 
150 150 150 151 
151 151 151 152 
152 152 152 153 
153 153 153 154 
154 154 154 155 
155 155 155 156 
156 156 156 157 
157 157 157 158 
158 158 158 159 
159 159 159 160 
160 160 160 161 
161 161 161 162 
162 162 162 163 
163 163 163 164 
164 164 164 165 
165 165 165 166 
166 166 166 167 
167 167 167 168 

Angles

1 1 1 2 3 
2 2 2 3 4 
3 3 3 4 5 
4 4 4 5 6 
5 5 5 6 7 
6 6 6 7 8 
7 7 7 8 9 
8 8 8 9 10 
9 9 9 10 11 
10 10 10 11 12 
11 11 11 12 13 
12 12 12 13 14 
13 13 13 14 15 
14 14 14 15 16 
15 15 15 16 17 
16 16 16 17 18 
17 17 17 18 19 
18 18 18 19 20 
19 19 19 20 21 
20 20 20 21 22 
21 21 21 22 23 
22 22 22 23 24 
23 23 23 24 25 
24 24 24 25 26 
25 25 25 26 27 
26 26 26 27 28 
27 27 27 28 29 
28 28 28 29 30 
29 29 29 30 31 
30 30 30 31 32 
31 31 31 32 33 
32 32 32 33 34 
33 33 33 34 35 
34 34 34 35 36 
35 35 35 36 37 
36 36 36 37 38 
37 37 37 38 39 
38 38 38 39 40 
39 39 39 40 41 
40 40 40 41 42 
41 41 41 42 43 
42 42 42 43 44 
43 43 43 44 45 
44 44 44 45 46 
45 45 45 46 47 
46 46 46 47 48 
47 47 47 48 49 
48 48 48 49 50 
49 49 49 50 51 
50 50 50 51 52 
51 51 51 52 53 
52 52 52 53 54 
53 53 53 54 55 
54 54 54 55 56 
55 55 55 56 57 
56 56 56 57 58 
57 57 57 58 59 
58 58 58 59 60 
59 59 59 60 61 
60 60 60 61 62 
61 61 61 62 63 
62 62 62 63 64 
63 63 63 64 65 
64 64 64 65 66 
65 65 65 66 67 
66 66 66 67 68 
67 67 67 68 69 
68 68 68 69 70 
69 69 69 70 71 
70 70 70 71 72 
71 71 71 72 73 
72 72 72 73 74 
73 73 73 74 75 
74 74 74 75 76 
75 75 75 76 77 
76 76 76 77 78 
77 77 77 78 79 
78 78 78 79 80 
79 79 79 80 81 
80 80 80 81 82 
81 81 81 82 83 
82 82 82 83 84 
83 83 83 84 85 
84 84 84 85 86 
85 85 85 86 87 
86 86 86 87 88 
87 87 87 88 89 
88 88 88 89 90 
89 89 89 90 91 
90 90 90 91 92 
91 91 91 92 93 
92 92 92 93 94 
93 93 93 94 95 
94 94 94 95 96 
95 95 95 96 97 
96 96 96 97 98 
97 97 97 98 99 
98 98 98 99 100 
99 99 99 100 101 
100 100 100 101 102 
101 101 101 102 103 
102 102 102 103 104 
103 103 103 104 105 
104 104 104 105 106 
105 105 105 106 107 
106 106 106 107 108 
107 107 107 108 109 
108 108 108 109 110 
109 109 109 110 111 
110 110 110 111 112 
111 111 111 112 113 
112 112 112 113 114 
113 113 113 114 115 
114 114 114 115 116 
115 115 115 116 117 
116 116 116 117 118 
117 117 117 118 119 
118 118 118 119 120 
119 119 119 120 121 
120 120 120 121 122 
121 121 121 122 123 
122 122 122 123 124 
123 123 123 124 125 
124 124 124 125 126 
125 125 125 126 127 
126 126 126 127 128 
127 127 127 128 129 
128 128 128 129 130 
129 129 129 130 131 
130 130 130 131 132 
131 131 131 132 133 
132 132 132 133 134 
133 133 133 134 135 
134 134 134 135 136 
135 135 135 136 137 
136 136 136 137 138 
137 137 137 138 139 
138 138 138 139 140 
139 139 139 140 141 
140 140 140 141 142 
141 141 141 142 143 
142 142 142 143 144 
143 143 143 144 145 
144 144 144 145 146 
145 145 145 146 147 
146 146 146 147 148 
147 147 147 148 149 
148 148 148 149 150 
149 149 149 150 151 
150 150 150 151 152 
151 151 151 152 153 
152 152 152 153 154 
153 153 153 154 155 
154 154 154 155 156 
155 155 155 156 157 
156 156 156 157 158 
157 157 157 158 159 
158 158 158 159 160 
159 159 159 160 161 
160 160 160 161 162 
161 161 161 162 163 
162 162 162 163 164 
163 163 163 164 165 
164 164 164 165 166 
165 165 165 166 167 
166 166 166 167 168 
