# Minimized Production Model for dispRatio of 0.99

42 atoms
41 bonds
40 angles
0 dihedrals
0 impropers


Coords

1 -1.51708 528.682 -83.5037
2 -1.26942 502.235 -76.554
3 -1.0118 475.766 -69.681
4 -0.740661 449.257 -62.961
5 -0.449041 422.696 -56.4552
6 -0.139097 396.07 -50.221
7 0.190483 369.369 -44.3231
8 0.543056 342.583 -38.8256
9 0.921841 315.709 -33.781
10 1.32883 288.743 -29.2372
11 1.75853 261.694 -25.2326
12 2.19641 234.567 -21.7918
13 2.63641 207.373 -18.9321
14 3.06971 180.124 -16.6697
15 3.48778 152.831 -15.013
16 3.8869 125.507 -13.9605
17 4.25738 98.1659 -13.4942
18 4.58949 70.8198 -13.5882
19 4.87794 43.4808 -14.2151
20 5.11584 16.1586 -15.339
21 5.28212 -11.1411 -16.9236
22 5.37853 -38.4146 -18.9293
23 5.40501 -65.6593 -21.3008
24 5.36752 -92.8746 -23.9888
25 5.27022 -120.061 -26.9469
26 5.11464 -147.222 -30.1176
27 4.89956 -174.364 -33.4585
28 4.6331 -201.49 -36.9234
29 4.31022 -228.605 -40.4696
30 3.94022 -255.713 -44.0567
31 3.53615 -282.819 -47.6545
32 3.10587 -309.928 -51.2291
33 2.66071 -337.043 -54.757
34 2.21067 -364.167 -58.2213
35 1.75663 -391.299 -61.6219
36 1.29619 -418.439 -64.945
37 0.824593 -445.589 -68.1877
38 0.341516 -472.748 -71.3519
39 -0.139001 -499.916 -74.4451
40 -0.606373 -527.091 -77.4838
41 -1.06802 -554.267 -80.4978
42 -1.51708 -581.445 -83.5037

Types

1 1
2 2
3 3
4 4
5 5
6 6
7 7
8 8
9 9
10 10
11 11
12 12
13 13
14 14
15 15
16 16
17 17
18 18
19 19
20 20
21 21
22 22
23 23
24 24
25 25
26 26
27 27
28 28
29 29
30 30
31 31
32 32
33 33
34 34
35 35
36 36
37 37
38 38
39 39
40 40
41 41
42 42

Molecules

1 1
2 1
3 1
4 1
5 1
6 1
7 1
8 1
9 1
10 1
11 1
12 1
13 1
14 1
15 1
16 1
17 1
18 1
19 1
20 1
21 1
22 1
23 1
24 1
25 1
26 1
27 1
28 1
29 1
30 1
31 1
32 1
33 1
34 1
35 1
36 1
37 1
38 1
39 1
40 1
41 1
42 1

Bonds

1 1 1 2 
2 2 2 3 
3 3 3 4 
4 4 4 5 
5 5 5 6 
6 6 6 7 
7 7 7 8 
8 8 8 9 
9 9 9 10 
10 10 10 11 
11 11 11 12 
12 12 12 13 
13 13 13 14 
14 14 14 15 
15 15 15 16 
16 16 16 17 
17 17 17 18 
18 18 18 19 
19 19 19 20 
20 20 20 21 
21 21 21 22 
22 22 22 23 
23 23 23 24 
24 24 24 25 
25 25 25 26 
26 26 26 27 
27 27 27 28 
28 28 28 29 
29 29 29 30 
30 30 30 31 
31 31 31 32 
32 32 32 33 
33 33 33 34 
34 34 34 35 
35 35 35 36 
36 36 36 37 
37 37 37 38 
38 38 38 39 
39 39 39 40 
40 40 40 41 
41 41 41 42 

Angles

1 1 1 2 3 
2 2 2 3 4 
3 3 3 4 5 
4 4 4 5 6 
5 5 5 6 7 
6 6 6 7 8 
7 7 7 8 9 
8 8 8 9 10 
9 9 9 10 11 
10 10 10 11 12 
11 11 11 12 13 
12 12 12 13 14 
13 13 13 14 15 
14 14 14 15 16 
15 15 15 16 17 
16 16 16 17 18 
17 17 17 18 19 
18 18 18 19 20 
19 19 19 20 21 
20 20 20 21 22 
21 21 21 22 23 
22 22 22 23 24 
23 23 23 24 25 
24 24 24 25 26 
25 25 25 26 27 
26 26 26 27 28 
27 27 27 28 29 
28 28 28 29 30 
29 29 29 30 31 
30 30 30 31 32 
31 31 31 32 33 
32 32 32 33 34 
33 33 33 34 35 
34 34 34 35 36 
35 35 35 36 37 
36 36 36 37 38 
37 37 37 38 39 
38 38 38 39 40 
39 39 39 40 41 
40 40 40 41 42 
