# Minimized Production Model for dispRatio of 0.90

84 atoms
83 bonds
82 angles
0 dihedrals
0 impropers


Coords

1 -0.0130603 106.769 -11.8584
2 1.62181 98.548 -1.28159
3 3.25094 90.2778 9.25776
4 4.86759 81.9083 19.7199
5 6.46629 73.3884 30.0619
6 8.04398 64.6692 40.2391
7 9.59625 55.7061 50.2049
8 11.1183 46.4569 59.9095
9 12.6052 36.8838 69.3004
10 14.0506 26.9576 78.3239
11 15.4454 16.657 86.9254
12 16.7826 5.96859 95.0496
13 18.0558 -5.11012 102.642
14 19.2585 -16.5751 109.65
15 20.3841 -28.4126 116.022
16 21.4228 -40.5993 121.714
17 22.3644 -53.104 126.689
18 23.2004 -65.8883 130.916
19 23.9264 -78.9091 134.371
20 24.5388 -92.12 137.034
21 25.034 -105.472 138.895
22 25.4098 -118.916 139.955
23 25.6628 -132.403 140.222
24 25.7904 -145.885 139.715
25 25.795 -159.318 138.454
26 25.6819 -172.663 136.468
27 25.4553 -185.886 133.792
28 25.1216 -198.959 130.466
29 24.6865 -211.861 126.537
30 24.1533 -224.576 122.05
31 23.5273 -237.098 117.057
32 22.8139 -249.424 111.609
33 22.0182 -261.56 105.759
34 21.1454 -273.515 99.5583
35 20.2028 -285.306 93.0587
36 19.1966 -296.949 86.308
37 18.1322 -308.467 79.3526
38 17.0166 -319.882 72.2376
39 15.8552 -331.219 65.0077
40 14.6534 -342.505 57.7052
41 13.4196 -353.764 50.3664
42 12.1628 -365.02 43.0265
43 10.8892 -376.298 35.7208
44 9.6062 -387.618 28.4837
45 8.32079 -399.002 21.3484
46 7.03755 -410.469 14.3469
47 5.76238 -422.035 7.51019
48 4.50207 -433.716 0.86886
49 3.26232 -445.524 -5.54743
50 2.04906 -457.47 -11.7082
51 0.869535 -469.562 -17.5847
52 -0.270912 -481.803 -23.1504
53 -1.36826 -494.196 -28.3795
54 -2.41695 -506.738 -33.2482
55 -3.40929 -519.426 -37.7373
56 -4.33817 -532.252 -41.8327
57 -5.19665 -545.204 -45.5238
58 -5.97836 -558.272 -48.8006
59 -6.68049 -571.443 -51.6541
60 -7.30162 -584.705 -54.0781
61 -7.84024 -598.043 -56.0697
62 -8.29388 -611.441 -57.6325
63 -8.66096 -624.884 -58.7732
64 -8.94089 -638.357 -59.5005
65 -9.13447 -651.848 -59.8252
66 -9.24335 -665.343 -59.759
67 -9.26782 -678.831 -59.3147
68 -9.20942 -692.303 -58.5065
69 -9.07027 -705.748 -57.3488
70 -8.85366 -719.16 -55.8586
71 -8.56263 -732.532 -54.0544
72 -8.1992 -745.86 -51.9537
73 -7.76649 -759.138 -49.576
74 -7.26783 -772.366 -46.9405
75 -6.70976 -785.541 -44.0687
76 -6.1005 -798.666 -40.9854
77 -5.44518 -811.744 -37.7177
78 -4.74789 -824.781 -34.295
79 -4.01338 -837.782 -30.744
80 -3.24664 -850.751 -27.0877
81 -2.45511 -863.694 -23.3496
82 -1.64802 -876.619 -19.5521
83 -0.832434 -889.531 -15.7149
84 -0.0130603 -902.438 -11.8584

Types

1 1
2 2
3 3
4 4
5 5
6 6
7 7
8 8
9 9
10 10
11 11
12 12
13 13
14 14
15 15
16 16
17 17
18 18
19 19
20 20
21 21
22 22
23 23
24 24
25 25
26 26
27 27
28 28
29 29
30 30
31 31
32 32
33 33
34 34
35 35
36 36
37 37
38 38
39 39
40 40
41 41
42 42
43 43
44 44
45 45
46 46
47 47
48 48
49 49
50 50
51 51
52 52
53 53
54 54
55 55
56 56
57 57
58 58
59 59
60 60
61 61
62 62
63 63
64 64
65 65
66 66
67 67
68 68
69 69
70 70
71 71
72 72
73 73
74 74
75 75
76 76
77 77
78 78
79 79
80 80
81 81
82 82
83 83
84 84

Molecules

1 1
2 1
3 1
4 1
5 1
6 1
7 1
8 1
9 1
10 1
11 1
12 1
13 1
14 1
15 1
16 1
17 1
18 1
19 1
20 1
21 1
22 1
23 1
24 1
25 1
26 1
27 1
28 1
29 1
30 1
31 1
32 1
33 1
34 1
35 1
36 1
37 1
38 1
39 1
40 1
41 1
42 1
43 1
44 1
45 1
46 1
47 1
48 1
49 1
50 1
51 1
52 1
53 1
54 1
55 1
56 1
57 1
58 1
59 1
60 1
61 1
62 1
63 1
64 1
65 1
66 1
67 1
68 1
69 1
70 1
71 1
72 1
73 1
74 1
75 1
76 1
77 1
78 1
79 1
80 1
81 1
82 1
83 1
84 1

Bonds

1 1 1 2 
2 2 2 3 
3 3 3 4 
4 4 4 5 
5 5 5 6 
6 6 6 7 
7 7 7 8 
8 8 8 9 
9 9 9 10 
10 10 10 11 
11 11 11 12 
12 12 12 13 
13 13 13 14 
14 14 14 15 
15 15 15 16 
16 16 16 17 
17 17 17 18 
18 18 18 19 
19 19 19 20 
20 20 20 21 
21 21 21 22 
22 22 22 23 
23 23 23 24 
24 24 24 25 
25 25 25 26 
26 26 26 27 
27 27 27 28 
28 28 28 29 
29 29 29 30 
30 30 30 31 
31 31 31 32 
32 32 32 33 
33 33 33 34 
34 34 34 35 
35 35 35 36 
36 36 36 37 
37 37 37 38 
38 38 38 39 
39 39 39 40 
40 40 40 41 
41 41 41 42 
42 42 42 43 
43 43 43 44 
44 44 44 45 
45 45 45 46 
46 46 46 47 
47 47 47 48 
48 48 48 49 
49 49 49 50 
50 50 50 51 
51 51 51 52 
52 52 52 53 
53 53 53 54 
54 54 54 55 
55 55 55 56 
56 56 56 57 
57 57 57 58 
58 58 58 59 
59 59 59 60 
60 60 60 61 
61 61 61 62 
62 62 62 63 
63 63 63 64 
64 64 64 65 
65 65 65 66 
66 66 66 67 
67 67 67 68 
68 68 68 69 
69 69 69 70 
70 70 70 71 
71 71 71 72 
72 72 72 73 
73 73 73 74 
74 74 74 75 
75 75 75 76 
76 76 76 77 
77 77 77 78 
78 78 78 79 
79 79 79 80 
80 80 80 81 
81 81 81 82 
82 82 82 83 
83 83 83 84 

Angles

1 1 1 2 3 
2 2 2 3 4 
3 3 3 4 5 
4 4 4 5 6 
5 5 5 6 7 
6 6 6 7 8 
7 7 7 8 9 
8 8 8 9 10 
9 9 9 10 11 
10 10 10 11 12 
11 11 11 12 13 
12 12 12 13 14 
13 13 13 14 15 
14 14 14 15 16 
15 15 15 16 17 
16 16 16 17 18 
17 17 17 18 19 
18 18 18 19 20 
19 19 19 20 21 
20 20 20 21 22 
21 21 21 22 23 
22 22 22 23 24 
23 23 23 24 25 
24 24 24 25 26 
25 25 25 26 27 
26 26 26 27 28 
27 27 27 28 29 
28 28 28 29 30 
29 29 29 30 31 
30 30 30 31 32 
31 31 31 32 33 
32 32 32 33 34 
33 33 33 34 35 
34 34 34 35 36 
35 35 35 36 37 
36 36 36 37 38 
37 37 37 38 39 
38 38 38 39 40 
39 39 39 40 41 
40 40 40 41 42 
41 41 41 42 43 
42 42 42 43 44 
43 43 43 44 45 
44 44 44 45 46 
45 45 45 46 47 
46 46 46 47 48 
47 47 47 48 49 
48 48 48 49 50 
49 49 49 50 51 
50 50 50 51 52 
51 51 51 52 53 
52 52 52 53 54 
53 53 53 54 55 
54 54 54 55 56 
55 55 55 56 57 
56 56 56 57 58 
57 57 57 58 59 
58 58 58 59 60 
59 59 59 60 61 
60 60 60 61 62 
61 61 61 62 63 
62 62 62 63 64 
63 63 63 64 65 
64 64 64 65 66 
65 65 65 66 67 
66 66 66 67 68 
67 67 67 68 69 
68 68 68 69 70 
69 69 69 70 71 
70 70 70 71 72 
71 71 71 72 73 
72 72 72 73 74 
73 73 73 74 75 
74 74 74 75 76 
75 75 75 76 77 
76 76 76 77 78 
77 77 77 78 79 
78 78 78 79 80 
79 79 79 80 81 
80 80 80 81 82 
81 81 81 82 83 
82 82 82 83 84 
