# Minimized Production Model for dispRatio of 0.80

84 atoms
83 bonds
82 angles
0 dihedrals
0 impropers


Coords

1 -0.0130603 50.7016 -11.8584
2 6.31801 46.2398 -0.796764
3 12.6419 41.7369 10.2523
4 18.9523 37.154 21.2762
5 25.2427 32.4516 32.2612
6 31.506 27.5921 43.1932
7 37.7359 22.5385 54.056
8 43.9249 17.2541 64.8319
9 50.0638 11.7045 75.5022
10 56.1443 5.8558 86.0456
11 62.1554 -0.321148 96.4402
12 68.0854 -6.85337 106.663
13 73.9212 -13.7656 116.687
14 79.6482 -21.077 126.489
15 85.2507 -28.8034 136.04
16 90.712 -36.9571 145.315
17 96.0153 -45.5437 154.285
18 101.143 -54.5656 162.923
19 106.08 -64.0217 171.201
20 110.808 -73.9061 179.091
21 115.313 -84.2082 186.567
22 119.58 -94.914 193.601
23 123.594 -106.007 200.169
24 127.342 -117.465 206.248
25 130.812 -129.267 211.815
26 133.99 -141.384 216.852
27 136.869 -153.788 221.342
28 139.44 -166.446 225.275
29 141.698 -179.326 228.64
30 143.639 -192.393 231.435
31 145.26 -205.612 233.66
32 146.561 -218.949 235.317
33 147.544 -232.372 236.417
34 148.213 -245.848 236.971
35 148.575 -259.347 236.997
36 148.637 -272.842 236.515
37 148.41 -286.31 235.546
38 147.907 -299.729 234.113
39 147.138 -313.081 232.241
40 146.117 -326.351 229.951
41 144.854 -339.527 227.269
42 143.363 -352.597 224.216
43 141.656 -365.556 220.816
44 139.745 -378.396 217.092
45 137.642 -391.115 213.065
46 135.359 -403.711 208.759
47 132.909 -416.184 204.195
48 130.305 -428.536 199.394
49 127.559 -440.772 194.378
50 124.683 -452.895 189.167
51 121.688 -464.913 183.781
52 118.584 -476.833 178.241
53 115.381 -488.664 172.568
54 112.088 -500.415 166.781
55 108.714 -512.094 160.895
56 105.265 -523.709 154.927
57 101.749 -535.27 148.891
58 98.1746 -546.785 142.802
59 94.5475 -558.262 136.673
60 90.8752 -569.709 130.515
61 87.1649 -581.135 124.341
62 83.4231 -592.548 118.159
63 79.6563 -603.952 111.978
64 75.8705 -615.355 105.806
65 72.0703 -626.761 99.6477
66 68.2603 -638.175 93.509
67 64.4458 -649.599 87.3936
68 60.6296 -661.037 81.305
69 56.8136 -672.492 75.2473
70 53.0006 -683.965 69.2224
71 49.1907 -695.457 63.2323
72 45.3846 -706.969 57.2777
73 41.5827 -718.501 51.3594
74 37.7837 -730.052 45.4762
75 33.9874 -741.622 39.6274
76 30.1933 -753.208 33.8113
77 26.4022 -764.811 28.0261
78 22.6144 -776.429 22.2691
79 18.8309 -788.061 16.5379
80 15.0531 -799.706 10.8293
81 11.2803 -811.361 5.13934
82 7.51232 -823.025 -0.536544
83 3.74837 -834.696 -6.20142
84 -0.0130603 -846.371 -11.8584

Types

1 1
2 2
3 3
4 4
5 5
6 6
7 7
8 8
9 9
10 10
11 11
12 12
13 13
14 14
15 15
16 16
17 17
18 18
19 19
20 20
21 21
22 22
23 23
24 24
25 25
26 26
27 27
28 28
29 29
30 30
31 31
32 32
33 33
34 34
35 35
36 36
37 37
38 38
39 39
40 40
41 41
42 42
43 43
44 44
45 45
46 46
47 47
48 48
49 49
50 50
51 51
52 52
53 53
54 54
55 55
56 56
57 57
58 58
59 59
60 60
61 61
62 62
63 63
64 64
65 65
66 66
67 67
68 68
69 69
70 70
71 71
72 72
73 73
74 74
75 75
76 76
77 77
78 78
79 79
80 80
81 81
82 82
83 83
84 84

Molecules

1 1
2 1
3 1
4 1
5 1
6 1
7 1
8 1
9 1
10 1
11 1
12 1
13 1
14 1
15 1
16 1
17 1
18 1
19 1
20 1
21 1
22 1
23 1
24 1
25 1
26 1
27 1
28 1
29 1
30 1
31 1
32 1
33 1
34 1
35 1
36 1
37 1
38 1
39 1
40 1
41 1
42 1
43 1
44 1
45 1
46 1
47 1
48 1
49 1
50 1
51 1
52 1
53 1
54 1
55 1
56 1
57 1
58 1
59 1
60 1
61 1
62 1
63 1
64 1
65 1
66 1
67 1
68 1
69 1
70 1
71 1
72 1
73 1
74 1
75 1
76 1
77 1
78 1
79 1
80 1
81 1
82 1
83 1
84 1

Bonds

1 1 1 2 
2 2 2 3 
3 3 3 4 
4 4 4 5 
5 5 5 6 
6 6 6 7 
7 7 7 8 
8 8 8 9 
9 9 9 10 
10 10 10 11 
11 11 11 12 
12 12 12 13 
13 13 13 14 
14 14 14 15 
15 15 15 16 
16 16 16 17 
17 17 17 18 
18 18 18 19 
19 19 19 20 
20 20 20 21 
21 21 21 22 
22 22 22 23 
23 23 23 24 
24 24 24 25 
25 25 25 26 
26 26 26 27 
27 27 27 28 
28 28 28 29 
29 29 29 30 
30 30 30 31 
31 31 31 32 
32 32 32 33 
33 33 33 34 
34 34 34 35 
35 35 35 36 
36 36 36 37 
37 37 37 38 
38 38 38 39 
39 39 39 40 
40 40 40 41 
41 41 41 42 
42 42 42 43 
43 43 43 44 
44 44 44 45 
45 45 45 46 
46 46 46 47 
47 47 47 48 
48 48 48 49 
49 49 49 50 
50 50 50 51 
51 51 51 52 
52 52 52 53 
53 53 53 54 
54 54 54 55 
55 55 55 56 
56 56 56 57 
57 57 57 58 
58 58 58 59 
59 59 59 60 
60 60 60 61 
61 61 61 62 
62 62 62 63 
63 63 63 64 
64 64 64 65 
65 65 65 66 
66 66 66 67 
67 67 67 68 
68 68 68 69 
69 69 69 70 
70 70 70 71 
71 71 71 72 
72 72 72 73 
73 73 73 74 
74 74 74 75 
75 75 75 76 
76 76 76 77 
77 77 77 78 
78 78 78 79 
79 79 79 80 
80 80 80 81 
81 81 81 82 
82 82 82 83 
83 83 83 84 

Angles

1 1 1 2 3 
2 2 2 3 4 
3 3 3 4 5 
4 4 4 5 6 
5 5 5 6 7 
6 6 6 7 8 
7 7 7 8 9 
8 8 8 9 10 
9 9 9 10 11 
10 10 10 11 12 
11 11 11 12 13 
12 12 12 13 14 
13 13 13 14 15 
14 14 14 15 16 
15 15 15 16 17 
16 16 16 17 18 
17 17 17 18 19 
18 18 18 19 20 
19 19 19 20 21 
20 20 20 21 22 
21 21 21 22 23 
22 22 22 23 24 
23 23 23 24 25 
24 24 24 25 26 
25 25 25 26 27 
26 26 26 27 28 
27 27 27 28 29 
28 28 28 29 30 
29 29 29 30 31 
30 30 30 31 32 
31 31 31 32 33 
32 32 32 33 34 
33 33 33 34 35 
34 34 34 35 36 
35 35 35 36 37 
36 36 36 37 38 
37 37 37 38 39 
38 38 38 39 40 
39 39 39 40 41 
40 40 40 41 42 
41 41 41 42 43 
42 42 42 43 44 
43 43 43 44 45 
44 44 44 45 46 
45 45 45 46 47 
46 46 46 47 48 
47 47 47 48 49 
48 48 48 49 50 
49 49 49 50 51 
50 50 50 51 52 
51 51 51 52 53 
52 52 52 53 54 
53 53 53 54 55 
54 54 54 55 56 
55 55 55 56 57 
56 56 56 57 58 
57 57 57 58 59 
58 58 58 59 60 
59 59 59 60 61 
60 60 60 61 62 
61 61 61 62 63 
62 62 62 63 64 
63 63 63 64 65 
64 64 64 65 66 
65 65 65 66 67 
66 66 66 67 68 
67 67 67 68 69 
68 68 68 69 70 
69 69 69 70 71 
70 70 70 71 72 
71 71 71 72 73 
72 72 72 73 74 
73 73 73 74 75 
74 74 74 75 76 
75 75 75 76 77 
76 76 76 77 78 
77 77 77 78 79 
78 78 78 79 80 
79 79 79 80 81 
80 80 80 81 82 
81 81 81 82 83 
82 82 82 83 84 
