# Minimized Production Model for dispRatio of 0.45

168 atoms
167 bonds
166 angles
0 dihedrals
0 impropers


Coords

1 128.96 55.4913 9.69175
2 124.987 50.0725 9.52932
3 121.003 44.6611 9.36635
4 117 39.2643 9.20253
5 112.968 33.8892 9.03708
6 108.896 28.5441 8.86919
7 104.776 23.2364 8.69888
8 100.599 17.9739 8.52572
9 96.3552 12.7652 8.34888
10 92.0368 7.61839 8.16823
11 87.6355 2.54283 7.9835
12 83.144 -2.45279 7.7941
13 78.5559 -7.35944 7.59935
14 73.8646 -12.1671 7.39873
15 69.0654 -16.8663 7.19213
16 64.1532 -21.4468 6.97918
17 59.1242 -25.8981 6.75994
18 53.975 -30.2092 6.53423
19 48.703 -34.3686 6.302
20 43.3073 -38.3652 6.06343
21 37.7876 -42.1882 5.81743
22 32.1443 -45.8258 5.56369
23 26.3792 -49.2659 5.30254
24 20.4953 -52.4978 5.0345
25 14.4964 -55.51 4.75984
26 8.38732 -58.291 4.47805
27 2.17393 -60.8297 4.18947
28 -4.13672 -63.1146 3.89442
29 -10.5363 -65.1358 3.59253
30 -17.0158 -66.8827 3.28397
31 -23.5651 -68.3448 2.96963
32 -30.173 -69.5126 2.64955
33 -36.8271 -70.3771 2.32436
34 -43.5142 -70.9292 1.99484
35 -50.2198 -71.1613 1.66069
36 -56.9285 -71.0662 1.32263
37 -63.6238 -70.6361 0.9812
38 -70.2882 -69.8656 0.636425
39 -76.9034 -68.7494 0.289075
40 -83.4497 -67.283 -0.0602553
41 -89.9062 -65.4625 -0.411036
42 -96.2512 -63.2854 -0.762897
43 -102.462 -60.7503 -1.11479
44 -108.513 -57.8566 -1.46575
45 -114.38 -54.6062 -1.81531
46 -120.036 -51.0017 -2.1624
47 -125.454 -47.0482 -2.50615
48 -130.605 -42.7532 -2.8455
49 -135.458 -38.1254 -3.17948
50 -139.985 -33.1776 -3.50763
51 -144.154 -27.9251 -3.82838
52 -147.933 -22.3864 -4.1401
53 -151.293 -16.5842 -4.44156
54 -154.203 -10.544 -4.73105
55 -156.633 -4.29573 -5.00749
56 -158.555 2.12631 -5.26951
57 -159.945 8.68388 -5.51561
58 -160.78 15.3346 -5.74436
59 -161.042 22.0318 -5.95419
60 -160.718 28.7259 -6.14372
61 -159.799 35.3641 -6.31083
62 -158.283 41.8915 -6.45462
63 -156.174 48.2519 -6.57416
64 -153.484 54.3885 -6.66813
65 -150.231 60.2462 -6.7369
66 -146.441 65.7711 -6.77987
67 -142.145 70.9126 -6.79693
68 -137.382 75.6245 -6.78859
69 -132.195 79.8656 -6.7553
70 -126.633 83.6011 -6.69766
71 -120.747 86.8028 -6.61642
72 -114.592 89.4504 -6.51306
73 -108.222 91.5308 -6.38911
74 -101.691 93.0379 -6.24634
75 -95.0537 93.9733 -6.08658
76 -88.3601 94.3447 -5.91135
77 -81.6574 94.166 -5.72307
78 -74.9888 93.4561 -5.52349
79 -68.3929 92.237 -5.31408
80 -61.9036 90.5349 -5.09682
81 -55.5497 88.3779 -4.8732
82 -49.3553 85.7947 -4.64478
83 -43.3392 82.8165 -4.41285
84 -37.5161 79.4735 -4.17879
85 -31.8964 75.7963 -3.9435
86 -26.4871 71.8139 -3.70781
87 -21.2912 67.5546 -3.47282
88 -16.3095 63.045 -3.23931
89 -11.5398 58.31 -3.00786
90 -6.97725 53.3735 -2.77875
91 -2.61712 48.2559 -2.55239
92 1.54879 42.9777 -2.32862
93 5.52802 37.5562 -2.1077
94 9.32898 32.0072 -1.88994
95 12.9604 26.3449 -1.67566
96 16.4313 20.5821 -1.46446
97 19.7509 14.73 -1.25649
98 22.9282 8.79873 -1.05186
99 25.9729 2.79768 -0.850363
100 28.8933 -3.26553 -0.651717
101 31.6986 -9.38327 -0.455641
102 34.3972 -15.5495 -0.262419
103 36.9959 -21.759 -0.072559
104 39.5028 -28.0066 0.114415
105 41.9248 -34.288 0.299058
106 44.2681 -40.5996 0.480989
107 46.5394 -46.9379 0.660976
108 48.743 -53.3005 0.839079
109 50.8852 -59.6843 1.01507
110 52.9698 -66.0875 1.18959
111 55.0007 -72.5083 1.36258
112 56.9814 -78.9452 1.53358
113 58.9147 -85.3967 1.70337
114 60.8038 -91.8615 1.87198
115 62.6519 -98.3385 2.03875
116 64.4603 -104.827 2.20388
117 66.2313 -111.326 2.36771
118 67.9667 -117.835 2.52994
119 69.6673 -124.353 2.69083
120 71.3363 -130.88 2.85054
121 72.9736 -137.415 3.00885
122 74.5811 -143.958 3.16574
123 76.1598 -150.508 3.32164
124 77.7123 -157.064 3.47698
125 79.2397 -163.627 3.63115
126 80.7419 -170.195 3.78463
127 82.2217 -176.769 3.93798
128 83.6782 -183.349 4.09041
129 85.1122 -189.933 4.24181
130 86.5241 -196.523 4.39256
131 87.9138 -203.117 4.54266
132 89.2819 -209.716 4.69144
133 90.6285 -216.32 4.83932
134 91.953 -222.928 4.98618
135 93.2559 -229.541 5.13185
136 94.5399 -236.158 5.27747
137 95.8031 -242.778 5.4225
138 97.0481 -249.403 5.56641
139 98.2751 -256.031 5.70992
140 99.4849 -262.662 5.85297
141 100.679 -269.296 5.99487
142 101.858 -275.933 6.13588
143 103.022 -282.573 6.27678
144 104.172 -289.215 6.41752
145 105.309 -295.86 6.558
146 106.433 -302.507 6.6981
147 107.544 -309.157 6.83755
148 108.643 -315.808 6.97704
149 109.731 -322.461 7.11549
150 110.809 -329.116 7.25372
151 111.875 -335.773 7.39156
152 112.932 -342.432 7.52889
153 113.979 -349.092 7.6657
154 115.018 -355.754 7.80183
155 116.049 -362.417 7.93801
156 117.073 -369.081 8.07388
157 118.088 -375.747 8.20929
158 119.098 -382.413 8.34443
159 120.101 -389.08 8.48016
160 121.1 -395.748 8.61569
161 122.092 -402.417 8.75025
162 123.082 -409.087 8.88519
163 124.068 -415.757 9.02022
164 125.05 -422.427 9.15532
165 126.03 -429.098 9.28966
166 127.008 -435.769 9.42401
167 127.985 -442.441 9.55856
168 128.96 -449.112 9.69175

Types

1 1
2 2
3 3
4 4
5 5
6 6
7 7
8 8
9 9
10 10
11 11
12 12
13 13
14 14
15 15
16 16
17 17
18 18
19 19
20 20
21 21
22 22
23 23
24 24
25 25
26 26
27 27
28 28
29 29
30 30
31 31
32 32
33 33
34 34
35 35
36 36
37 37
38 38
39 39
40 40
41 41
42 42
43 43
44 44
45 45
46 46
47 47
48 48
49 49
50 50
51 51
52 52
53 53
54 54
55 55
56 56
57 57
58 58
59 59
60 60
61 61
62 62
63 63
64 64
65 65
66 66
67 67
68 68
69 69
70 70
71 71
72 72
73 73
74 74
75 75
76 76
77 77
78 78
79 79
80 80
81 81
82 82
83 83
84 84
85 85
86 86
87 87
88 88
89 89
90 90
91 91
92 92
93 93
94 94
95 95
96 96
97 97
98 98
99 99
100 100
101 101
102 102
103 103
104 104
105 105
106 106
107 107
108 108
109 109
110 110
111 111
112 112
113 113
114 114
115 115
116 116
117 117
118 118
119 119
120 120
121 121
122 122
123 123
124 124
125 125
126 126
127 127
128 128
129 129
130 130
131 131
132 132
133 133
134 134
135 135
136 136
137 137
138 138
139 139
140 140
141 141
142 142
143 143
144 144
145 145
146 146
147 147
148 148
149 149
150 150
151 151
152 152
153 153
154 154
155 155
156 156
157 157
158 158
159 159
160 160
161 161
162 162
163 163
164 164
165 165
166 166
167 167
168 168

Molecules

1 1
2 1
3 1
4 1
5 1
6 1
7 1
8 1
9 1
10 1
11 1
12 1
13 1
14 1
15 1
16 1
17 1
18 1
19 1
20 1
21 1
22 1
23 1
24 1
25 1
26 1
27 1
28 1
29 1
30 1
31 1
32 1
33 1
34 1
35 1
36 1
37 1
38 1
39 1
40 1
41 1
42 1
43 1
44 1
45 1
46 1
47 1
48 1
49 1
50 1
51 1
52 1
53 1
54 1
55 1
56 1
57 1
58 1
59 1
60 1
61 1
62 1
63 1
64 1
65 1
66 1
67 1
68 1
69 1
70 1
71 1
72 1
73 1
74 1
75 1
76 1
77 1
78 1
79 1
80 1
81 1
82 1
83 1
84 1
85 1
86 1
87 1
88 1
89 1
90 1
91 1
92 1
93 1
94 1
95 1
96 1
97 1
98 1
99 1
100 1
101 1
102 1
103 1
104 1
105 1
106 1
107 1
108 1
109 1
110 1
111 1
112 1
113 1
114 1
115 1
116 1
117 1
118 1
119 1
120 1
121 1
122 1
123 1
124 1
125 1
126 1
127 1
128 1
129 1
130 1
131 1
132 1
133 1
134 1
135 1
136 1
137 1
138 1
139 1
140 1
141 1
142 1
143 1
144 1
145 1
146 1
147 1
148 1
149 1
150 1
151 1
152 1
153 1
154 1
155 1
156 1
157 1
158 1
159 1
160 1
161 1
162 1
163 1
164 1
165 1
166 1
167 1
168 1

Bonds

1 1 1 2 
2 2 2 3 
3 3 3 4 
4 4 4 5 
5 5 5 6 
6 6 6 7 
7 7 7 8 
8 8 8 9 
9 9 9 10 
10 10 10 11 
11 11 11 12 
12 12 12 13 
13 13 13 14 
14 14 14 15 
15 15 15 16 
16 16 16 17 
17 17 17 18 
18 18 18 19 
19 19 19 20 
20 20 20 21 
21 21 21 22 
22 22 22 23 
23 23 23 24 
24 24 24 25 
25 25 25 26 
26 26 26 27 
27 27 27 28 
28 28 28 29 
29 29 29 30 
30 30 30 31 
31 31 31 32 
32 32 32 33 
33 33 33 34 
34 34 34 35 
35 35 35 36 
36 36 36 37 
37 37 37 38 
38 38 38 39 
39 39 39 40 
40 40 40 41 
41 41 41 42 
42 42 42 43 
43 43 43 44 
44 44 44 45 
45 45 45 46 
46 46 46 47 
47 47 47 48 
48 48 48 49 
49 49 49 50 
50 50 50 51 
51 51 51 52 
52 52 52 53 
53 53 53 54 
54 54 54 55 
55 55 55 56 
56 56 56 57 
57 57 57 58 
58 58 58 59 
59 59 59 60 
60 60 60 61 
61 61 61 62 
62 62 62 63 
63 63 63 64 
64 64 64 65 
65 65 65 66 
66 66 66 67 
67 67 67 68 
68 68 68 69 
69 69 69 70 
70 70 70 71 
71 71 71 72 
72 72 72 73 
73 73 73 74 
74 74 74 75 
75 75 75 76 
76 76 76 77 
77 77 77 78 
78 78 78 79 
79 79 79 80 
80 80 80 81 
81 81 81 82 
82 82 82 83 
83 83 83 84 
84 84 84 85 
85 85 85 86 
86 86 86 87 
87 87 87 88 
88 88 88 89 
89 89 89 90 
90 90 90 91 
91 91 91 92 
92 92 92 93 
93 93 93 94 
94 94 94 95 
95 95 95 96 
96 96 96 97 
97 97 97 98 
98 98 98 99 
99 99 99 100 
100 100 100 101 
101 101 101 102 
102 102 102 103 
103 103 103 104 
104 104 104 105 
105 105 105 106 
106 106 106 107 
107 107 107 108 
108 108 108 109 
109 109 109 110 
110 110 110 111 
111 111 111 112 
112 112 112 113 
113 113 113 114 
114 114 114 115 
115 115 115 116 
116 116 116 117 
117 117 117 118 
118 118 118 119 
119 119 119 120 
120 120 120 121 
121 121 121 122 
122 122 122 123 
123 123 123 124 
124 124 124 125 
125 125 125 126 
126 126 126 127 
127 127 127 128 
128 128 128 129 
129 129 129 130 
130 130 130 131 
131 131 131 132 
132 132 132 133 
133 133 133 134 
134 134 134 135 
135 135 135 136 
136 136 136 137 
137 137 137 138 
138 138 138 139 
139 139 139 140 
140 140 140 141 
141 141 141 142 
142 142 142 143 
143 143 143 144 
144 144 144 145 
145 145 145 146 
146 146 146 147 
147 147 147 148 
148 148 148 149 
149 149 149 150 
150 150 150 151 
151 151 151 152 
152 152 152 153 
153 153 153 154 
154 154 154 155 
155 155 155 156 
156 156 156 157 
157 157 157 158 
158 158 158 159 
159 159 159 160 
160 160 160 161 
161 161 161 162 
162 162 162 163 
163 163 163 164 
164 164 164 165 
165 165 165 166 
166 166 166 167 
167 167 167 168 

Angles

1 1 1 2 3 
2 2 2 3 4 
3 3 3 4 5 
4 4 4 5 6 
5 5 5 6 7 
6 6 6 7 8 
7 7 7 8 9 
8 8 8 9 10 
9 9 9 10 11 
10 10 10 11 12 
11 11 11 12 13 
12 12 12 13 14 
13 13 13 14 15 
14 14 14 15 16 
15 15 15 16 17 
16 16 16 17 18 
17 17 17 18 19 
18 18 18 19 20 
19 19 19 20 21 
20 20 20 21 22 
21 21 21 22 23 
22 22 22 23 24 
23 23 23 24 25 
24 24 24 25 26 
25 25 25 26 27 
26 26 26 27 28 
27 27 27 28 29 
28 28 28 29 30 
29 29 29 30 31 
30 30 30 31 32 
31 31 31 32 33 
32 32 32 33 34 
33 33 33 34 35 
34 34 34 35 36 
35 35 35 36 37 
36 36 36 37 38 
37 37 37 38 39 
38 38 38 39 40 
39 39 39 40 41 
40 40 40 41 42 
41 41 41 42 43 
42 42 42 43 44 
43 43 43 44 45 
44 44 44 45 46 
45 45 45 46 47 
46 46 46 47 48 
47 47 47 48 49 
48 48 48 49 50 
49 49 49 50 51 
50 50 50 51 52 
51 51 51 52 53 
52 52 52 53 54 
53 53 53 54 55 
54 54 54 55 56 
55 55 55 56 57 
56 56 56 57 58 
57 57 57 58 59 
58 58 58 59 60 
59 59 59 60 61 
60 60 60 61 62 
61 61 61 62 63 
62 62 62 63 64 
63 63 63 64 65 
64 64 64 65 66 
65 65 65 66 67 
66 66 66 67 68 
67 67 67 68 69 
68 68 68 69 70 
69 69 69 70 71 
70 70 70 71 72 
71 71 71 72 73 
72 72 72 73 74 
73 73 73 74 75 
74 74 74 75 76 
75 75 75 76 77 
76 76 76 77 78 
77 77 77 78 79 
78 78 78 79 80 
79 79 79 80 81 
80 80 80 81 82 
81 81 81 82 83 
82 82 82 83 84 
83 83 83 84 85 
84 84 84 85 86 
85 85 85 86 87 
86 86 86 87 88 
87 87 87 88 89 
88 88 88 89 90 
89 89 89 90 91 
90 90 90 91 92 
91 91 91 92 93 
92 92 92 93 94 
93 93 93 94 95 
94 94 94 95 96 
95 95 95 96 97 
96 96 96 97 98 
97 97 97 98 99 
98 98 98 99 100 
99 99 99 100 101 
100 100 100 101 102 
101 101 101 102 103 
102 102 102 103 104 
103 103 103 104 105 
104 104 104 105 106 
105 105 105 106 107 
106 106 106 107 108 
107 107 107 108 109 
108 108 108 109 110 
109 109 109 110 111 
110 110 110 111 112 
111 111 111 112 113 
112 112 112 113 114 
113 113 113 114 115 
114 114 114 115 116 
115 115 115 116 117 
116 116 116 117 118 
117 117 117 118 119 
118 118 118 119 120 
119 119 119 120 121 
120 120 120 121 122 
121 121 121 122 123 
122 122 122 123 124 
123 123 123 124 125 
124 124 124 125 126 
125 125 125 126 127 
126 126 126 127 128 
127 127 127 128 129 
128 128 128 129 130 
129 129 129 130 131 
130 130 130 131 132 
131 131 131 132 133 
132 132 132 133 134 
133 133 133 134 135 
134 134 134 135 136 
135 135 135 136 137 
136 136 136 137 138 
137 137 137 138 139 
138 138 138 139 140 
139 139 139 140 141 
140 140 140 141 142 
141 141 141 142 143 
142 142 142 143 144 
143 143 143 144 145 
144 144 144 145 146 
145 145 145 146 147 
146 146 146 147 148 
147 147 147 148 149 
148 148 148 149 150 
149 149 149 150 151 
150 150 150 151 152 
151 151 151 152 153 
152 152 152 153 154 
153 153 153 154 155 
154 154 154 155 156 
155 155 155 156 157 
156 156 156 157 158 
157 157 157 158 159 
158 158 158 159 160 
159 159 159 160 161 
160 160 160 161 162 
161 161 161 162 163 
162 162 162 163 164 
163 163 163 164 165 
164 164 164 165 166 
165 165 165 166 167 
166 166 166 167 168 
