# Minimized Production Model for dispRatio of 0.35

168 atoms
167 bonds
166 angles
0 dihedrals
0 impropers


Coords

1 128.96 -0.575782 9.69175
2 124.341 -5.44706 9.50527
3 119.711 -10.3076 9.31846
4 115.058 -15.1466 9.13104
5 110.372 -19.9532 8.94245
6 105.643 -24.7165 8.75203
7 100.859 -29.4251 8.5589
8 96.0114 -34.0675 8.36236
9 91.0911 -38.6322 8.16156
10 86.0894 -43.1072 7.95591
11 80.9992 -47.4804 7.74493
12 75.8137 -51.7398 7.52817
13 70.5277 -55.873 7.30518
14 65.1365 -59.8677 7.07574
15 59.6371 -63.7111 6.83982
16 54.0273 -67.3909 6.59728
17 48.3061 -70.8942 6.34838
18 42.4738 -74.2084 6.09322
19 36.5322 -77.3211 5.83191
20 30.4839 -80.2203 5.56444
21 24.3331 -82.8945 5.29064
22 18.0852 -85.3323 5.01031
23 11.7468 -87.5231 4.72321
24 5.32552 -89.4566 4.42936
25 -1.16988 -91.1232 4.12874
26 -7.72964 -92.514 3.82167
27 -14.3429 -93.6211 3.50875
28 -20.9982 -94.4377 3.19062
29 -27.6832 -94.9583 2.86806
30 -34.3849 -95.1783 2.54187
31 -41.0897 -95.0936 2.21295
32 -47.7835 -94.7013 1.88177
33 -54.4519 -93.9982 1.54886
34 -61.08 -92.9829 1.21458
35 -67.6524 -91.654 0.878992
36 -74.1538 -90.0119 0.542292
37 -80.5684 -88.0578 0.204604
38 -86.8804 -85.7938 -0.133763
39 -93.0739 -83.2229 -0.472382
40 -99.1328 -80.3488 -0.810518
41 -105.041 -77.1757 -1.14737
42 -110.782 -73.7093 -1.48187
43 -116.34 -69.9554 -1.81312
44 -121.698 -65.9213 -2.14026
45 -126.84 -61.6147 -2.46257
46 -131.75 -57.0441 -2.77948
47 -136.409 -52.219 -3.0905
48 -140.802 -47.1499 -3.39503
49 -144.912 -41.8482 -3.69249
50 -148.721 -36.3265 -3.98245
51 -152.213 -30.5987 -4.2645
52 -155.37 -24.6802 -4.53827
53 -158.177 -18.5875 -4.80321
54 -160.618 -12.339 -5.05879
55 -162.677 -5.95473 -5.30419
56 -164.341 0.54381 -5.53848
57 -165.594 7.1336 -5.76047
58 -166.426 13.7897 -5.96893
59 -166.825 20.4856 -6.16295
60 -166.78 27.1931 -6.34132
61 -166.286 33.8823 -6.50323
62 -165.336 40.5219 -6.64784
63 -163.927 47.0794 -6.77457
64 -162.061 53.5211 -6.88297
65 -159.739 59.8129 -6.97252
66 -156.969 65.9198 -7.04297
67 -153.758 71.807 -7.09416
68 -150.121 77.4401 -7.12592
69 -146.073 82.7853 -7.13847
70 -141.634 87.8104 -7.13195
71 -136.828 92.4847 -7.10648
72 -131.68 96.7803 -7.06225
73 -126.221 100.672 -6.99943
74 -120.482 104.138 -6.91803
75 -114.498 107.16 -6.81821
76 -108.303 109.723 -6.7001
77 -101.934 111.817 -6.56433
78 -95.4279 113.434 -6.41206
79 -88.8207 114.572 -6.24473
80 -82.1484 115.23 -6.06405
81 -75.446 115.413 -5.87166
82 -68.7467 115.127 -5.66905
83 -62.0823 114.384 -5.45795
84 -55.4819 113.197 -5.23941
85 -48.9721 111.584 -5.01468
86 -42.5764 109.561 -4.78474
87 -36.3159 107.151 -4.55054
88 -30.2082 104.374 -4.31296
89 -24.2683 101.252 -4.07299
90 -18.5085 97.8073 -3.83104
91 -12.9383 94.0625 -3.58782
92 -7.56504 90.0392 -3.34392
93 -2.39333 85.7587 -3.09987
94 2.57393 81.2414 -2.85635
95 7.3361 76.5074 -2.6139
96 11.8941 71.5757 -2.37339
97 16.2504 66.4639 -2.13551
98 20.4089 61.1891 -1.90088
99 24.3746 55.767 -1.66953
100 28.1535 50.2124 -1.44157
101 31.7527 44.5391 -1.21701
102 35.1798 38.7594 -0.995724
103 38.4425 32.8849 -0.777735
104 41.5491 26.9259 -0.562852
105 44.5075 20.8915 -0.351088
106 47.3258 14.79 -0.142534
107 50.0119 8.62885 0.0628347
108 52.5736 2.41465 0.265005
109 55.0187 -3.84674 0.463969
110 57.3551 -10.1498 0.659871
111 59.5903 -16.4896 0.852692
112 61.7321 -22.8619 1.0425
113 63.7879 -29.2627 1.22957
114 65.7647 -35.6886 1.41432
115 67.6693 -42.1366 1.59703
116 69.5075 -48.6041 1.77792
117 71.2851 -55.0888 1.95718
118 73.0067 -61.5888 2.13507
119 74.677 -68.1023 2.31168
120 76.2997 -74.628 2.48654
121 77.8788 -81.1646 2.6595
122 79.4174 -87.7111 2.8303
123 80.9191 -94.2663 2.99876
124 82.3868 -100.829 3.16505
125 83.8235 -107.4 3.32913
126 85.2315 -113.977 3.49167
127 86.6132 -120.559 3.65297
128 87.97 -127.147 3.81359
129 89.3039 -133.74 3.9734
130 90.616 -140.337 4.13287
131 91.9079 -146.939 4.29172
132 93.1801 -153.544 4.4502
133 94.4334 -160.153 4.60807
134 95.6681 -166.766 4.76509
135 96.8843 -173.382 4.92112
136 98.0825 -180.002 5.07595
137 99.2624 -186.625 5.22988
138 100.425 -193.251 5.38269
139 101.57 -199.88 5.53474
140 102.699 -206.512 5.68575
141 103.81 -213.147 5.83611
142 104.906 -219.785 5.98554
143 105.985 -226.425 6.13425
144 107.049 -233.068 6.28183
145 108.097 -239.714 6.42865
146 109.129 -246.361 6.57465
147 110.148 -253.012 6.7202
148 111.152 -259.664 6.86536
149 112.142 -266.318 7.0104
150 113.118 -272.975 7.15525
151 114.08 -279.633 7.29991
152 115.029 -286.294 7.44413
153 115.964 -292.956 7.58759
154 116.887 -299.621 7.72998
155 117.797 -306.287 7.87092
156 118.698 -312.954 8.01095
157 119.588 -319.624 8.14961
158 120.468 -326.294 8.28757
159 121.341 -332.966 8.42485
160 122.206 -339.639 8.5621
161 123.066 -346.312 8.69949
162 123.919 -352.987 8.83777
163 124.769 -359.662 8.97665
164 125.613 -366.338 9.11737
165 126.454 -373.014 9.2592
166 127.292 -379.691 9.40234
167 128.127 -386.368 9.54663
168 128.96 -393.045 9.69175

Types

1 1
2 2
3 3
4 4
5 5
6 6
7 7
8 8
9 9
10 10
11 11
12 12
13 13
14 14
15 15
16 16
17 17
18 18
19 19
20 20
21 21
22 22
23 23
24 24
25 25
26 26
27 27
28 28
29 29
30 30
31 31
32 32
33 33
34 34
35 35
36 36
37 37
38 38
39 39
40 40
41 41
42 42
43 43
44 44
45 45
46 46
47 47
48 48
49 49
50 50
51 51
52 52
53 53
54 54
55 55
56 56
57 57
58 58
59 59
60 60
61 61
62 62
63 63
64 64
65 65
66 66
67 67
68 68
69 69
70 70
71 71
72 72
73 73
74 74
75 75
76 76
77 77
78 78
79 79
80 80
81 81
82 82
83 83
84 84
85 85
86 86
87 87
88 88
89 89
90 90
91 91
92 92
93 93
94 94
95 95
96 96
97 97
98 98
99 99
100 100
101 101
102 102
103 103
104 104
105 105
106 106
107 107
108 108
109 109
110 110
111 111
112 112
113 113
114 114
115 115
116 116
117 117
118 118
119 119
120 120
121 121
122 122
123 123
124 124
125 125
126 126
127 127
128 128
129 129
130 130
131 131
132 132
133 133
134 134
135 135
136 136
137 137
138 138
139 139
140 140
141 141
142 142
143 143
144 144
145 145
146 146
147 147
148 148
149 149
150 150
151 151
152 152
153 153
154 154
155 155
156 156
157 157
158 158
159 159
160 160
161 161
162 162
163 163
164 164
165 165
166 166
167 167
168 168

Molecules

1 1
2 1
3 1
4 1
5 1
6 1
7 1
8 1
9 1
10 1
11 1
12 1
13 1
14 1
15 1
16 1
17 1
18 1
19 1
20 1
21 1
22 1
23 1
24 1
25 1
26 1
27 1
28 1
29 1
30 1
31 1
32 1
33 1
34 1
35 1
36 1
37 1
38 1
39 1
40 1
41 1
42 1
43 1
44 1
45 1
46 1
47 1
48 1
49 1
50 1
51 1
52 1
53 1
54 1
55 1
56 1
57 1
58 1
59 1
60 1
61 1
62 1
63 1
64 1
65 1
66 1
67 1
68 1
69 1
70 1
71 1
72 1
73 1
74 1
75 1
76 1
77 1
78 1
79 1
80 1
81 1
82 1
83 1
84 1
85 1
86 1
87 1
88 1
89 1
90 1
91 1
92 1
93 1
94 1
95 1
96 1
97 1
98 1
99 1
100 1
101 1
102 1
103 1
104 1
105 1
106 1
107 1
108 1
109 1
110 1
111 1
112 1
113 1
114 1
115 1
116 1
117 1
118 1
119 1
120 1
121 1
122 1
123 1
124 1
125 1
126 1
127 1
128 1
129 1
130 1
131 1
132 1
133 1
134 1
135 1
136 1
137 1
138 1
139 1
140 1
141 1
142 1
143 1
144 1
145 1
146 1
147 1
148 1
149 1
150 1
151 1
152 1
153 1
154 1
155 1
156 1
157 1
158 1
159 1
160 1
161 1
162 1
163 1
164 1
165 1
166 1
167 1
168 1

Bonds

1 1 1 2 
2 2 2 3 
3 3 3 4 
4 4 4 5 
5 5 5 6 
6 6 6 7 
7 7 7 8 
8 8 8 9 
9 9 9 10 
10 10 10 11 
11 11 11 12 
12 12 12 13 
13 13 13 14 
14 14 14 15 
15 15 15 16 
16 16 16 17 
17 17 17 18 
18 18 18 19 
19 19 19 20 
20 20 20 21 
21 21 21 22 
22 22 22 23 
23 23 23 24 
24 24 24 25 
25 25 25 26 
26 26 26 27 
27 27 27 28 
28 28 28 29 
29 29 29 30 
30 30 30 31 
31 31 31 32 
32 32 32 33 
33 33 33 34 
34 34 34 35 
35 35 35 36 
36 36 36 37 
37 37 37 38 
38 38 38 39 
39 39 39 40 
40 40 40 41 
41 41 41 42 
42 42 42 43 
43 43 43 44 
44 44 44 45 
45 45 45 46 
46 46 46 47 
47 47 47 48 
48 48 48 49 
49 49 49 50 
50 50 50 51 
51 51 51 52 
52 52 52 53 
53 53 53 54 
54 54 54 55 
55 55 55 56 
56 56 56 57 
57 57 57 58 
58 58 58 59 
59 59 59 60 
60 60 60 61 
61 61 61 62 
62 62 62 63 
63 63 63 64 
64 64 64 65 
65 65 65 66 
66 66 66 67 
67 67 67 68 
68 68 68 69 
69 69 69 70 
70 70 70 71 
71 71 71 72 
72 72 72 73 
73 73 73 74 
74 74 74 75 
75 75 75 76 
76 76 76 77 
77 77 77 78 
78 78 78 79 
79 79 79 80 
80 80 80 81 
81 81 81 82 
82 82 82 83 
83 83 83 84 
84 84 84 85 
85 85 85 86 
86 86 86 87 
87 87 87 88 
88 88 88 89 
89 89 89 90 
90 90 90 91 
91 91 91 92 
92 92 92 93 
93 93 93 94 
94 94 94 95 
95 95 95 96 
96 96 96 97 
97 97 97 98 
98 98 98 99 
99 99 99 100 
100 100 100 101 
101 101 101 102 
102 102 102 103 
103 103 103 104 
104 104 104 105 
105 105 105 106 
106 106 106 107 
107 107 107 108 
108 108 108 109 
109 109 109 110 
110 110 110 111 
111 111 111 112 
112 112 112 113 
113 113 113 114 
114 114 114 115 
115 115 115 116 
116 116 116 117 
117 117 117 118 
118 118 118 119 
119 119 119 120 
120 120 120 121 
121 121 121 122 
122 122 122 123 
123 123 123 124 
124 124 124 125 
125 125 125 126 
126 126 126 127 
127 127 127 128 
128 128 128 129 
129 129 129 130 
130 130 130 131 
131 131 131 132 
132 132 132 133 
133 133 133 134 
134 134 134 135 
135 135 135 136 
136 136 136 137 
137 137 137 138 
138 138 138 139 
139 139 139 140 
140 140 140 141 
141 141 141 142 
142 142 142 143 
143 143 143 144 
144 144 144 145 
145 145 145 146 
146 146 146 147 
147 147 147 148 
148 148 148 149 
149 149 149 150 
150 150 150 151 
151 151 151 152 
152 152 152 153 
153 153 153 154 
154 154 154 155 
155 155 155 156 
156 156 156 157 
157 157 157 158 
158 158 158 159 
159 159 159 160 
160 160 160 161 
161 161 161 162 
162 162 162 163 
163 163 163 164 
164 164 164 165 
165 165 165 166 
166 166 166 167 
167 167 167 168 

Angles

1 1 1 2 3 
2 2 2 3 4 
3 3 3 4 5 
4 4 4 5 6 
5 5 5 6 7 
6 6 6 7 8 
7 7 7 8 9 
8 8 8 9 10 
9 9 9 10 11 
10 10 10 11 12 
11 11 11 12 13 
12 12 12 13 14 
13 13 13 14 15 
14 14 14 15 16 
15 15 15 16 17 
16 16 16 17 18 
17 17 17 18 19 
18 18 18 19 20 
19 19 19 20 21 
20 20 20 21 22 
21 21 21 22 23 
22 22 22 23 24 
23 23 23 24 25 
24 24 24 25 26 
25 25 25 26 27 
26 26 26 27 28 
27 27 27 28 29 
28 28 28 29 30 
29 29 29 30 31 
30 30 30 31 32 
31 31 31 32 33 
32 32 32 33 34 
33 33 33 34 35 
34 34 34 35 36 
35 35 35 36 37 
36 36 36 37 38 
37 37 37 38 39 
38 38 38 39 40 
39 39 39 40 41 
40 40 40 41 42 
41 41 41 42 43 
42 42 42 43 44 
43 43 43 44 45 
44 44 44 45 46 
45 45 45 46 47 
46 46 46 47 48 
47 47 47 48 49 
48 48 48 49 50 
49 49 49 50 51 
50 50 50 51 52 
51 51 51 52 53 
52 52 52 53 54 
53 53 53 54 55 
54 54 54 55 56 
55 55 55 56 57 
56 56 56 57 58 
57 57 57 58 59 
58 58 58 59 60 
59 59 59 60 61 
60 60 60 61 62 
61 61 61 62 63 
62 62 62 63 64 
63 63 63 64 65 
64 64 64 65 66 
65 65 65 66 67 
66 66 66 67 68 
67 67 67 68 69 
68 68 68 69 70 
69 69 69 70 71 
70 70 70 71 72 
71 71 71 72 73 
72 72 72 73 74 
73 73 73 74 75 
74 74 74 75 76 
75 75 75 76 77 
76 76 76 77 78 
77 77 77 78 79 
78 78 78 79 80 
79 79 79 80 81 
80 80 80 81 82 
81 81 81 82 83 
82 82 82 83 84 
83 83 83 84 85 
84 84 84 85 86 
85 85 85 86 87 
86 86 86 87 88 
87 87 87 88 89 
88 88 88 89 90 
89 89 89 90 91 
90 90 90 91 92 
91 91 91 92 93 
92 92 92 93 94 
93 93 93 94 95 
94 94 94 95 96 
95 95 95 96 97 
96 96 96 97 98 
97 97 97 98 99 
98 98 98 99 100 
99 99 99 100 101 
100 100 100 101 102 
101 101 101 102 103 
102 102 102 103 104 
103 103 103 104 105 
104 104 104 105 106 
105 105 105 106 107 
106 106 106 107 108 
107 107 107 108 109 
108 108 108 109 110 
109 109 109 110 111 
110 110 110 111 112 
111 111 111 112 113 
112 112 112 113 114 
113 113 113 114 115 
114 114 114 115 116 
115 115 115 116 117 
116 116 116 117 118 
117 117 117 118 119 
118 118 118 119 120 
119 119 119 120 121 
120 120 120 121 122 
121 121 121 122 123 
122 122 122 123 124 
123 123 123 124 125 
124 124 124 125 126 
125 125 125 126 127 
126 126 126 127 128 
127 127 127 128 129 
128 128 128 129 130 
129 129 129 130 131 
130 130 130 131 132 
131 131 131 132 133 
132 132 132 133 134 
133 133 133 134 135 
134 134 134 135 136 
135 135 135 136 137 
136 136 136 137 138 
137 137 137 138 139 
138 138 138 139 140 
139 139 139 140 141 
140 140 140 141 142 
141 141 141 142 143 
142 142 142 143 144 
143 143 143 144 145 
144 144 144 145 146 
145 145 145 146 147 
146 146 146 147 148 
147 147 147 148 149 
148 148 148 149 150 
149 149 149 150 151 
150 150 150 151 152 
151 151 151 152 153 
152 152 152 153 154 
153 153 153 154 155 
154 154 154 155 156 
155 155 155 156 157 
156 156 156 157 158 
157 157 157 158 159 
158 158 158 159 160 
159 159 159 160 161 
160 160 160 161 162 
161 161 161 162 163 
162 162 162 163 164 
163 163 163 164 165 
164 164 164 165 166 
165 165 165 166 167 
166 166 166 167 168 
