# Minimized Production Model for dispRatio of 0.30

42 atoms
41 bonds
40 angles
0 dihedrals
0 impropers


Coords

1 -1.51708 141.82 -83.5037
2 -17.2541 126.182 -67.375
3 -32.5071 110.227 -51.0935
4 -46.7706 93.6582 -34.5252
5 -59.4656 76.2532 -17.5445
6 -69.9634 57.9147 -0.0525137
7 -77.5518 38.6995 17.9846
8 -81.4844 18.872 36.5128
9 -80.9926 -1.04292 55.3496
10 -75.4265 -20.2065 74.1449
11 -64.3947 -37.5041 92.3256
12 -47.9229 -51.6092 109.09
13 -26.6415 -61.1224 123.5
14 -1.86313 -64.876 134.583
15 24.5066 -62.2163 141.539
16 50.2713 -53.1844 143.881
17 73.3082 -38.5206 141.587
18 91.9509 -19.5383 135.022
19 105.223 2.16397 124.817
20 112.771 25.0021 111.676
21 114.778 47.5888 96.2682
22 111.749 68.7689 79.1242
23 104.397 87.603 60.6055
24 93.4561 103.313 40.9794
25 79.7003 115.237 20.4809
26 63.9196 122.799 -0.624413
27 46.953 125.498 -21.985
28 29.6444 122.974 -43.0898
29 12.8863 115.111 -63.301
30 -2.4765 102.102 -81.8978
31 -15.6957 84.4447 -98.1637
32 -26.2239 62.912 -111.454
33 -33.7463 38.4838 -121.349
34 -38.1965 12.1878 -127.681
35 -39.7507 -15.0383 -130.492
36 -38.7338 -42.4319 -130.017
37 -35.5484 -69.4563 -126.648
38 -30.627 -95.8026 -120.878
39 -24.3965 -121.376 -113.187
40 -17.2627 -146.231 -104.068
41 -9.53812 -170.552 -94.0123
42 -1.51708 -194.582 -83.5037

Types

1 1
2 2
3 3
4 4
5 5
6 6
7 7
8 8
9 9
10 10
11 11
12 12
13 13
14 14
15 15
16 16
17 17
18 18
19 19
20 20
21 21
22 22
23 23
24 24
25 25
26 26
27 27
28 28
29 29
30 30
31 31
32 32
33 33
34 34
35 35
36 36
37 37
38 38
39 39
40 40
41 41
42 42

Molecules

1 1
2 1
3 1
4 1
5 1
6 1
7 1
8 1
9 1
10 1
11 1
12 1
13 1
14 1
15 1
16 1
17 1
18 1
19 1
20 1
21 1
22 1
23 1
24 1
25 1
26 1
27 1
28 1
29 1
30 1
31 1
32 1
33 1
34 1
35 1
36 1
37 1
38 1
39 1
40 1
41 1
42 1

Bonds

1 1 1 2 
2 2 2 3 
3 3 3 4 
4 4 4 5 
5 5 5 6 
6 6 6 7 
7 7 7 8 
8 8 8 9 
9 9 9 10 
10 10 10 11 
11 11 11 12 
12 12 12 13 
13 13 13 14 
14 14 14 15 
15 15 15 16 
16 16 16 17 
17 17 17 18 
18 18 18 19 
19 19 19 20 
20 20 20 21 
21 21 21 22 
22 22 22 23 
23 23 23 24 
24 24 24 25 
25 25 25 26 
26 26 26 27 
27 27 27 28 
28 28 28 29 
29 29 29 30 
30 30 30 31 
31 31 31 32 
32 32 32 33 
33 33 33 34 
34 34 34 35 
35 35 35 36 
36 36 36 37 
37 37 37 38 
38 38 38 39 
39 39 39 40 
40 40 40 41 
41 41 41 42 

Angles

1 1 1 2 3 
2 2 2 3 4 
3 3 3 4 5 
4 4 4 5 6 
5 5 5 6 7 
6 6 6 7 8 
7 7 7 8 9 
8 8 8 9 10 
9 9 9 10 11 
10 10 10 11 12 
11 11 11 12 13 
12 12 12 13 14 
13 13 13 14 15 
14 14 14 15 16 
15 15 15 16 17 
16 16 16 17 18 
17 17 17 18 19 
18 18 18 19 20 
19 19 19 20 21 
20 20 20 21 22 
21 21 21 22 23 
22 22 22 23 24 
23 23 23 24 25 
24 24 24 25 26 
25 25 25 26 27 
26 26 26 27 28 
27 27 27 28 29 
28 28 28 29 30 
29 29 29 30 31 
30 30 30 31 32 
31 31 31 32 33 
32 32 32 33 34 
33 33 33 34 35 
34 34 34 35 36 
35 35 35 36 37 
36 36 36 37 38 
37 37 37 38 39 
38 38 38 39 40 
39 39 39 40 41 
40 40 40 41 42 
