# Minimized Production Model for dispRatio of 0.75

168 atoms
167 bonds
166 angles
0 dihedrals
0 impropers


Coords

1 128.96 223.692 9.69175
2 122.931 222.424 12.3503
3 116.901 221.149 15.0031
4 110.869 219.861 17.6453
5 104.835 218.552 20.2703
6 98.7983 217.215 22.8723
7 92.7569 215.844 25.4456
8 86.7107 214.432 27.984
9 80.6593 212.969 30.4818
10 74.6026 211.45 32.9326
11 68.5402 209.865 35.3308
12 62.4732 208.208 37.67
13 56.404 206.47 39.9428
14 50.3343 204.646 42.1426
15 44.2659 202.728 44.2632
16 38.2009 200.711 46.2984
17 32.142 198.589 48.2408
18 26.0924 196.358 50.0845
19 20.0548 194.012 51.8228
20 14.033 191.548 53.4491
21 8.03148 188.963 54.9574
22 2.05521 186.254 56.3412
23 -3.89148 183.419 57.5935
24 -9.80282 180.456 58.7091
25 -15.6725 177.363 59.6827
26 -21.4944 174.139 60.5089
27 -27.2602 170.782 61.1831
28 -32.9618 167.291 61.7015
29 -38.5912 163.666 62.0604
30 -44.1391 159.905 62.2567
31 -49.5968 156.01 62.2881
32 -54.9556 151.982 62.1522
33 -60.2051 147.821 61.8476
34 -65.3363 143.53 61.3736
35 -70.34 139.112 60.7305
36 -75.2067 134.57 59.9188
37 -79.927 129.908 58.939
38 -84.4922 125.132 57.7927
39 -88.8934 120.244 56.482
40 -93.1218 115.252 55.0099
41 -97.1692 110.159 53.3801
42 -101.028 104.972 51.5965
43 -104.689 99.6968 49.6634
44 -108.147 94.3392 47.586
45 -111.393 88.9049 45.3701
46 -114.42 83.4004 43.0215
47 -117.222 77.8319 40.5475
48 -119.792 72.2064 37.9562
49 -122.128 66.53 35.2549
50 -124.223 60.8096 32.452
51 -126.075 55.052 29.5561
52 -127.68 49.2635 26.5753
53 -129.037 43.4509 23.519
54 -130.144 37.6199 20.3971
55 -131 31.7767 17.2204
56 -131.605 25.9266 13.9993
57 -131.961 20.0746 10.7444
58 -132.069 14.2266 7.46585
59 -131.933 8.38726 4.17395
60 -131.556 2.5601 0.878075
61 -130.943 -3.25149 -2.41096
62 -130.099 -9.0434 -5.68341
63 -129.03 -14.8128 -8.93056
64 -127.742 -20.5566 -12.1431
65 -126.238 -26.2719 -15.3125
66 -124.525 -31.9561 -18.4317
67 -122.61 -37.6063 -21.4926
68 -120.499 -43.2214 -24.488
69 -118.198 -48.7998 -27.4116
70 -115.713 -54.3396 -30.2566
71 -113.051 -59.84 -33.0178
72 -110.219 -65.299 -35.6904
73 -107.223 -70.7151 -38.271
74 -104.072 -76.0885 -40.7558
75 -100.773 -81.4184 -43.1405
76 -97.3336 -86.7045 -45.4217
77 -93.7632 -91.9477 -47.5963
78 -90.0691 -97.1489 -49.6621
79 -86.2589 -102.309 -51.6172
80 -82.3405 -107.43 -53.4593
81 -78.3224 -112.514 -55.186
82 -74.2123 -117.562 -56.7944
83 -70.0173 -122.577 -58.283
84 -65.746 -127.563 -59.6494
85 -61.4052 -132.52 -60.8914
86 -57.0022 -137.453 -62.0083
87 -52.5447 -142.362 -62.9999
88 -48.0396 -147.253 -63.8666
89 -43.4942 -152.127 -64.609
90 -38.9152 -156.987 -65.2282
91 -34.3092 -161.835 -65.7252
92 -29.6822 -166.674 -66.1009
93 -25.0405 -171.505 -66.3583
94 -20.3899 -176.332 -66.4989
95 -15.7366 -181.158 -66.5252
96 -11.0859 -185.985 -66.4392
97 -6.44378 -190.817 -66.2434
98 -1.81534 -195.657 -65.94
99 2.79499 -200.506 -65.5325
100 7.38248 -205.368 -65.0241
101 11.9427 -210.244 -64.4181
102 16.4708 -215.138 -63.7175
103 20.9618 -220.052 -62.9255
104 25.411 -224.987 -62.0453
105 29.8142 -229.946 -61.08
106 34.167 -234.933 -60.0336
107 38.4663 -239.949 -58.9099
108 42.7076 -244.997 -57.7127
109 46.8873 -250.08 -56.4457
110 51.0014 -255.2 -55.1125
111 55.0443 -260.36 -53.7167
112 59.0122 -265.56 -52.2616
113 62.901 -270.804 -50.7513
114 66.7068 -276.092 -49.1898
115 70.4262 -281.428 -47.5809
116 74.0554 -286.812 -45.9296
117 77.5911 -292.246 -44.2405
118 81.0309 -297.731 -42.5174
119 84.3712 -303.269 -40.7664
120 87.6102 -308.859 -38.9922
121 90.7458 -314.502 -37.1999
122 93.7758 -320.197 -35.3956
123 96.6987 -325.946 -33.584
124 99.5126 -331.749 -31.7709
125 102.216 -337.604 -29.9618
126 104.807 -343.512 -28.1624
127 107.287 -349.472 -26.3778
128 109.654 -355.485 -24.6128
129 111.908 -361.547 -22.8714
130 114.048 -367.659 -21.1577
131 116.074 -373.818 -19.4744
132 117.984 -380.023 -17.8259
133 119.78 -386.272 -16.2156
134 121.462 -392.563 -14.6463
135 123.031 -398.893 -13.1209
136 124.489 -405.261 -11.6418
137 125.838 -411.665 -10.2109
138 127.08 -418.102 -8.83027
139 128.216 -424.568 -7.50215
140 129.25 -431.063 -6.22714
141 130.183 -437.584 -5.00615
142 131.018 -444.128 -3.84092
143 131.757 -450.693 -2.73212
144 132.403 -457.276 -1.6795
145 132.959 -463.878 -0.683267
146 133.426 -470.494 0.257253
147 133.809 -477.124 1.14247
148 134.109 -483.765 1.97221
149 134.331 -490.416 2.74771
150 134.478 -497.075 3.46895
151 134.554 -503.741 4.13751
152 134.564 -510.411 4.75446
153 134.51 -517.087 5.32138
154 134.397 -523.765 5.84059
155 134.23 -530.446 6.31425
156 134.014 -537.129 6.74521
157 133.751 -543.812 7.13579
158 133.447 -550.496 7.48914
159 133.104 -557.179 7.80872
160 132.728 -563.863 8.09785
161 132.321 -570.546 8.35991
162 131.889 -577.229 8.59679
163 131.433 -583.911 8.81241
164 130.96 -590.591 9.0097
165 130.472 -597.272 9.19242
166 129.974 -603.952 9.36472
167 129.469 -610.633 9.53016
168 128.96 -617.313 9.69175

Types

1 1
2 2
3 3
4 4
5 5
6 6
7 7
8 8
9 9
10 10
11 11
12 12
13 13
14 14
15 15
16 16
17 17
18 18
19 19
20 20
21 21
22 22
23 23
24 24
25 25
26 26
27 27
28 28
29 29
30 30
31 31
32 32
33 33
34 34
35 35
36 36
37 37
38 38
39 39
40 40
41 41
42 42
43 43
44 44
45 45
46 46
47 47
48 48
49 49
50 50
51 51
52 52
53 53
54 54
55 55
56 56
57 57
58 58
59 59
60 60
61 61
62 62
63 63
64 64
65 65
66 66
67 67
68 68
69 69
70 70
71 71
72 72
73 73
74 74
75 75
76 76
77 77
78 78
79 79
80 80
81 81
82 82
83 83
84 84
85 85
86 86
87 87
88 88
89 89
90 90
91 91
92 92
93 93
94 94
95 95
96 96
97 97
98 98
99 99
100 100
101 101
102 102
103 103
104 104
105 105
106 106
107 107
108 108
109 109
110 110
111 111
112 112
113 113
114 114
115 115
116 116
117 117
118 118
119 119
120 120
121 121
122 122
123 123
124 124
125 125
126 126
127 127
128 128
129 129
130 130
131 131
132 132
133 133
134 134
135 135
136 136
137 137
138 138
139 139
140 140
141 141
142 142
143 143
144 144
145 145
146 146
147 147
148 148
149 149
150 150
151 151
152 152
153 153
154 154
155 155
156 156
157 157
158 158
159 159
160 160
161 161
162 162
163 163
164 164
165 165
166 166
167 167
168 168

Molecules

1 1
2 1
3 1
4 1
5 1
6 1
7 1
8 1
9 1
10 1
11 1
12 1
13 1
14 1
15 1
16 1
17 1
18 1
19 1
20 1
21 1
22 1
23 1
24 1
25 1
26 1
27 1
28 1
29 1
30 1
31 1
32 1
33 1
34 1
35 1
36 1
37 1
38 1
39 1
40 1
41 1
42 1
43 1
44 1
45 1
46 1
47 1
48 1
49 1
50 1
51 1
52 1
53 1
54 1
55 1
56 1
57 1
58 1
59 1
60 1
61 1
62 1
63 1
64 1
65 1
66 1
67 1
68 1
69 1
70 1
71 1
72 1
73 1
74 1
75 1
76 1
77 1
78 1
79 1
80 1
81 1
82 1
83 1
84 1
85 1
86 1
87 1
88 1
89 1
90 1
91 1
92 1
93 1
94 1
95 1
96 1
97 1
98 1
99 1
100 1
101 1
102 1
103 1
104 1
105 1
106 1
107 1
108 1
109 1
110 1
111 1
112 1
113 1
114 1
115 1
116 1
117 1
118 1
119 1
120 1
121 1
122 1
123 1
124 1
125 1
126 1
127 1
128 1
129 1
130 1
131 1
132 1
133 1
134 1
135 1
136 1
137 1
138 1
139 1
140 1
141 1
142 1
143 1
144 1
145 1
146 1
147 1
148 1
149 1
150 1
151 1
152 1
153 1
154 1
155 1
156 1
157 1
158 1
159 1
160 1
161 1
162 1
163 1
164 1
165 1
166 1
167 1
168 1

Bonds

1 1 1 2 
2 2 2 3 
3 3 3 4 
4 4 4 5 
5 5 5 6 
6 6 6 7 
7 7 7 8 
8 8 8 9 
9 9 9 10 
10 10 10 11 
11 11 11 12 
12 12 12 13 
13 13 13 14 
14 14 14 15 
15 15 15 16 
16 16 16 17 
17 17 17 18 
18 18 18 19 
19 19 19 20 
20 20 20 21 
21 21 21 22 
22 22 22 23 
23 23 23 24 
24 24 24 25 
25 25 25 26 
26 26 26 27 
27 27 27 28 
28 28 28 29 
29 29 29 30 
30 30 30 31 
31 31 31 32 
32 32 32 33 
33 33 33 34 
34 34 34 35 
35 35 35 36 
36 36 36 37 
37 37 37 38 
38 38 38 39 
39 39 39 40 
40 40 40 41 
41 41 41 42 
42 42 42 43 
43 43 43 44 
44 44 44 45 
45 45 45 46 
46 46 46 47 
47 47 47 48 
48 48 48 49 
49 49 49 50 
50 50 50 51 
51 51 51 52 
52 52 52 53 
53 53 53 54 
54 54 54 55 
55 55 55 56 
56 56 56 57 
57 57 57 58 
58 58 58 59 
59 59 59 60 
60 60 60 61 
61 61 61 62 
62 62 62 63 
63 63 63 64 
64 64 64 65 
65 65 65 66 
66 66 66 67 
67 67 67 68 
68 68 68 69 
69 69 69 70 
70 70 70 71 
71 71 71 72 
72 72 72 73 
73 73 73 74 
74 74 74 75 
75 75 75 76 
76 76 76 77 
77 77 77 78 
78 78 78 79 
79 79 79 80 
80 80 80 81 
81 81 81 82 
82 82 82 83 
83 83 83 84 
84 84 84 85 
85 85 85 86 
86 86 86 87 
87 87 87 88 
88 88 88 89 
89 89 89 90 
90 90 90 91 
91 91 91 92 
92 92 92 93 
93 93 93 94 
94 94 94 95 
95 95 95 96 
96 96 96 97 
97 97 97 98 
98 98 98 99 
99 99 99 100 
100 100 100 101 
101 101 101 102 
102 102 102 103 
103 103 103 104 
104 104 104 105 
105 105 105 106 
106 106 106 107 
107 107 107 108 
108 108 108 109 
109 109 109 110 
110 110 110 111 
111 111 111 112 
112 112 112 113 
113 113 113 114 
114 114 114 115 
115 115 115 116 
116 116 116 117 
117 117 117 118 
118 118 118 119 
119 119 119 120 
120 120 120 121 
121 121 121 122 
122 122 122 123 
123 123 123 124 
124 124 124 125 
125 125 125 126 
126 126 126 127 
127 127 127 128 
128 128 128 129 
129 129 129 130 
130 130 130 131 
131 131 131 132 
132 132 132 133 
133 133 133 134 
134 134 134 135 
135 135 135 136 
136 136 136 137 
137 137 137 138 
138 138 138 139 
139 139 139 140 
140 140 140 141 
141 141 141 142 
142 142 142 143 
143 143 143 144 
144 144 144 145 
145 145 145 146 
146 146 146 147 
147 147 147 148 
148 148 148 149 
149 149 149 150 
150 150 150 151 
151 151 151 152 
152 152 152 153 
153 153 153 154 
154 154 154 155 
155 155 155 156 
156 156 156 157 
157 157 157 158 
158 158 158 159 
159 159 159 160 
160 160 160 161 
161 161 161 162 
162 162 162 163 
163 163 163 164 
164 164 164 165 
165 165 165 166 
166 166 166 167 
167 167 167 168 

Angles

1 1 1 2 3 
2 2 2 3 4 
3 3 3 4 5 
4 4 4 5 6 
5 5 5 6 7 
6 6 6 7 8 
7 7 7 8 9 
8 8 8 9 10 
9 9 9 10 11 
10 10 10 11 12 
11 11 11 12 13 
12 12 12 13 14 
13 13 13 14 15 
14 14 14 15 16 
15 15 15 16 17 
16 16 16 17 18 
17 17 17 18 19 
18 18 18 19 20 
19 19 19 20 21 
20 20 20 21 22 
21 21 21 22 23 
22 22 22 23 24 
23 23 23 24 25 
24 24 24 25 26 
25 25 25 26 27 
26 26 26 27 28 
27 27 27 28 29 
28 28 28 29 30 
29 29 29 30 31 
30 30 30 31 32 
31 31 31 32 33 
32 32 32 33 34 
33 33 33 34 35 
34 34 34 35 36 
35 35 35 36 37 
36 36 36 37 38 
37 37 37 38 39 
38 38 38 39 40 
39 39 39 40 41 
40 40 40 41 42 
41 41 41 42 43 
42 42 42 43 44 
43 43 43 44 45 
44 44 44 45 46 
45 45 45 46 47 
46 46 46 47 48 
47 47 47 48 49 
48 48 48 49 50 
49 49 49 50 51 
50 50 50 51 52 
51 51 51 52 53 
52 52 52 53 54 
53 53 53 54 55 
54 54 54 55 56 
55 55 55 56 57 
56 56 56 57 58 
57 57 57 58 59 
58 58 58 59 60 
59 59 59 60 61 
60 60 60 61 62 
61 61 61 62 63 
62 62 62 63 64 
63 63 63 64 65 
64 64 64 65 66 
65 65 65 66 67 
66 66 66 67 68 
67 67 67 68 69 
68 68 68 69 70 
69 69 69 70 71 
70 70 70 71 72 
71 71 71 72 73 
72 72 72 73 74 
73 73 73 74 75 
74 74 74 75 76 
75 75 75 76 77 
76 76 76 77 78 
77 77 77 78 79 
78 78 78 79 80 
79 79 79 80 81 
80 80 80 81 82 
81 81 81 82 83 
82 82 82 83 84 
83 83 83 84 85 
84 84 84 85 86 
85 85 85 86 87 
86 86 86 87 88 
87 87 87 88 89 
88 88 88 89 90 
89 89 89 90 91 
90 90 90 91 92 
91 91 91 92 93 
92 92 92 93 94 
93 93 93 94 95 
94 94 94 95 96 
95 95 95 96 97 
96 96 96 97 98 
97 97 97 98 99 
98 98 98 99 100 
99 99 99 100 101 
100 100 100 101 102 
101 101 101 102 103 
102 102 102 103 104 
103 103 103 104 105 
104 104 104 105 106 
105 105 105 106 107 
106 106 106 107 108 
107 107 107 108 109 
108 108 108 109 110 
109 109 109 110 111 
110 110 110 111 112 
111 111 111 112 113 
112 112 112 113 114 
113 113 113 114 115 
114 114 114 115 116 
115 115 115 116 117 
116 116 116 117 118 
117 117 117 118 119 
118 118 118 119 120 
119 119 119 120 121 
120 120 120 121 122 
121 121 121 122 123 
122 122 122 123 124 
123 123 123 124 125 
124 124 124 125 126 
125 125 125 126 127 
126 126 126 127 128 
127 127 127 128 129 
128 128 128 129 130 
129 129 129 130 131 
130 130 130 131 132 
131 131 131 132 133 
132 132 132 133 134 
133 133 133 134 135 
134 134 134 135 136 
135 135 135 136 137 
136 136 136 137 138 
137 137 137 138 139 
138 138 138 139 140 
139 139 139 140 141 
140 140 140 141 142 
141 141 141 142 143 
142 142 142 143 144 
143 143 143 144 145 
144 144 144 145 146 
145 145 145 146 147 
146 146 146 147 148 
147 147 147 148 149 
148 148 148 149 150 
149 149 149 150 151 
150 150 150 151 152 
151 151 151 152 153 
152 152 152 153 154 
153 153 153 154 155 
154 154 154 155 156 
155 155 155 156 157 
156 156 156 157 158 
157 157 157 158 159 
158 158 158 159 160 
159 159 159 160 161 
160 160 160 161 162 
161 161 161 162 163 
162 162 162 163 164 
163 163 163 164 165 
164 164 164 165 166 
165 165 165 166 167 
166 166 166 167 168 
