# Minimized Production Model for dispRatio of 0.25

168 atoms
167 bonds
166 angles
0 dihedrals
0 impropers


Coords

1 128.96 -56.6428 9.69175
2 123.404 -60.4057 9.4719
3 117.839 -64.1555 9.25129
4 112.256 -67.8786 9.02975
5 106.648 -71.5621 8.80625
6 101.005 -75.1933 8.58047
7 95.3215 -78.7591 8.35245
8 89.5901 -82.2471 8.12099
9 83.8048 -85.6444 7.88624
10 77.9604 -88.9384 7.64745
11 72.0524 -92.1162 7.40435
12 66.0771 -95.1646 7.15684
13 60.0317 -98.0704 6.90417
14 53.9143 -100.82 6.64645
15 47.724 -103.4 6.38339
16 41.4615 -105.798 6.11461
17 35.1283 -108.001 5.84023
18 28.7274 -109.997 5.56023
19 22.2631 -111.776 5.27453
20 15.7407 -113.326 4.98391
21 9.16665 -114.639 4.68809
22 2.54849 -115.706 4.38781
23 -4.10544 -116.517 4.08314
24 -10.7858 -117.066 3.774
25 -17.4827 -117.346 3.46109
26 -24.1851 -117.352 3.14381
27 -30.8818 -117.078 2.82289
28 -37.561 -116.523 2.49883
29 -44.2105 -115.683 2.17218
30 -50.8175 -114.556 1.8438
31 -57.3695 -113.144 1.5144
32 -63.8533 -111.446 1.18479
33 -70.2563 -109.463 0.855636
34 -76.5654 -107.199 0.527264
35 -82.768 -104.657 0.200022
36 -88.8515 -101.841 -0.125811
37 -94.804 -98.7571 -0.450201
38 -100.613 -95.4106 -0.772685
39 -106.269 -91.8086 -1.09282
40 -111.758 -87.9582 -1.41003
41 -117.071 -83.8668 -1.72395
42 -122.196 -79.5422 -2.03411
43 -127.123 -74.9926 -2.34008
44 -131.842 -70.2263 -2.6412
45 -136.341 -65.252 -2.93724
46 -140.611 -60.0791 -3.2276
47 -144.641 -54.717 -3.5118
48 -148.422 -49.1756 -3.78935
49 -151.943 -43.4654 -4.05953
50 -155.196 -37.5977 -4.32222
51 -158.171 -31.5841 -4.57724
52 -160.859 -25.4369 -4.8244
53 -163.253 -19.1686 -5.06344
54 -165.343 -12.7926 -5.29438
55 -167.123 -6.32269 -5.51641
56 -168.582 0.226874 -5.729
57 -169.714 6.84106 -5.93175
58 -170.51 13.504 -6.124
59 -170.963 20.199 -6.30533
60 -171.067 26.9084 -6.47565
61 -170.816 33.6138 -6.63452
62 -170.203 40.2956 -6.78131
63 -169.227 46.9337 -6.91555
64 -167.881 53.5068 -7.03662
65 -166.166 59.9928 -7.14396
66 -164.08 66.3692 -7.23689
67 -161.626 72.6129 -7.3147
68 -158.808 78.7006 -7.37687
69 -155.631 84.6088 -7.42336
70 -152.103 90.3137 -7.45398
71 -148.234 95.7917 -7.46886
72 -144.032 101.02 -7.46782
73 -139.514 105.975 -7.45104
74 -134.692 110.635 -7.41826
75 -129.584 114.979 -7.36926
76 -124.21 118.988 -7.30428
77 -118.59 122.642 -7.22329
78 -112.745 125.925 -7.12679
79 -106.701 128.823 -7.01527
80 -100.481 131.32 -6.88915
81 -94.1132 133.409 -6.74898
82 -87.6235 135.079 -6.59521
83 -81.04 136.327 -6.42858
84 -74.3903 137.15 -6.24984
85 -67.7019 137.549 -6.0598
86 -61.0018 137.528 -5.8592
87 -54.3159 137.091 -5.64899
88 -47.6692 136.248 -5.43028
89 -41.085 135.008 -5.2038
90 -34.5851 133.383 -4.9706
91 -28.1895 131.387 -4.73126
92 -21.9163 129.034 -4.48702
93 -15.7821 126.338 -4.23851
94 -9.80118 123.318 -3.98675
95 -3.98635 119.989 -3.73266
96 1.65174 116.368 -3.47697
97 7.10422 112.473 -3.22047
98 12.3637 108.32 -2.96393
99 17.4256 103.929 -2.708
100 22.2864 99.3152 -2.45297
101 26.9448 94.4966 -2.19953
102 31.4012 89.4901 -1.94799
103 35.657 84.3114 -1.69905
104 39.716 78.9765 -1.45287
105 43.5826 73.4999 -1.2095
106 47.2614 67.8949 -0.969121
107 50.7591 62.1747 -0.73178
108 54.0816 56.3507 -0.497908
109 57.2364 50.4336 -0.267672
110 60.2308 44.4334 -0.0410003
111 63.0719 38.3589 0.181739
112 65.7674 32.2179 0.401493
113 68.3248 26.0179 0.618024
114 70.7514 19.7653 0.831705
115 73.0548 13.4659 1.04273
116 75.2418 7.12488 1.25113
117 77.3195 0.747081 1.45665
118 79.2948 -5.66329 1.65913
119 81.1743 -12.1026 1.85859
120 82.965 -18.5673 2.0552
121 84.6735 -25.0545 2.24867
122 86.3064 -31.5614 2.43901
123 87.8701 -38.0854 2.62656
124 89.3701 -44.6246 2.81126
125 90.8123 -51.1769 2.99356
126 92.2015 -57.7408 3.17343
127 93.5417 -64.315 3.35117
128 94.8374 -70.8981 3.52663
129 96.0921 -77.4892 3.6998
130 97.3093 -84.0874 3.87092
131 98.4917 -90.6921 4.04005
132 99.6413 -97.3025 4.20772
133 100.761 -103.918 4.37406
134 101.853 -110.539 4.53933
135 102.919 -117.163 4.70381
136 103.962 -123.792 4.86719
137 104.981 -130.424 5.02999
138 105.98 -137.059 5.19205
139 106.96 -143.697 5.35309
140 107.921 -150.337 5.51327
141 108.864 -156.98 5.67244
142 109.79 -163.625 5.83063
143 110.699 -170.273 5.98793
144 111.591 -176.923 6.1443
145 112.467 -183.575 6.29953
146 113.326 -190.23 6.45369
147 114.17 -196.886 6.60715
148 114.997 -203.544 6.75942
149 115.808 -210.204 6.91059
150 116.603 -216.865 7.06122
151 117.382 -223.529 7.21114
152 118.147 -230.194 7.36025
153 118.896 -236.861 7.509
154 119.631 -243.529 7.65682
155 120.354 -250.199 7.80355
156 121.063 -256.87 7.94986
157 121.76 -263.542 8.09557
158 122.448 -270.215 8.24106
159 123.126 -276.889 8.38608
160 123.797 -283.563 8.53096
161 124.459 -290.239 8.67579
162 125.116 -296.915 8.82068
163 125.768 -303.591 8.96575
164 126.414 -310.268 9.11082
165 127.056 -316.945 9.25606
166 127.694 -323.622 9.40167
167 128.328 -330.3 9.54688
168 128.96 -336.978 9.69175

Types

1 1
2 2
3 3
4 4
5 5
6 6
7 7
8 8
9 9
10 10
11 11
12 12
13 13
14 14
15 15
16 16
17 17
18 18
19 19
20 20
21 21
22 22
23 23
24 24
25 25
26 26
27 27
28 28
29 29
30 30
31 31
32 32
33 33
34 34
35 35
36 36
37 37
38 38
39 39
40 40
41 41
42 42
43 43
44 44
45 45
46 46
47 47
48 48
49 49
50 50
51 51
52 52
53 53
54 54
55 55
56 56
57 57
58 58
59 59
60 60
61 61
62 62
63 63
64 64
65 65
66 66
67 67
68 68
69 69
70 70
71 71
72 72
73 73
74 74
75 75
76 76
77 77
78 78
79 79
80 80
81 81
82 82
83 83
84 84
85 85
86 86
87 87
88 88
89 89
90 90
91 91
92 92
93 93
94 94
95 95
96 96
97 97
98 98
99 99
100 100
101 101
102 102
103 103
104 104
105 105
106 106
107 107
108 108
109 109
110 110
111 111
112 112
113 113
114 114
115 115
116 116
117 117
118 118
119 119
120 120
121 121
122 122
123 123
124 124
125 125
126 126
127 127
128 128
129 129
130 130
131 131
132 132
133 133
134 134
135 135
136 136
137 137
138 138
139 139
140 140
141 141
142 142
143 143
144 144
145 145
146 146
147 147
148 148
149 149
150 150
151 151
152 152
153 153
154 154
155 155
156 156
157 157
158 158
159 159
160 160
161 161
162 162
163 163
164 164
165 165
166 166
167 167
168 168

Molecules

1 1
2 1
3 1
4 1
5 1
6 1
7 1
8 1
9 1
10 1
11 1
12 1
13 1
14 1
15 1
16 1
17 1
18 1
19 1
20 1
21 1
22 1
23 1
24 1
25 1
26 1
27 1
28 1
29 1
30 1
31 1
32 1
33 1
34 1
35 1
36 1
37 1
38 1
39 1
40 1
41 1
42 1
43 1
44 1
45 1
46 1
47 1
48 1
49 1
50 1
51 1
52 1
53 1
54 1
55 1
56 1
57 1
58 1
59 1
60 1
61 1
62 1
63 1
64 1
65 1
66 1
67 1
68 1
69 1
70 1
71 1
72 1
73 1
74 1
75 1
76 1
77 1
78 1
79 1
80 1
81 1
82 1
83 1
84 1
85 1
86 1
87 1
88 1
89 1
90 1
91 1
92 1
93 1
94 1
95 1
96 1
97 1
98 1
99 1
100 1
101 1
102 1
103 1
104 1
105 1
106 1
107 1
108 1
109 1
110 1
111 1
112 1
113 1
114 1
115 1
116 1
117 1
118 1
119 1
120 1
121 1
122 1
123 1
124 1
125 1
126 1
127 1
128 1
129 1
130 1
131 1
132 1
133 1
134 1
135 1
136 1
137 1
138 1
139 1
140 1
141 1
142 1
143 1
144 1
145 1
146 1
147 1
148 1
149 1
150 1
151 1
152 1
153 1
154 1
155 1
156 1
157 1
158 1
159 1
160 1
161 1
162 1
163 1
164 1
165 1
166 1
167 1
168 1

Bonds

1 1 1 2 
2 2 2 3 
3 3 3 4 
4 4 4 5 
5 5 5 6 
6 6 6 7 
7 7 7 8 
8 8 8 9 
9 9 9 10 
10 10 10 11 
11 11 11 12 
12 12 12 13 
13 13 13 14 
14 14 14 15 
15 15 15 16 
16 16 16 17 
17 17 17 18 
18 18 18 19 
19 19 19 20 
20 20 20 21 
21 21 21 22 
22 22 22 23 
23 23 23 24 
24 24 24 25 
25 25 25 26 
26 26 26 27 
27 27 27 28 
28 28 28 29 
29 29 29 30 
30 30 30 31 
31 31 31 32 
32 32 32 33 
33 33 33 34 
34 34 34 35 
35 35 35 36 
36 36 36 37 
37 37 37 38 
38 38 38 39 
39 39 39 40 
40 40 40 41 
41 41 41 42 
42 42 42 43 
43 43 43 44 
44 44 44 45 
45 45 45 46 
46 46 46 47 
47 47 47 48 
48 48 48 49 
49 49 49 50 
50 50 50 51 
51 51 51 52 
52 52 52 53 
53 53 53 54 
54 54 54 55 
55 55 55 56 
56 56 56 57 
57 57 57 58 
58 58 58 59 
59 59 59 60 
60 60 60 61 
61 61 61 62 
62 62 62 63 
63 63 63 64 
64 64 64 65 
65 65 65 66 
66 66 66 67 
67 67 67 68 
68 68 68 69 
69 69 69 70 
70 70 70 71 
71 71 71 72 
72 72 72 73 
73 73 73 74 
74 74 74 75 
75 75 75 76 
76 76 76 77 
77 77 77 78 
78 78 78 79 
79 79 79 80 
80 80 80 81 
81 81 81 82 
82 82 82 83 
83 83 83 84 
84 84 84 85 
85 85 85 86 
86 86 86 87 
87 87 87 88 
88 88 88 89 
89 89 89 90 
90 90 90 91 
91 91 91 92 
92 92 92 93 
93 93 93 94 
94 94 94 95 
95 95 95 96 
96 96 96 97 
97 97 97 98 
98 98 98 99 
99 99 99 100 
100 100 100 101 
101 101 101 102 
102 102 102 103 
103 103 103 104 
104 104 104 105 
105 105 105 106 
106 106 106 107 
107 107 107 108 
108 108 108 109 
109 109 109 110 
110 110 110 111 
111 111 111 112 
112 112 112 113 
113 113 113 114 
114 114 114 115 
115 115 115 116 
116 116 116 117 
117 117 117 118 
118 118 118 119 
119 119 119 120 
120 120 120 121 
121 121 121 122 
122 122 122 123 
123 123 123 124 
124 124 124 125 
125 125 125 126 
126 126 126 127 
127 127 127 128 
128 128 128 129 
129 129 129 130 
130 130 130 131 
131 131 131 132 
132 132 132 133 
133 133 133 134 
134 134 134 135 
135 135 135 136 
136 136 136 137 
137 137 137 138 
138 138 138 139 
139 139 139 140 
140 140 140 141 
141 141 141 142 
142 142 142 143 
143 143 143 144 
144 144 144 145 
145 145 145 146 
146 146 146 147 
147 147 147 148 
148 148 148 149 
149 149 149 150 
150 150 150 151 
151 151 151 152 
152 152 152 153 
153 153 153 154 
154 154 154 155 
155 155 155 156 
156 156 156 157 
157 157 157 158 
158 158 158 159 
159 159 159 160 
160 160 160 161 
161 161 161 162 
162 162 162 163 
163 163 163 164 
164 164 164 165 
165 165 165 166 
166 166 166 167 
167 167 167 168 

Angles

1 1 1 2 3 
2 2 2 3 4 
3 3 3 4 5 
4 4 4 5 6 
5 5 5 6 7 
6 6 6 7 8 
7 7 7 8 9 
8 8 8 9 10 
9 9 9 10 11 
10 10 10 11 12 
11 11 11 12 13 
12 12 12 13 14 
13 13 13 14 15 
14 14 14 15 16 
15 15 15 16 17 
16 16 16 17 18 
17 17 17 18 19 
18 18 18 19 20 
19 19 19 20 21 
20 20 20 21 22 
21 21 21 22 23 
22 22 22 23 24 
23 23 23 24 25 
24 24 24 25 26 
25 25 25 26 27 
26 26 26 27 28 
27 27 27 28 29 
28 28 28 29 30 
29 29 29 30 31 
30 30 30 31 32 
31 31 31 32 33 
32 32 32 33 34 
33 33 33 34 35 
34 34 34 35 36 
35 35 35 36 37 
36 36 36 37 38 
37 37 37 38 39 
38 38 38 39 40 
39 39 39 40 41 
40 40 40 41 42 
41 41 41 42 43 
42 42 42 43 44 
43 43 43 44 45 
44 44 44 45 46 
45 45 45 46 47 
46 46 46 47 48 
47 47 47 48 49 
48 48 48 49 50 
49 49 49 50 51 
50 50 50 51 52 
51 51 51 52 53 
52 52 52 53 54 
53 53 53 54 55 
54 54 54 55 56 
55 55 55 56 57 
56 56 56 57 58 
57 57 57 58 59 
58 58 58 59 60 
59 59 59 60 61 
60 60 60 61 62 
61 61 61 62 63 
62 62 62 63 64 
63 63 63 64 65 
64 64 64 65 66 
65 65 65 66 67 
66 66 66 67 68 
67 67 67 68 69 
68 68 68 69 70 
69 69 69 70 71 
70 70 70 71 72 
71 71 71 72 73 
72 72 72 73 74 
73 73 73 74 75 
74 74 74 75 76 
75 75 75 76 77 
76 76 76 77 78 
77 77 77 78 79 
78 78 78 79 80 
79 79 79 80 81 
80 80 80 81 82 
81 81 81 82 83 
82 82 82 83 84 
83 83 83 84 85 
84 84 84 85 86 
85 85 85 86 87 
86 86 86 87 88 
87 87 87 88 89 
88 88 88 89 90 
89 89 89 90 91 
90 90 90 91 92 
91 91 91 92 93 
92 92 92 93 94 
93 93 93 94 95 
94 94 94 95 96 
95 95 95 96 97 
96 96 96 97 98 
97 97 97 98 99 
98 98 98 99 100 
99 99 99 100 101 
100 100 100 101 102 
101 101 101 102 103 
102 102 102 103 104 
103 103 103 104 105 
104 104 104 105 106 
105 105 105 106 107 
106 106 106 107 108 
107 107 107 108 109 
108 108 108 109 110 
109 109 109 110 111 
110 110 110 111 112 
111 111 111 112 113 
112 112 112 113 114 
113 113 113 114 115 
114 114 114 115 116 
115 115 115 116 117 
116 116 116 117 118 
117 117 117 118 119 
118 118 118 119 120 
119 119 119 120 121 
120 120 120 121 122 
121 121 121 122 123 
122 122 122 123 124 
123 123 123 124 125 
124 124 124 125 126 
125 125 125 126 127 
126 126 126 127 128 
127 127 127 128 129 
128 128 128 129 130 
129 129 129 130 131 
130 130 130 131 132 
131 131 131 132 133 
132 132 132 133 134 
133 133 133 134 135 
134 134 134 135 136 
135 135 135 136 137 
136 136 136 137 138 
137 137 137 138 139 
138 138 138 139 140 
139 139 139 140 141 
140 140 140 141 142 
141 141 141 142 143 
142 142 142 143 144 
143 143 143 144 145 
144 144 144 145 146 
145 145 145 146 147 
146 146 146 147 148 
147 147 147 148 149 
148 148 148 149 150 
149 149 149 150 151 
150 150 150 151 152 
151 151 151 152 153 
152 152 152 153 154 
153 153 153 154 155 
154 154 154 155 156 
155 155 155 156 157 
156 156 156 157 158 
157 157 157 158 159 
158 158 158 159 160 
159 159 159 160 161 
160 160 160 161 162 
161 161 161 162 163 
162 162 162 163 164 
163 163 163 164 165 
164 164 164 165 166 
165 165 165 166 167 
166 166 166 167 168 
