# Minimized Production Model for dispRatio of 0.04

168 atoms
167 bonds
166 angles
0 dihedrals
0 impropers


Coords

1 128.96 -174.384 9.69175
2 122.259 -174.109 9.42189
3 115.558 -173.824 9.15173
4 108.858 -173.517 8.88126
5 102.159 -173.178 8.61065
6 95.4629 -172.798 8.33996
7 88.77 -172.366 8.06866
8 82.0816 -171.871 7.79642
9 75.3987 -171.305 7.52367
10 68.7235 -170.658 7.25007
11 62.0577 -169.921 6.9759
12 55.4034 -169.086 6.70136
13 48.7638 -168.144 6.42616
14 42.1412 -167.089 6.15003
15 35.539 -165.913 5.87259
16 28.9611 -164.61 5.5948
17 22.4109 -163.174 5.31653
18 15.8924 -161.6 5.03698
19 9.41039 -159.883 4.75682
20 2.96901 -158.02 4.47633
21 -3.42742 -156.008 4.19523
22 -9.77405 -153.844 3.91385
23 -16.0665 -151.526 3.63191
24 -22.2996 -149.054 3.34952
25 -28.4691 -146.426 3.06726
26 -34.5698 -143.643 2.78441
27 -40.5978 -140.706 2.50164
28 -46.5482 -137.614 2.21916
29 -52.4166 -134.369 1.93602
30 -58.1997 -130.974 1.65309
31 -63.8929 -127.43 1.37085
32 -69.4925 -123.739 1.0883
33 -74.9941 -119.904 0.806052
34 -80.3941 -115.927 0.523858
35 -85.6891 -111.811 0.241676
36 -90.8758 -107.559 -0.0397664
37 -95.9509 -103.174 -0.320679
38 -100.91 -98.6578 -0.601101
39 -105.75 -94.0138 -0.880799
40 -110.466 -89.2445 -1.15989
41 -115.055 -84.3524 -1.43842
42 -119.512 -79.3401 -1.71628
43 -123.834 -74.2099 -1.99326
44 -128.015 -68.9644 -2.2692
45 -132.05 -63.606 -2.54412
46 -135.934 -58.1372 -2.81723
47 -139.662 -52.56 -3.0888
48 -143.227 -46.8777 -3.35899
49 -146.623 -41.0934 -3.62682
50 -149.845 -35.2094 -3.89265
51 -152.884 -29.229 -4.15563
52 -155.733 -23.1559 -4.41543
53 -158.385 -16.994 -4.67197
54 -160.832 -10.7479 -4.9243
55 -163.065 -4.4226 -5.17257
56 -165.077 1.97686 -5.41662
57 -166.858 8.44376 -5.65552
58 -168.402 14.9719 -5.88869
59 -169.698 21.5537 -6.11572
60 -170.738 28.1806 -6.33642
61 -171.515 34.8436 -6.54991
62 -172.022 41.5325 -6.7552
63 -172.249 48.2366 -6.95209
64 -172.191 54.9443 -7.13971
65 -171.841 61.6432 -7.31723
66 -171.195 68.3198 -7.48494
67 -170.246 74.9605 -7.64169
68 -168.992 81.5503 -7.78649
69 -167.429 88.0737 -7.9197
70 -165.555 94.5145 -8.04017
71 -163.371 100.857 -8.14737
72 -160.878 107.084 -8.24119
73 -158.078 113.18 -8.32178
74 -154.974 119.127 -8.38811
75 -151.572 124.908 -8.43932
76 -147.878 130.507 -8.47568
77 -143.9 135.908 -8.49675
78 -139.647 141.094 -8.50237
79 -135.129 146.052 -8.49276
80 -130.357 150.767 -8.46769
81 -125.345 155.224 -8.42729
82 -120.105 159.41 -8.37203
83 -114.652 163.316 -8.30179
84 -109 166.928 -8.21705
85 -103.167 170.237 -8.11814
86 -97.1681 173.236 -8.00488
87 -91.0208 175.916 -7.87729
88 -84.7419 178.271 -7.73697
89 -78.3491 180.296 -7.58399
90 -71.8601 181.986 -7.41845
91 -65.2928 183.339 -7.24059
92 -58.6652 184.353 -7.05096
93 -51.9947 185.027 -6.85055
94 -45.2989 185.36 -6.63983
95 -38.5948 185.354 -6.41969
96 -31.8999 185.012 -6.19093
97 -25.2305 184.336 -5.95372
98 -18.6031 183.333 -5.70884
99 -12.033 182.006 -5.45727
100 -5.53488 180.363 -5.19936
101 0.876981 178.411 -4.93568
102 7.18936 176.158 -4.66683
103 13.3898 173.614 -4.393
104 19.4669 170.788 -4.11534
105 25.41 167.69 -3.83465
106 31.2099 164.332 -3.55115
107 36.8577 160.723 -3.26571
108 42.3457 156.876 -2.9786
109 47.6684 152.804 -2.69093
110 52.8199 148.517 -2.40291
111 57.7968 144.027 -2.11549
112 62.5951 139.348 -1.82906
113 67.2131 134.49 -1.54272
114 71.6496 129.466 -1.25782
115 75.9035 124.286 -0.97505
116 79.975 118.961 -0.694516
117 83.8655 113.502 -0.416603
118 87.5758 107.919 -0.140817
119 91.1078 102.222 0.132375
120 94.4648 96.4189 0.402508
121 97.6486 90.5193 0.670005
122 100.663 84.531 0.933557
123 103.511 78.462 1.19296
124 106.196 72.3193 1.44896
125 108.723 66.1093 1.70126
126 111.097 59.8391 1.94965
127 113.322 53.5144 2.19449
128 115.401 47.1405 2.43562
129 117.34 40.7223 2.67292
130 119.143 34.2644 2.90646
131 120.814 27.7712 3.13606
132 122.358 21.2464 3.36158
133 123.781 14.6938 3.58347
134 125.087 8.117 3.80217
135 126.28 1.51883 4.01748
136 127.365 -5.09797 4.22898
137 128.346 -11.7308 4.43706
138 129.23 -18.3774 4.64148
139 130.02 -25.0359 4.84228
140 130.721 -31.7043 5.03956
141 131.338 -38.3812 5.23448
142 131.874 -45.065 5.4263
143 132.333 -51.7547 5.61471
144 132.721 -58.4488 5.80079
145 133.039 -65.1468 5.98375
146 133.293 -71.8473 6.16406
147 133.485 -78.5499 6.34225
148 133.62 -85.2537 6.51753
149 133.701 -91.9582 6.69066
150 133.733 -98.6632 6.86208
151 133.716 -105.368 7.03126
152 133.655 -112.073 7.19795
153 133.553 -118.777 7.36291
154 133.414 -125.481 7.52634
155 133.24 -132.184 7.68773
156 133.033 -138.886 7.84722
157 132.796 -145.587 8.00593
158 132.533 -152.286 8.16357
159 132.244 -158.985 8.31978
160 131.934 -165.682 8.47484
161 131.605 -172.379 8.62922
162 131.258 -179.075 8.78255
163 130.898 -185.77 8.93516
164 130.525 -192.464 9.08738
165 130.143 -199.158 9.23912
166 129.753 -205.851 9.39032
167 129.359 -212.544 9.54129
168 128.96 -219.237 9.69175

Types

1 1
2 2
3 3
4 4
5 5
6 6
7 7
8 8
9 9
10 10
11 11
12 12
13 13
14 14
15 15
16 16
17 17
18 18
19 19
20 20
21 21
22 22
23 23
24 24
25 25
26 26
27 27
28 28
29 29
30 30
31 31
32 32
33 33
34 34
35 35
36 36
37 37
38 38
39 39
40 40
41 41
42 42
43 43
44 44
45 45
46 46
47 47
48 48
49 49
50 50
51 51
52 52
53 53
54 54
55 55
56 56
57 57
58 58
59 59
60 60
61 61
62 62
63 63
64 64
65 65
66 66
67 67
68 68
69 69
70 70
71 71
72 72
73 73
74 74
75 75
76 76
77 77
78 78
79 79
80 80
81 81
82 82
83 83
84 84
85 85
86 86
87 87
88 88
89 89
90 90
91 91
92 92
93 93
94 94
95 95
96 96
97 97
98 98
99 99
100 100
101 101
102 102
103 103
104 104
105 105
106 106
107 107
108 108
109 109
110 110
111 111
112 112
113 113
114 114
115 115
116 116
117 117
118 118
119 119
120 120
121 121
122 122
123 123
124 124
125 125
126 126
127 127
128 128
129 129
130 130
131 131
132 132
133 133
134 134
135 135
136 136
137 137
138 138
139 139
140 140
141 141
142 142
143 143
144 144
145 145
146 146
147 147
148 148
149 149
150 150
151 151
152 152
153 153
154 154
155 155
156 156
157 157
158 158
159 159
160 160
161 161
162 162
163 163
164 164
165 165
166 166
167 167
168 168

Molecules

1 1
2 1
3 1
4 1
5 1
6 1
7 1
8 1
9 1
10 1
11 1
12 1
13 1
14 1
15 1
16 1
17 1
18 1
19 1
20 1
21 1
22 1
23 1
24 1
25 1
26 1
27 1
28 1
29 1
30 1
31 1
32 1
33 1
34 1
35 1
36 1
37 1
38 1
39 1
40 1
41 1
42 1
43 1
44 1
45 1
46 1
47 1
48 1
49 1
50 1
51 1
52 1
53 1
54 1
55 1
56 1
57 1
58 1
59 1
60 1
61 1
62 1
63 1
64 1
65 1
66 1
67 1
68 1
69 1
70 1
71 1
72 1
73 1
74 1
75 1
76 1
77 1
78 1
79 1
80 1
81 1
82 1
83 1
84 1
85 1
86 1
87 1
88 1
89 1
90 1
91 1
92 1
93 1
94 1
95 1
96 1
97 1
98 1
99 1
100 1
101 1
102 1
103 1
104 1
105 1
106 1
107 1
108 1
109 1
110 1
111 1
112 1
113 1
114 1
115 1
116 1
117 1
118 1
119 1
120 1
121 1
122 1
123 1
124 1
125 1
126 1
127 1
128 1
129 1
130 1
131 1
132 1
133 1
134 1
135 1
136 1
137 1
138 1
139 1
140 1
141 1
142 1
143 1
144 1
145 1
146 1
147 1
148 1
149 1
150 1
151 1
152 1
153 1
154 1
155 1
156 1
157 1
158 1
159 1
160 1
161 1
162 1
163 1
164 1
165 1
166 1
167 1
168 1

Bonds

1 1 1 2 
2 2 2 3 
3 3 3 4 
4 4 4 5 
5 5 5 6 
6 6 6 7 
7 7 7 8 
8 8 8 9 
9 9 9 10 
10 10 10 11 
11 11 11 12 
12 12 12 13 
13 13 13 14 
14 14 14 15 
15 15 15 16 
16 16 16 17 
17 17 17 18 
18 18 18 19 
19 19 19 20 
20 20 20 21 
21 21 21 22 
22 22 22 23 
23 23 23 24 
24 24 24 25 
25 25 25 26 
26 26 26 27 
27 27 27 28 
28 28 28 29 
29 29 29 30 
30 30 30 31 
31 31 31 32 
32 32 32 33 
33 33 33 34 
34 34 34 35 
35 35 35 36 
36 36 36 37 
37 37 37 38 
38 38 38 39 
39 39 39 40 
40 40 40 41 
41 41 41 42 
42 42 42 43 
43 43 43 44 
44 44 44 45 
45 45 45 46 
46 46 46 47 
47 47 47 48 
48 48 48 49 
49 49 49 50 
50 50 50 51 
51 51 51 52 
52 52 52 53 
53 53 53 54 
54 54 54 55 
55 55 55 56 
56 56 56 57 
57 57 57 58 
58 58 58 59 
59 59 59 60 
60 60 60 61 
61 61 61 62 
62 62 62 63 
63 63 63 64 
64 64 64 65 
65 65 65 66 
66 66 66 67 
67 67 67 68 
68 68 68 69 
69 69 69 70 
70 70 70 71 
71 71 71 72 
72 72 72 73 
73 73 73 74 
74 74 74 75 
75 75 75 76 
76 76 76 77 
77 77 77 78 
78 78 78 79 
79 79 79 80 
80 80 80 81 
81 81 81 82 
82 82 82 83 
83 83 83 84 
84 84 84 85 
85 85 85 86 
86 86 86 87 
87 87 87 88 
88 88 88 89 
89 89 89 90 
90 90 90 91 
91 91 91 92 
92 92 92 93 
93 93 93 94 
94 94 94 95 
95 95 95 96 
96 96 96 97 
97 97 97 98 
98 98 98 99 
99 99 99 100 
100 100 100 101 
101 101 101 102 
102 102 102 103 
103 103 103 104 
104 104 104 105 
105 105 105 106 
106 106 106 107 
107 107 107 108 
108 108 108 109 
109 109 109 110 
110 110 110 111 
111 111 111 112 
112 112 112 113 
113 113 113 114 
114 114 114 115 
115 115 115 116 
116 116 116 117 
117 117 117 118 
118 118 118 119 
119 119 119 120 
120 120 120 121 
121 121 121 122 
122 122 122 123 
123 123 123 124 
124 124 124 125 
125 125 125 126 
126 126 126 127 
127 127 127 128 
128 128 128 129 
129 129 129 130 
130 130 130 131 
131 131 131 132 
132 132 132 133 
133 133 133 134 
134 134 134 135 
135 135 135 136 
136 136 136 137 
137 137 137 138 
138 138 138 139 
139 139 139 140 
140 140 140 141 
141 141 141 142 
142 142 142 143 
143 143 143 144 
144 144 144 145 
145 145 145 146 
146 146 146 147 
147 147 147 148 
148 148 148 149 
149 149 149 150 
150 150 150 151 
151 151 151 152 
152 152 152 153 
153 153 153 154 
154 154 154 155 
155 155 155 156 
156 156 156 157 
157 157 157 158 
158 158 158 159 
159 159 159 160 
160 160 160 161 
161 161 161 162 
162 162 162 163 
163 163 163 164 
164 164 164 165 
165 165 165 166 
166 166 166 167 
167 167 167 168 

Angles

1 1 1 2 3 
2 2 2 3 4 
3 3 3 4 5 
4 4 4 5 6 
5 5 5 6 7 
6 6 6 7 8 
7 7 7 8 9 
8 8 8 9 10 
9 9 9 10 11 
10 10 10 11 12 
11 11 11 12 13 
12 12 12 13 14 
13 13 13 14 15 
14 14 14 15 16 
15 15 15 16 17 
16 16 16 17 18 
17 17 17 18 19 
18 18 18 19 20 
19 19 19 20 21 
20 20 20 21 22 
21 21 21 22 23 
22 22 22 23 24 
23 23 23 24 25 
24 24 24 25 26 
25 25 25 26 27 
26 26 26 27 28 
27 27 27 28 29 
28 28 28 29 30 
29 29 29 30 31 
30 30 30 31 32 
31 31 31 32 33 
32 32 32 33 34 
33 33 33 34 35 
34 34 34 35 36 
35 35 35 36 37 
36 36 36 37 38 
37 37 37 38 39 
38 38 38 39 40 
39 39 39 40 41 
40 40 40 41 42 
41 41 41 42 43 
42 42 42 43 44 
43 43 43 44 45 
44 44 44 45 46 
45 45 45 46 47 
46 46 46 47 48 
47 47 47 48 49 
48 48 48 49 50 
49 49 49 50 51 
50 50 50 51 52 
51 51 51 52 53 
52 52 52 53 54 
53 53 53 54 55 
54 54 54 55 56 
55 55 55 56 57 
56 56 56 57 58 
57 57 57 58 59 
58 58 58 59 60 
59 59 59 60 61 
60 60 60 61 62 
61 61 61 62 63 
62 62 62 63 64 
63 63 63 64 65 
64 64 64 65 66 
65 65 65 66 67 
66 66 66 67 68 
67 67 67 68 69 
68 68 68 69 70 
69 69 69 70 71 
70 70 70 71 72 
71 71 71 72 73 
72 72 72 73 74 
73 73 73 74 75 
74 74 74 75 76 
75 75 75 76 77 
76 76 76 77 78 
77 77 77 78 79 
78 78 78 79 80 
79 79 79 80 81 
80 80 80 81 82 
81 81 81 82 83 
82 82 82 83 84 
83 83 83 84 85 
84 84 84 85 86 
85 85 85 86 87 
86 86 86 87 88 
87 87 87 88 89 
88 88 88 89 90 
89 89 89 90 91 
90 90 90 91 92 
91 91 91 92 93 
92 92 92 93 94 
93 93 93 94 95 
94 94 94 95 96 
95 95 95 96 97 
96 96 96 97 98 
97 97 97 98 99 
98 98 98 99 100 
99 99 99 100 101 
100 100 100 101 102 
101 101 101 102 103 
102 102 102 103 104 
103 103 103 104 105 
104 104 104 105 106 
105 105 105 106 107 
106 106 106 107 108 
107 107 107 108 109 
108 108 108 109 110 
109 109 109 110 111 
110 110 110 111 112 
111 111 111 112 113 
112 112 112 113 114 
113 113 113 114 115 
114 114 114 115 116 
115 115 115 116 117 
116 116 116 117 118 
117 117 117 118 119 
118 118 118 119 120 
119 119 119 120 121 
120 120 120 121 122 
121 121 121 122 123 
122 122 122 123 124 
123 123 123 124 125 
124 124 124 125 126 
125 125 125 126 127 
126 126 126 127 128 
127 127 127 128 129 
128 128 128 129 130 
129 129 129 130 131 
130 130 130 131 132 
131 131 131 132 133 
132 132 132 133 134 
133 133 133 134 135 
134 134 134 135 136 
135 135 135 136 137 
136 136 136 137 138 
137 137 137 138 139 
138 138 138 139 140 
139 139 139 140 141 
140 140 140 141 142 
141 141 141 142 143 
142 142 142 143 144 
143 143 143 144 145 
144 144 144 145 146 
145 145 145 146 147 
146 146 146 147 148 
147 147 147 148 149 
148 148 148 149 150 
149 149 149 150 151 
150 150 150 151 152 
151 151 151 152 153 
152 152 152 153 154 
153 153 153 154 155 
154 154 154 155 156 
155 155 155 156 157 
156 156 156 157 158 
157 157 157 158 159 
158 158 158 159 160 
159 159 159 160 161 
160 160 160 161 162 
161 161 161 162 163 
162 162 162 163 164 
163 163 163 164 165 
164 164 164 165 166 
165 165 165 166 167 
166 166 166 167 168 
