# Minimized Production Model for dispRatio of 0.01

42 atoms
41 bonds
40 angles
0 dihedrals
0 impropers


Coords

1 -1.51708 -20.7746 -83.5037
2 16.0939 -13.5429 -63.8595
3 33.4796 -6.28972 -44.0244
4 50.3995 1.0212 -23.8109
5 66.5947 8.42114 -3.04415
6 81.7823 15.9321 18.4316
7 95.6575 23.5586 40.7372
8 107.888 31.2733 63.9552
9 118.116 39.0463 88.1033
10 125.955 46.828 113.125
11 131.022 54.5334 138.874
12 132.945 62.0444 165.101
13 131.383 69.2142 191.448
14 126.066 75.8686 217.436
15 116.819 81.8112 242.475
16 103.599 86.8229 265.882
17 86.539 90.696 286.899
18 65.9827 93.2473 304.748
19 42.4894 94.337 318.695
20 16.8282 93.8705 328.121
21 -10.0673 91.8252 332.596
22 -37.1662 88.2539 331.918
23 -63.4213 83.2893 326.122
24 -87.8475 77.1259 315.493
25 -109.591 70.0087 300.52
26 -127.977 62.2063 281.847
27 -142.544 53.9833 260.216
28 -153.041 45.5903 236.401
29 -159.423 37.264 211.146
30 -161.81 29.1866 185.128
31 -160.452 21.4968 158.918
32 -155.686 14.2981 132.966
33 -147.895 7.64675 107.606
34 -137.483 1.5545 83.0577
35 -124.845 -3.99158 59.4418
36 -110.357 -9.02631 36.7929
37 -94.3557 -13.5973 15.0828
38 -77.1495 -17.7713 -5.76904
39 -59.0167 -21.6156 -25.8867
40 -40.2126 -25.2056 -45.4273
41 -20.9712 -28.6335 -64.567
42 -1.51708 -31.988 -83.5037

Types

1 1
2 2
3 3
4 4
5 5
6 6
7 7
8 8
9 9
10 10
11 11
12 12
13 13
14 14
15 15
16 16
17 17
18 18
19 19
20 20
21 21
22 22
23 23
24 24
25 25
26 26
27 27
28 28
29 29
30 30
31 31
32 32
33 33
34 34
35 35
36 36
37 37
38 38
39 39
40 40
41 41
42 42

Molecules

1 1
2 1
3 1
4 1
5 1
6 1
7 1
8 1
9 1
10 1
11 1
12 1
13 1
14 1
15 1
16 1
17 1
18 1
19 1
20 1
21 1
22 1
23 1
24 1
25 1
26 1
27 1
28 1
29 1
30 1
31 1
32 1
33 1
34 1
35 1
36 1
37 1
38 1
39 1
40 1
41 1
42 1

Bonds

1 1 1 2 
2 2 2 3 
3 3 3 4 
4 4 4 5 
5 5 5 6 
6 6 6 7 
7 7 7 8 
8 8 8 9 
9 9 9 10 
10 10 10 11 
11 11 11 12 
12 12 12 13 
13 13 13 14 
14 14 14 15 
15 15 15 16 
16 16 16 17 
17 17 17 18 
18 18 18 19 
19 19 19 20 
20 20 20 21 
21 21 21 22 
22 22 22 23 
23 23 23 24 
24 24 24 25 
25 25 25 26 
26 26 26 27 
27 27 27 28 
28 28 28 29 
29 29 29 30 
30 30 30 31 
31 31 31 32 
32 32 32 33 
33 33 33 34 
34 34 34 35 
35 35 35 36 
36 36 36 37 
37 37 37 38 
38 38 38 39 
39 39 39 40 
40 40 40 41 
41 41 41 42 

Angles

1 1 1 2 3 
2 2 2 3 4 
3 3 3 4 5 
4 4 4 5 6 
5 5 5 6 7 
6 6 6 7 8 
7 7 7 8 9 
8 8 8 9 10 
9 9 9 10 11 
10 10 10 11 12 
11 11 11 12 13 
12 12 12 13 14 
13 13 13 14 15 
14 14 14 15 16 
15 15 15 16 17 
16 16 16 17 18 
17 17 17 18 19 
18 18 18 19 20 
19 19 19 20 21 
20 20 20 21 22 
21 21 21 22 23 
22 22 22 23 24 
23 23 23 24 25 
24 24 24 25 26 
25 25 25 26 27 
26 26 26 27 28 
27 27 27 28 29 
28 28 28 29 30 
29 29 29 30 31 
30 30 30 31 32 
31 31 31 32 33 
32 32 32 33 34 
33 33 33 34 35 
34 34 34 35 36 
35 35 35 36 37 
36 36 36 37 38 
37 37 37 38 39 
38 38 38 39 40 
39 39 39 40 41 
40 40 40 41 42 
