# Minimized Production Model for dispRatio of 0.04

84 atoms
83 bonds
82 angles
0 dihedrals
0 impropers


Coords

1 -0.0130603 -375.408 -11.8584
2 -0.0101601 -364.722 -3.58053
3 -0.00469148 -354.021 4.67841
4 -0.000277606 -343.29 12.8984
5 0.00023595 -332.514 21.0589
6 -0.00317654 -321.678 29.1399
7 -0.0108907 -310.767 37.1175
8 -0.0214856 -299.764 44.9701
9 -0.0338369 -288.654 52.6676
10 -0.0455905 -277.42 60.1844
11 -0.054344 -266.049 67.4893
12 -0.0591126 -254.524 74.5511
13 -0.060095 -242.834 81.3365
14 -0.0577916 -230.968 87.8081
15 -0.0548457 -218.917 93.9293
16 -0.0527348 -206.676 99.66
17 -0.0501783 -194.241 104.958
18 -0.046904 -181.614 109.781
19 -0.0436519 -168.801 114.082
20 -0.0400902 -155.811 117.811
21 -0.0367437 -142.658 120.916
22 -0.036362 -129.363 123.342
23 -0.0386325 -115.956 125.03
24 -0.0425256 -102.473 125.924
25 -0.0452375 -88.9618 125.963
26 -0.0463867 -75.4798 125.089
27 -0.0487381 -62.0956 123.252
28 -0.0535701 -48.8889 120.409
29 -0.0595778 -35.9537 116.521
30 -0.0647329 -23.3926 111.557
31 -0.0661426 -11.3189 105.506
32 -0.0620206 0.146896 98.3712
33 -0.0510191 10.8765 90.1729
34 -0.0337016 20.7406 80.9533
35 -0.0164049 29.6126 70.7763
36 -0.00235286 37.3712 59.7283
37 0.0073412 43.9052 47.9158
38 0.013885 49.1159 35.4639
39 0.0160439 52.9223 22.5142
40 0.0132781 55.2668 9.22234
41 0.00906261 56.1147 -4.24729
42 0.00643584 55.4549 -17.728
43 0.00539896 53.3003 -31.0512
44 0.00628996 49.6884 -44.0564
45 0.00889665 44.6811 -56.5908
46 0.0120068 38.3628 -68.5195
47 0.0165593 30.8309 -79.7231
48 0.022707 22.1975 -90.103
49 0.0296259 12.5829 -99.5836
50 0.0363714 2.11243 -108.111
51 0.0426631 -9.09208 -115.653
52 0.0466503 -20.9102 -122.195
53 0.0514787 -33.2299 -127.739
54 0.0585981 -45.9472 -132.299
55 0.0660025 -58.9695 -135.901
56 0.0704171 -72.2131 -138.58
57 0.070194 -85.6063 -140.377
58 0.0645183 -99.0866 -141.335
59 0.0529148 -112.6 -141.5
60 0.0403907 -126.102 -140.923
61 0.0306008 -139.557 -139.658
62 0.0235802 -152.938 -137.753
63 0.0188812 -166.222 -135.255
64 0.0184833 -179.393 -132.212
65 0.022588 -192.44 -128.674
66 0.0301828 -205.355 -124.683
67 0.0392359 -218.136 -120.28
68 0.0461136 -230.784 -115.506
69 0.0491986 -243.303 -110.402
70 0.0492998 -255.695 -105.002
71 0.0467658 -267.97 -99.3377
72 0.0418378 -280.131 -93.436
73 0.0341498 -292.187 -87.3214
74 0.0225327 -304.148 -81.0214
75 0.0103319 -316.019 -74.5565
76 0.00126588 -327.808 -67.9424
77 -0.0048985 -339.526 -61.2034
78 -0.00988595 -351.18 -54.3554
79 -0.0117395 -362.78 -47.4137
80 -0.0132213 -374.332 -40.3952
81 -0.0152452 -385.848 -33.3147
82 -0.0163144 -397.336 -26.1894
83 -0.0161453 -408.804 -19.0323
84 -0.0130603 -420.262 -11.8584

Types

1 1
2 2
3 3
4 4
5 5
6 6
7 7
8 8
9 9
10 10
11 11
12 12
13 13
14 14
15 15
16 16
17 17
18 18
19 19
20 20
21 21
22 22
23 23
24 24
25 25
26 26
27 27
28 28
29 29
30 30
31 31
32 32
33 33
34 34
35 35
36 36
37 37
38 38
39 39
40 40
41 41
42 42
43 43
44 44
45 45
46 46
47 47
48 48
49 49
50 50
51 51
52 52
53 53
54 54
55 55
56 56
57 57
58 58
59 59
60 60
61 61
62 62
63 63
64 64
65 65
66 66
67 67
68 68
69 69
70 70
71 71
72 72
73 73
74 74
75 75
76 76
77 77
78 78
79 79
80 80
81 81
82 82
83 83
84 84

Molecules

1 1
2 1
3 1
4 1
5 1
6 1
7 1
8 1
9 1
10 1
11 1
12 1
13 1
14 1
15 1
16 1
17 1
18 1
19 1
20 1
21 1
22 1
23 1
24 1
25 1
26 1
27 1
28 1
29 1
30 1
31 1
32 1
33 1
34 1
35 1
36 1
37 1
38 1
39 1
40 1
41 1
42 1
43 1
44 1
45 1
46 1
47 1
48 1
49 1
50 1
51 1
52 1
53 1
54 1
55 1
56 1
57 1
58 1
59 1
60 1
61 1
62 1
63 1
64 1
65 1
66 1
67 1
68 1
69 1
70 1
71 1
72 1
73 1
74 1
75 1
76 1
77 1
78 1
79 1
80 1
81 1
82 1
83 1
84 1

Bonds

1 1 1 2 
2 2 2 3 
3 3 3 4 
4 4 4 5 
5 5 5 6 
6 6 6 7 
7 7 7 8 
8 8 8 9 
9 9 9 10 
10 10 10 11 
11 11 11 12 
12 12 12 13 
13 13 13 14 
14 14 14 15 
15 15 15 16 
16 16 16 17 
17 17 17 18 
18 18 18 19 
19 19 19 20 
20 20 20 21 
21 21 21 22 
22 22 22 23 
23 23 23 24 
24 24 24 25 
25 25 25 26 
26 26 26 27 
27 27 27 28 
28 28 28 29 
29 29 29 30 
30 30 30 31 
31 31 31 32 
32 32 32 33 
33 33 33 34 
34 34 34 35 
35 35 35 36 
36 36 36 37 
37 37 37 38 
38 38 38 39 
39 39 39 40 
40 40 40 41 
41 41 41 42 
42 42 42 43 
43 43 43 44 
44 44 44 45 
45 45 45 46 
46 46 46 47 
47 47 47 48 
48 48 48 49 
49 49 49 50 
50 50 50 51 
51 51 51 52 
52 52 52 53 
53 53 53 54 
54 54 54 55 
55 55 55 56 
56 56 56 57 
57 57 57 58 
58 58 58 59 
59 59 59 60 
60 60 60 61 
61 61 61 62 
62 62 62 63 
63 63 63 64 
64 64 64 65 
65 65 65 66 
66 66 66 67 
67 67 67 68 
68 68 68 69 
69 69 69 70 
70 70 70 71 
71 71 71 72 
72 72 72 73 
73 73 73 74 
74 74 74 75 
75 75 75 76 
76 76 76 77 
77 77 77 78 
78 78 78 79 
79 79 79 80 
80 80 80 81 
81 81 81 82 
82 82 82 83 
83 83 83 84 

Angles

1 1 1 2 3 
2 2 2 3 4 
3 3 3 4 5 
4 4 4 5 6 
5 5 5 6 7 
6 6 6 7 8 
7 7 7 8 9 
8 8 8 9 10 
9 9 9 10 11 
10 10 10 11 12 
11 11 11 12 13 
12 12 12 13 14 
13 13 13 14 15 
14 14 14 15 16 
15 15 15 16 17 
16 16 16 17 18 
17 17 17 18 19 
18 18 18 19 20 
19 19 19 20 21 
20 20 20 21 22 
21 21 21 22 23 
22 22 22 23 24 
23 23 23 24 25 
24 24 24 25 26 
25 25 25 26 27 
26 26 26 27 28 
27 27 27 28 29 
28 28 28 29 30 
29 29 29 30 31 
30 30 30 31 32 
31 31 31 32 33 
32 32 32 33 34 
33 33 33 34 35 
34 34 34 35 36 
35 35 35 36 37 
36 36 36 37 38 
37 37 37 38 39 
38 38 38 39 40 
39 39 39 40 41 
40 40 40 41 42 
41 41 41 42 43 
42 42 42 43 44 
43 43 43 44 45 
44 44 44 45 46 
45 45 45 46 47 
46 46 46 47 48 
47 47 47 48 49 
48 48 48 49 50 
49 49 49 50 51 
50 50 50 51 52 
51 51 51 52 53 
52 52 52 53 54 
53 53 53 54 55 
54 54 54 55 56 
55 55 55 56 57 
56 56 56 57 58 
57 57 57 58 59 
58 58 58 59 60 
59 59 59 60 61 
60 60 60 61 62 
61 61 61 62 63 
62 62 62 63 64 
63 63 63 64 65 
64 64 64 65 66 
65 65 65 66 67 
66 66 66 67 68 
67 67 67 68 69 
68 68 68 69 70 
69 69 69 70 71 
70 70 70 71 72 
71 71 71 72 73 
72 72 72 73 74 
73 73 73 74 75 
74 74 74 75 76 
75 75 75 76 77 
76 76 76 77 78 
77 77 77 78 79 
78 78 78 79 80 
79 79 79 80 81 
80 80 80 81 82 
81 81 81 82 83 
82 82 82 83 84 
