# Minimized Production Model for dispRatio of 0.85

42 atoms
41 bonds
40 angles
0 dihedrals
0 impropers


Coords

1 -1.51708 450.189 -83.5037
2 2.15628 433.623 -62.0586
3 5.82694 416.908 -40.7289
4 9.4815 399.887 -19.6401
5 13.1008 382.401 1.07111
6 16.6691 364.31 21.264
7 20.1771 345.495 40.7945
8 23.6135 325.86 59.5144
9 26.9583 305.337 77.2722
10 30.1923 283.879 93.9127
11 33.3012 261.471 109.273
12 36.2661 238.125 123.199
13 39.0586 213.894 135.558
14 41.6419 188.857 146.245
15 43.9832 163.119 155.178
16 46.0612 136.797 162.293
17 47.8616 110.023 167.558
18 49.3648 82.9338 170.973
19 50.5506 55.66 172.572
20 51.4036 28.3281 172.416
21 51.9082 1.04855 170.578
22 52.0533 -26.0808 167.142
23 51.8403 -52.9766 162.204
24 51.2807 -79.5744 155.87
25 50.3857 -105.824 148.253
26 49.1653 -131.691 139.465
27 47.6383 -157.159 129.622
28 45.8231 -182.224 118.833
29 43.7282 -206.886 107.201
30 41.3572 -231.154 94.8174
31 38.727 -255.045 81.7727
32 35.8697 -278.594 68.1651
33 32.8087 -301.842 54.0889
34 29.5524 -324.823 39.6232
35 26.11 -347.569 24.8329
36 22.4997 -370.111 9.77615
37 18.7425 -392.487 -5.49374
38 14.8533 -414.727 -20.9279
39 10.8492 -436.863 -36.4824
40 6.76288 -458.926 -52.1177
41 2.63194 -480.947 -67.8006
42 -1.51708 -502.951 -83.5037

Types

1 1
2 2
3 3
4 4
5 5
6 6
7 7
8 8
9 9
10 10
11 11
12 12
13 13
14 14
15 15
16 16
17 17
18 18
19 19
20 20
21 21
22 22
23 23
24 24
25 25
26 26
27 27
28 28
29 29
30 30
31 31
32 32
33 33
34 34
35 35
36 36
37 37
38 38
39 39
40 40
41 41
42 42

Molecules

1 1
2 1
3 1
4 1
5 1
6 1
7 1
8 1
9 1
10 1
11 1
12 1
13 1
14 1
15 1
16 1
17 1
18 1
19 1
20 1
21 1
22 1
23 1
24 1
25 1
26 1
27 1
28 1
29 1
30 1
31 1
32 1
33 1
34 1
35 1
36 1
37 1
38 1
39 1
40 1
41 1
42 1

Bonds

1 1 1 2 
2 2 2 3 
3 3 3 4 
4 4 4 5 
5 5 5 6 
6 6 6 7 
7 7 7 8 
8 8 8 9 
9 9 9 10 
10 10 10 11 
11 11 11 12 
12 12 12 13 
13 13 13 14 
14 14 14 15 
15 15 15 16 
16 16 16 17 
17 17 17 18 
18 18 18 19 
19 19 19 20 
20 20 20 21 
21 21 21 22 
22 22 22 23 
23 23 23 24 
24 24 24 25 
25 25 25 26 
26 26 26 27 
27 27 27 28 
28 28 28 29 
29 29 29 30 
30 30 30 31 
31 31 31 32 
32 32 32 33 
33 33 33 34 
34 34 34 35 
35 35 35 36 
36 36 36 37 
37 37 37 38 
38 38 38 39 
39 39 39 40 
40 40 40 41 
41 41 41 42 

Angles

1 1 1 2 3 
2 2 2 3 4 
3 3 3 4 5 
4 4 4 5 6 
5 5 5 6 7 
6 6 6 7 8 
7 7 7 8 9 
8 8 8 9 10 
9 9 9 10 11 
10 10 10 11 12 
11 11 11 12 13 
12 12 12 13 14 
13 13 13 14 15 
14 14 14 15 16 
15 15 15 16 17 
16 16 16 17 18 
17 17 17 18 19 
18 18 18 19 20 
19 19 19 20 21 
20 20 20 21 22 
21 21 21 22 23 
22 22 22 23 24 
23 23 23 24 25 
24 24 24 25 26 
25 25 25 26 27 
26 26 26 27 28 
27 27 27 28 29 
28 28 28 29 30 
29 29 29 30 31 
30 30 30 31 32 
31 31 31 32 33 
32 32 32 33 34 
33 33 33 34 35 
34 34 34 35 36 
35 35 35 36 37 
36 36 36 37 38 
37 37 37 38 39 
38 38 38 39 40 
39 39 39 40 41 
40 40 40 41 42 
