# Minimized Production Model for dispRatio of 0.03

42 atoms
41 bonds
40 angles
0 dihedrals
0 impropers


Coords

1 -1.51708 -9.56119 -83.5037
2 -19.9381 -11.5371 -63.2922
3 -37.4663 -13.6661 -42.3179
4 -53.1386 -16.0422 -19.9467
5 -65.8498 -18.7216 4.1949
6 -74.3715 -21.6561 30.085
7 -77.4966 -24.6314 57.1543
8 -74.2896 -27.3428 84.2423
9 -64.313 -29.3755 109.692
10 -47.8749 -30.2337 131.612
11 -26.1071 -29.521 148.262
12 -0.746733 -26.9502 158.36
13 26.1337 -22.3658 161.259
14 52.4238 -15.8285 156.996
15 76.2113 -7.52515 146.157
16 95.8525 2.23277 129.686
17 110.032 12.9687 108.806
18 117.752 24.1119 84.9648
19 118.318 34.9573 59.7839
20 111.458 44.6333 35.0641
21 97.4328 52.2082 12.7604
22 77.1852 56.76 -5.14264
23 52.4421 57.4807 -16.9024
24 25.6357 53.8781 -21.2892
25 -0.369756 45.9297 -17.9272
26 -22.7246 34.0515 -7.44514
27 -39.0536 19.0469 8.65259
28 -47.7764 1.93308 28.1975
29 -48.1794 -16.2733 48.6797
30 -40.3522 -34.5735 67.5199
31 -25.1319 -52.0211 82.1846
32 -4.14372 -67.6608 90.2961
33 20.1001 -80.4166 89.966
34 44.1587 -89.2231 80.2817
35 64.0695 -93.3327 61.9388
36 76.3933 -92.6203 37.4989
37 79.3266 -87.812 10.6999
38 73.179 -80.2325 -14.8964
39 59.8334 -71.2359 -37.0778
40 41.6374 -61.8105 -55.2918
41 20.662 -52.4412 -70.2711
42 -1.51708 -43.2014 -83.5037

Types

1 1
2 2
3 3
4 4
5 5
6 6
7 7
8 8
9 9
10 10
11 11
12 12
13 13
14 14
15 15
16 16
17 17
18 18
19 19
20 20
21 21
22 22
23 23
24 24
25 25
26 26
27 27
28 28
29 29
30 30
31 31
32 32
33 33
34 34
35 35
36 36
37 37
38 38
39 39
40 40
41 41
42 42

Molecules

1 1
2 1
3 1
4 1
5 1
6 1
7 1
8 1
9 1
10 1
11 1
12 1
13 1
14 1
15 1
16 1
17 1
18 1
19 1
20 1
21 1
22 1
23 1
24 1
25 1
26 1
27 1
28 1
29 1
30 1
31 1
32 1
33 1
34 1
35 1
36 1
37 1
38 1
39 1
40 1
41 1
42 1

Bonds

1 1 1 2 
2 2 2 3 
3 3 3 4 
4 4 4 5 
5 5 5 6 
6 6 6 7 
7 7 7 8 
8 8 8 9 
9 9 9 10 
10 10 10 11 
11 11 11 12 
12 12 12 13 
13 13 13 14 
14 14 14 15 
15 15 15 16 
16 16 16 17 
17 17 17 18 
18 18 18 19 
19 19 19 20 
20 20 20 21 
21 21 21 22 
22 22 22 23 
23 23 23 24 
24 24 24 25 
25 25 25 26 
26 26 26 27 
27 27 27 28 
28 28 28 29 
29 29 29 30 
30 30 30 31 
31 31 31 32 
32 32 32 33 
33 33 33 34 
34 34 34 35 
35 35 35 36 
36 36 36 37 
37 37 37 38 
38 38 38 39 
39 39 39 40 
40 40 40 41 
41 41 41 42 

Angles

1 1 1 2 3 
2 2 2 3 4 
3 3 3 4 5 
4 4 4 5 6 
5 5 5 6 7 
6 6 6 7 8 
7 7 7 8 9 
8 8 8 9 10 
9 9 9 10 11 
10 10 10 11 12 
11 11 11 12 13 
12 12 12 13 14 
13 13 13 14 15 
14 14 14 15 16 
15 15 15 16 17 
16 16 16 17 18 
17 17 17 18 19 
18 18 18 19 20 
19 19 19 20 21 
20 20 20 21 22 
21 21 21 22 23 
22 22 22 23 24 
23 23 23 24 25 
24 24 24 25 26 
25 25 25 26 27 
26 26 26 27 28 
27 27 27 28 29 
28 28 28 29 30 
29 29 29 30 31 
30 30 30 31 32 
31 31 31 32 33 
32 32 32 33 34 
33 33 33 34 35 
34 34 34 35 36 
35 35 35 36 37 
36 36 36 37 38 
37 37 37 38 39 
38 38 38 39 40 
39 39 39 40 41 
40 40 40 41 42 
