# Minimized Production Model for dispRatio of 0.90

168 atoms
167 bonds
166 angles
0 dihedrals
0 impropers


Coords

1 128.96 307.793 9.69175
2 126.748 301.541 8.95919
3 124.519 295.293 8.23958
4 122.259 289.054 7.54615
5 119.954 282.827 6.89201
6 117.589 276.618 6.29035
7 115.152 270.43 5.75366
8 112.632 264.27 5.29308
9 110.015 258.145 4.91864
10 107.292 252.061 4.63874
11 104.452 246.027 4.46072
12 101.489 240.051 4.39085
13 98.3937 234.142 4.43395
14 95.1638 228.309 4.59354
15 91.7963 222.558 4.87096
16 88.2899 216.898 5.26584
17 84.6449 211.336 5.77564
18 80.8622 205.877 6.39578
19 76.9438 200.527 7.12015
20 72.8931 195.29 7.94078
21 68.7148 190.169 8.84891
22 64.4148 185.163 9.83408
23 60.0006 180.271 10.8847
24 55.4799 175.489 11.9883
25 50.8608 170.811 13.1311
26 46.1515 166.229 14.2994
27 41.3606 161.735 15.4784
28 36.4967 157.319 16.6535
29 31.5693 152.967 17.8097
30 26.5885 148.667 18.9319
31 21.5652 144.402 20.0054
32 16.5114 140.158 21.0158
33 11.4396 135.916 21.9491
34 6.36308 131.661 22.7928
35 1.29555 127.377 23.5344
36 -3.74826 123.046 24.1625
37 -8.75264 118.655 24.6666
38 -13.7008 114.187 25.0366
39 -18.5745 109.629 25.2646
40 -23.3545 104.967 25.3437
41 -28.0201 100.192 25.2694
42 -32.55 95.2912 25.0387
43 -36.9223 90.2591 24.6503
44 -41.1151 85.0905 24.1046
45 -45.107 79.7832 23.4034
46 -48.8769 74.3373 22.5505
47 -52.4039 68.7552 21.5519
48 -55.6684 63.0412 20.4154
49 -58.6514 57.2014 19.151
50 -61.3357 51.2442 17.77
51 -63.7062 45.1796 16.2857
52 -65.751 39.0193 14.7113
53 -67.4612 32.7767 13.0612
54 -68.8314 26.4657 11.3506
55 -69.8592 20.1011 9.59517
56 -70.545 13.6974 7.81142
57 -70.8919 7.26873 6.0155
58 -70.9048 0.828943 4.22314
59 -70.5911 -5.60913 2.44962
60 -69.9608 -12.0335 0.70869
61 -69.0273 -18.4341 -0.986607
62 -67.8061 -24.8022 -2.62451
63 -66.3152 -31.1311 -4.1943
64 -64.5732 -37.4157 -5.6859
65 -62.5989 -43.6524 -7.09129
66 -60.4109 -49.8389 -8.40376
67 -58.0275 -55.9741 -9.61808
68 -55.4674 -62.0581 -10.7305
69 -52.7496 -68.0928 -11.7379
70 -49.8937 -74.0814 -12.6386
71 -46.9194 -80.0283 -13.4316
72 -43.8457 -85.9388 -14.117
73 -40.6904 -91.8182 -14.6962
74 -37.4696 -97.6721 -15.171
75 -34.1983 -103.506 -15.545
76 -30.8907 -109.325 -15.8216
77 -27.5604 -115.136 -16.0041
78 -24.2206 -120.944 -16.0964
79 -20.8834 -126.754 -16.1027
80 -17.5606 -132.572 -16.0283
81 -14.2632 -138.404 -15.8788
82 -11.0004 -144.253 -15.6597
83 -7.7801 -150.124 -15.3771
84 -4.60808 -156.018 -15.036
85 -1.4898 -161.938 -14.6423
86 1.56922 -167.886 -14.2012
87 4.56428 -173.864 -13.7182
88 7.48997 -179.872 -13.1993
89 10.3425 -185.914 -12.6491
90 13.1191 -191.988 -12.0729
91 15.819 -198.095 -11.4751
92 18.4429 -204.233 -10.8597
93 20.9916 -210.403 -10.2318
94 23.4655 -216.603 -9.59489
95 25.8649 -222.832 -8.95367
96 28.1899 -229.09 -8.31141
97 30.4412 -235.376 -7.67123
98 32.6204 -241.688 -7.03639
99 34.7295 -248.024 -6.40861
100 36.772 -254.384 -5.79066
101 38.7514 -260.765 -5.18422
102 40.6722 -267.165 -4.59174
103 42.5379 -273.584 -4.01557
104 44.3517 -280.02 -3.45669
105 46.1158 -286.471 -2.91654
106 47.8323 -292.938 -2.3949
107 49.5034 -299.418 -1.89229
108 51.1319 -305.912 -1.40951
109 52.7216 -312.417 -0.947283
110 54.2767 -318.932 -0.506606
111 55.8015 -325.456 -0.0869521
112 57.2995 -331.988 0.312308
113 58.7731 -338.528 0.692026
114 60.2237 -345.073 1.05313
115 61.6529 -351.625 1.39604
116 63.0625 -358.182 1.72153
117 64.4549 -364.745 2.02954
118 65.8325 -371.311 2.32049
119 67.1971 -377.882 2.59491
120 68.5506 -384.456 2.85459
121 69.8942 -391.034 3.10098
122 71.2296 -397.613 3.33541
123 72.5574 -404.194 3.55849
124 73.8776 -410.778 3.77088
125 75.1908 -417.364 3.97324
126 76.4976 -423.951 4.1658
127 77.8001 -430.54 4.35007
128 79.0995 -437.13 4.52636
129 80.3972 -443.721 4.69604
130 81.6933 -450.313 4.85962
131 82.9869 -456.905 5.01775
132 84.2775 -463.499 5.17208
133 85.5631 -470.094 5.32184
134 86.8461 -476.69 5.46876
135 88.1261 -483.287 5.61141
136 89.4043 -489.885 5.7507
137 90.6807 -496.483 5.88749
138 91.9541 -503.082 6.02273
139 93.2219 -509.683 6.15623
140 94.4864 -516.285 6.28839
141 95.7446 -522.888 6.41799
142 97.0001 -529.492 6.54674
143 98.2517 -536.097 6.67432
144 99.5016 -542.703 6.80086
145 100.75 -549.31 6.92562
146 101.999 -555.916 7.04951
147 103.245 -562.523 7.17327
148 104.488 -569.131 7.297
149 105.729 -575.74 7.42043
150 106.967 -582.35 7.54282
151 108.201 -588.96 7.664
152 109.432 -595.572 7.7845
153 110.66 -602.185 7.90433
154 111.888 -608.798 8.02385
155 113.117 -615.41 8.14371
156 114.346 -622.023 8.26412
157 115.572 -628.637 8.38402
158 116.797 -635.251 8.50287
159 118.019 -641.865 8.62197
160 119.24 -648.481 8.74095
161 120.459 -655.096 8.85947
162 121.676 -661.712 8.97792
163 122.896 -668.328 9.0983
164 124.114 -674.944 9.21692
165 125.329 -681.561 9.33556
166 126.542 -688.178 9.45425
167 127.75 -694.796 9.57304
168 128.96 -701.414 9.69175

Types

1 1
2 2
3 3
4 4
5 5
6 6
7 7
8 8
9 9
10 10
11 11
12 12
13 13
14 14
15 15
16 16
17 17
18 18
19 19
20 20
21 21
22 22
23 23
24 24
25 25
26 26
27 27
28 28
29 29
30 30
31 31
32 32
33 33
34 34
35 35
36 36
37 37
38 38
39 39
40 40
41 41
42 42
43 43
44 44
45 45
46 46
47 47
48 48
49 49
50 50
51 51
52 52
53 53
54 54
55 55
56 56
57 57
58 58
59 59
60 60
61 61
62 62
63 63
64 64
65 65
66 66
67 67
68 68
69 69
70 70
71 71
72 72
73 73
74 74
75 75
76 76
77 77
78 78
79 79
80 80
81 81
82 82
83 83
84 84
85 85
86 86
87 87
88 88
89 89
90 90
91 91
92 92
93 93
94 94
95 95
96 96
97 97
98 98
99 99
100 100
101 101
102 102
103 103
104 104
105 105
106 106
107 107
108 108
109 109
110 110
111 111
112 112
113 113
114 114
115 115
116 116
117 117
118 118
119 119
120 120
121 121
122 122
123 123
124 124
125 125
126 126
127 127
128 128
129 129
130 130
131 131
132 132
133 133
134 134
135 135
136 136
137 137
138 138
139 139
140 140
141 141
142 142
143 143
144 144
145 145
146 146
147 147
148 148
149 149
150 150
151 151
152 152
153 153
154 154
155 155
156 156
157 157
158 158
159 159
160 160
161 161
162 162
163 163
164 164
165 165
166 166
167 167
168 168

Molecules

1 1
2 1
3 1
4 1
5 1
6 1
7 1
8 1
9 1
10 1
11 1
12 1
13 1
14 1
15 1
16 1
17 1
18 1
19 1
20 1
21 1
22 1
23 1
24 1
25 1
26 1
27 1
28 1
29 1
30 1
31 1
32 1
33 1
34 1
35 1
36 1
37 1
38 1
39 1
40 1
41 1
42 1
43 1
44 1
45 1
46 1
47 1
48 1
49 1
50 1
51 1
52 1
53 1
54 1
55 1
56 1
57 1
58 1
59 1
60 1
61 1
62 1
63 1
64 1
65 1
66 1
67 1
68 1
69 1
70 1
71 1
72 1
73 1
74 1
75 1
76 1
77 1
78 1
79 1
80 1
81 1
82 1
83 1
84 1
85 1
86 1
87 1
88 1
89 1
90 1
91 1
92 1
93 1
94 1
95 1
96 1
97 1
98 1
99 1
100 1
101 1
102 1
103 1
104 1
105 1
106 1
107 1
108 1
109 1
110 1
111 1
112 1
113 1
114 1
115 1
116 1
117 1
118 1
119 1
120 1
121 1
122 1
123 1
124 1
125 1
126 1
127 1
128 1
129 1
130 1
131 1
132 1
133 1
134 1
135 1
136 1
137 1
138 1
139 1
140 1
141 1
142 1
143 1
144 1
145 1
146 1
147 1
148 1
149 1
150 1
151 1
152 1
153 1
154 1
155 1
156 1
157 1
158 1
159 1
160 1
161 1
162 1
163 1
164 1
165 1
166 1
167 1
168 1

Bonds

1 1 1 2 
2 2 2 3 
3 3 3 4 
4 4 4 5 
5 5 5 6 
6 6 6 7 
7 7 7 8 
8 8 8 9 
9 9 9 10 
10 10 10 11 
11 11 11 12 
12 12 12 13 
13 13 13 14 
14 14 14 15 
15 15 15 16 
16 16 16 17 
17 17 17 18 
18 18 18 19 
19 19 19 20 
20 20 20 21 
21 21 21 22 
22 22 22 23 
23 23 23 24 
24 24 24 25 
25 25 25 26 
26 26 26 27 
27 27 27 28 
28 28 28 29 
29 29 29 30 
30 30 30 31 
31 31 31 32 
32 32 32 33 
33 33 33 34 
34 34 34 35 
35 35 35 36 
36 36 36 37 
37 37 37 38 
38 38 38 39 
39 39 39 40 
40 40 40 41 
41 41 41 42 
42 42 42 43 
43 43 43 44 
44 44 44 45 
45 45 45 46 
46 46 46 47 
47 47 47 48 
48 48 48 49 
49 49 49 50 
50 50 50 51 
51 51 51 52 
52 52 52 53 
53 53 53 54 
54 54 54 55 
55 55 55 56 
56 56 56 57 
57 57 57 58 
58 58 58 59 
59 59 59 60 
60 60 60 61 
61 61 61 62 
62 62 62 63 
63 63 63 64 
64 64 64 65 
65 65 65 66 
66 66 66 67 
67 67 67 68 
68 68 68 69 
69 69 69 70 
70 70 70 71 
71 71 71 72 
72 72 72 73 
73 73 73 74 
74 74 74 75 
75 75 75 76 
76 76 76 77 
77 77 77 78 
78 78 78 79 
79 79 79 80 
80 80 80 81 
81 81 81 82 
82 82 82 83 
83 83 83 84 
84 84 84 85 
85 85 85 86 
86 86 86 87 
87 87 87 88 
88 88 88 89 
89 89 89 90 
90 90 90 91 
91 91 91 92 
92 92 92 93 
93 93 93 94 
94 94 94 95 
95 95 95 96 
96 96 96 97 
97 97 97 98 
98 98 98 99 
99 99 99 100 
100 100 100 101 
101 101 101 102 
102 102 102 103 
103 103 103 104 
104 104 104 105 
105 105 105 106 
106 106 106 107 
107 107 107 108 
108 108 108 109 
109 109 109 110 
110 110 110 111 
111 111 111 112 
112 112 112 113 
113 113 113 114 
114 114 114 115 
115 115 115 116 
116 116 116 117 
117 117 117 118 
118 118 118 119 
119 119 119 120 
120 120 120 121 
121 121 121 122 
122 122 122 123 
123 123 123 124 
124 124 124 125 
125 125 125 126 
126 126 126 127 
127 127 127 128 
128 128 128 129 
129 129 129 130 
130 130 130 131 
131 131 131 132 
132 132 132 133 
133 133 133 134 
134 134 134 135 
135 135 135 136 
136 136 136 137 
137 137 137 138 
138 138 138 139 
139 139 139 140 
140 140 140 141 
141 141 141 142 
142 142 142 143 
143 143 143 144 
144 144 144 145 
145 145 145 146 
146 146 146 147 
147 147 147 148 
148 148 148 149 
149 149 149 150 
150 150 150 151 
151 151 151 152 
152 152 152 153 
153 153 153 154 
154 154 154 155 
155 155 155 156 
156 156 156 157 
157 157 157 158 
158 158 158 159 
159 159 159 160 
160 160 160 161 
161 161 161 162 
162 162 162 163 
163 163 163 164 
164 164 164 165 
165 165 165 166 
166 166 166 167 
167 167 167 168 

Angles

1 1 1 2 3 
2 2 2 3 4 
3 3 3 4 5 
4 4 4 5 6 
5 5 5 6 7 
6 6 6 7 8 
7 7 7 8 9 
8 8 8 9 10 
9 9 9 10 11 
10 10 10 11 12 
11 11 11 12 13 
12 12 12 13 14 
13 13 13 14 15 
14 14 14 15 16 
15 15 15 16 17 
16 16 16 17 18 
17 17 17 18 19 
18 18 18 19 20 
19 19 19 20 21 
20 20 20 21 22 
21 21 21 22 23 
22 22 22 23 24 
23 23 23 24 25 
24 24 24 25 26 
25 25 25 26 27 
26 26 26 27 28 
27 27 27 28 29 
28 28 28 29 30 
29 29 29 30 31 
30 30 30 31 32 
31 31 31 32 33 
32 32 32 33 34 
33 33 33 34 35 
34 34 34 35 36 
35 35 35 36 37 
36 36 36 37 38 
37 37 37 38 39 
38 38 38 39 40 
39 39 39 40 41 
40 40 40 41 42 
41 41 41 42 43 
42 42 42 43 44 
43 43 43 44 45 
44 44 44 45 46 
45 45 45 46 47 
46 46 46 47 48 
47 47 47 48 49 
48 48 48 49 50 
49 49 49 50 51 
50 50 50 51 52 
51 51 51 52 53 
52 52 52 53 54 
53 53 53 54 55 
54 54 54 55 56 
55 55 55 56 57 
56 56 56 57 58 
57 57 57 58 59 
58 58 58 59 60 
59 59 59 60 61 
60 60 60 61 62 
61 61 61 62 63 
62 62 62 63 64 
63 63 63 64 65 
64 64 64 65 66 
65 65 65 66 67 
66 66 66 67 68 
67 67 67 68 69 
68 68 68 69 70 
69 69 69 70 71 
70 70 70 71 72 
71 71 71 72 73 
72 72 72 73 74 
73 73 73 74 75 
74 74 74 75 76 
75 75 75 76 77 
76 76 76 77 78 
77 77 77 78 79 
78 78 78 79 80 
79 79 79 80 81 
80 80 80 81 82 
81 81 81 82 83 
82 82 82 83 84 
83 83 83 84 85 
84 84 84 85 86 
85 85 85 86 87 
86 86 86 87 88 
87 87 87 88 89 
88 88 88 89 90 
89 89 89 90 91 
90 90 90 91 92 
91 91 91 92 93 
92 92 92 93 94 
93 93 93 94 95 
94 94 94 95 96 
95 95 95 96 97 
96 96 96 97 98 
97 97 97 98 99 
98 98 98 99 100 
99 99 99 100 101 
100 100 100 101 102 
101 101 101 102 103 
102 102 102 103 104 
103 103 103 104 105 
104 104 104 105 106 
105 105 105 106 107 
106 106 106 107 108 
107 107 107 108 109 
108 108 108 109 110 
109 109 109 110 111 
110 110 110 111 112 
111 111 111 112 113 
112 112 112 113 114 
113 113 113 114 115 
114 114 114 115 116 
115 115 115 116 117 
116 116 116 117 118 
117 117 117 118 119 
118 118 118 119 120 
119 119 119 120 121 
120 120 120 121 122 
121 121 121 122 123 
122 122 122 123 124 
123 123 123 124 125 
124 124 124 125 126 
125 125 125 126 127 
126 126 126 127 128 
127 127 127 128 129 
128 128 128 129 130 
129 129 129 130 131 
130 130 130 131 132 
131 131 131 132 133 
132 132 132 133 134 
133 133 133 134 135 
134 134 134 135 136 
135 135 135 136 137 
136 136 136 137 138 
137 137 137 138 139 
138 138 138 139 140 
139 139 139 140 141 
140 140 140 141 142 
141 141 141 142 143 
142 142 142 143 144 
143 143 143 144 145 
144 144 144 145 146 
145 145 145 146 147 
146 146 146 147 148 
147 147 147 148 149 
148 148 148 149 150 
149 149 149 150 151 
150 150 150 151 152 
151 151 151 152 153 
152 152 152 153 154 
153 153 153 154 155 
154 154 154 155 156 
155 155 155 156 157 
156 156 156 157 158 
157 157 157 158 159 
158 158 158 159 160 
159 159 159 160 161 
160 160 160 161 162 
161 161 161 162 163 
162 162 162 163 164 
163 163 163 164 165 
164 164 164 165 166 
165 165 165 166 167 
166 166 166 167 168 
