# Minimized Production Model for dispRatio of 0.15

168 atoms
167 bonds
166 angles
0 dihedrals
0 impropers


Coords

1 128.96 -112.71 9.69175
2 122.664 -115.03 9.44042
3 116.363 -117.338 9.18886
4 110.053 -119.618 8.93675
5 103.728 -121.856 8.68356
6 97.3834 -124.04 8.42872
7 91.0164 -126.156 8.17191
8 84.6235 -128.19 7.91282
9 78.2012 -130.129 7.65123
10 71.7474 -131.961 7.38683
11 65.2614 -133.672 7.11959
12 58.7414 -135.248 6.85005
13 52.1878 -136.677 6.57767
14 45.6014 -137.946 6.302
15 38.9844 -139.043 6.02319
16 32.3399 -139.955 5.74106
17 25.6715 -140.671 5.45546
18 18.9848 -141.181 5.16636
19 12.2854 -141.474 4.8741
20 5.58056 -141.544 4.57854
21 -1.12257 -141.381 4.27966
22 -7.81483 -140.978 3.97798
23 -14.4867 -140.328 3.67414
24 -21.1292 -139.428 3.36861
25 -27.7317 -138.272 3.06166
26 -34.2837 -136.859 2.75347
27 -40.7748 -135.187 2.4446
28 -47.194 -133.257 2.13518
29 -53.5306 -131.071 1.8253
30 -59.7739 -128.63 1.51532
31 -65.9138 -125.938 1.20603
32 -71.9399 -123 0.897961
33 -77.8429 -119.82 0.591262
34 -83.6133 -116.405 0.286495
35 -89.2426 -112.762 -0.0158811
36 -94.7232 -108.899 -0.316056
37 -100.048 -104.824 -0.613771
38 -105.212 -100.545 -0.908787
39 -110.209 -96.0714 -1.20127
40 -115.033 -91.4121 -1.49057
41 -119.681 -86.5756 -1.77587
42 -124.146 -81.5697 -2.05722
43 -128.426 -76.4032 -2.33454
44 -132.516 -71.0854 -2.60783
45 -136.415 -65.6235 -2.87703
46 -140.117 -60.0266 -3.14198
47 -143.621 -54.3029 -3.40315
48 -146.923 -48.4599 -3.66032
49 -150.021 -42.5055 -3.9132
50 -152.909 -36.4474 -4.16153
51 -155.586 -30.2923 -4.40518
52 -158.047 -24.0474 -4.6439
53 -160.286 -17.7201 -4.87707
54 -162.3 -11.3171 -5.1045
55 -164.083 -4.84583 -5.32682
56 -165.628 1.68568 -5.54368
57 -166.932 8.2704 -5.75426
58 -167.987 14.8995 -5.95856
59 -168.786 21.5644 -6.15625
60 -169.323 28.2554 -6.34681
61 -169.59 34.9627 -6.53011
62 -169.579 41.675 -6.70531
63 -169.283 48.3809 -6.87186
64 -168.694 55.0676 -7.02944
65 -167.807 61.7213 -7.17717
66 -166.615 68.3269 -7.31395
67 -165.111 74.8681 -7.43953
68 -163.29 81.3276 -7.55347
69 -161.149 87.6878 -7.65509
70 -158.685 93.9293 -7.74366
71 -155.896 100.032 -7.8183
72 -152.782 105.975 -7.87885
73 -149.346 111.738 -7.9249
74 -145.592 117.297 -7.95558
75 -141.524 122.631 -7.97047
76 -137.153 127.719 -7.96937
77 -132.489 132.539 -7.95222
78 -127.545 137.071 -7.91893
79 -122.334 141.293 -7.86896
80 -116.875 145.189 -7.80249
81 -111.186 148.738 -7.71966
82 -105.287 151.926 -7.61983
83 -99.202 154.74 -7.50331
84 -92.9533 157.167 -7.37058
85 -86.5649 159.199 -7.22198
86 -80.063 160.829 -7.05885
87 -73.4733 162.055 -6.88185
88 -66.8209 162.874 -6.69121
89 -60.1316 163.287 -6.48874
90 -53.4299 163.298 -6.27567
91 -46.7391 162.912 -6.0528
92 -40.0816 162.136 -5.82102
93 -33.4798 160.978 -5.58116
94 -26.9533 159.451 -5.33408
95 -20.5207 157.567 -5.08064
96 -14.1988 155.339 -4.8213
97 -8.00245 152.783 -4.55711
98 -1.94458 149.913 -4.28887
99 3.96313 146.744 -4.01723
100 9.71034 143.293 -3.74293
101 15.2891 139.576 -3.46646
102 20.6939 135.61 -3.18859
103 25.9198 131.411 -2.91081
104 30.9628 126.993 -2.63372
105 35.8211 122.373 -2.35813
106 40.4943 117.565 -2.08453
107 44.9815 112.583 -1.8134
108 49.2837 107.44 -1.54544
109 53.4044 102.149 -1.28064
110 57.3468 96.7241 -1.01841
111 61.1135 91.1751 -0.759197
112 64.7083 85.5127 -0.503243
113 68.1346 79.7467 -0.250019
114 71.3967 73.8865 6.71135e-05
115 74.4999 67.9407 0.246134
116 77.4493 61.9169 0.489154
117 80.2509 55.8228 0.728928
118 82.9108 49.6652 0.965136
119 85.4341 43.4507 1.19764
120 87.8275 37.1847 1.42619
121 90.0966 30.8728 1.65057
122 92.247 24.5195 1.87119
123 94.2843 18.1287 2.08818
124 96.2142 11.7043 2.30237
125 98.0412 5.24978 2.51366
126 99.7703 -1.23159 2.72158
127 101.407 -7.73692 2.92591
128 102.958 -14.2636 3.12668
129 104.425 -20.8092 3.32341
130 105.815 -27.3723 3.51677
131 107.13 -33.9505 3.70781
132 108.376 -40.5419 3.89739
133 109.557 -47.145 4.08495
134 110.676 -53.7587 4.27029
135 111.737 -60.3816 4.45406
136 112.744 -67.0129 4.6358
137 113.698 -73.6522 4.81433
138 114.604 -80.2984 4.99019
139 115.463 -86.9506 5.16355
140 116.28 -93.6081 5.33489
141 117.057 -100.27 5.50472
142 117.796 -106.937 5.67366
143 118.498 -113.607 5.84165
144 119.166 -120.281 6.00849
145 119.799 -126.958 6.17385
146 120.403 -133.637 6.33729
147 120.978 -140.319 6.49875
148 121.526 -147.004 6.65902
149 122.05 -153.69 6.81767
150 122.55 -160.377 6.97495
151 123.029 -167.067 7.13132
152 123.486 -173.757 7.28651
153 123.924 -180.449 7.44072
154 124.343 -187.142 7.59459
155 124.746 -193.836 7.74756
156 125.134 -200.53 7.90027
157 125.506 -207.226 8.05231
158 125.863 -213.922 8.20306
159 126.209 -220.619 8.3535
160 126.543 -227.317 8.5039
161 126.866 -234.016 8.65406
162 127.182 -240.714 8.80456
163 127.491 -247.414 8.95483
164 127.793 -254.113 9.10391
165 128.091 -260.813 9.25236
166 128.383 -267.512 9.39939
167 128.673 -274.212 9.54624
168 128.96 -280.911 9.69175

Types

1 1
2 2
3 3
4 4
5 5
6 6
7 7
8 8
9 9
10 10
11 11
12 12
13 13
14 14
15 15
16 16
17 17
18 18
19 19
20 20
21 21
22 22
23 23
24 24
25 25
26 26
27 27
28 28
29 29
30 30
31 31
32 32
33 33
34 34
35 35
36 36
37 37
38 38
39 39
40 40
41 41
42 42
43 43
44 44
45 45
46 46
47 47
48 48
49 49
50 50
51 51
52 52
53 53
54 54
55 55
56 56
57 57
58 58
59 59
60 60
61 61
62 62
63 63
64 64
65 65
66 66
67 67
68 68
69 69
70 70
71 71
72 72
73 73
74 74
75 75
76 76
77 77
78 78
79 79
80 80
81 81
82 82
83 83
84 84
85 85
86 86
87 87
88 88
89 89
90 90
91 91
92 92
93 93
94 94
95 95
96 96
97 97
98 98
99 99
100 100
101 101
102 102
103 103
104 104
105 105
106 106
107 107
108 108
109 109
110 110
111 111
112 112
113 113
114 114
115 115
116 116
117 117
118 118
119 119
120 120
121 121
122 122
123 123
124 124
125 125
126 126
127 127
128 128
129 129
130 130
131 131
132 132
133 133
134 134
135 135
136 136
137 137
138 138
139 139
140 140
141 141
142 142
143 143
144 144
145 145
146 146
147 147
148 148
149 149
150 150
151 151
152 152
153 153
154 154
155 155
156 156
157 157
158 158
159 159
160 160
161 161
162 162
163 163
164 164
165 165
166 166
167 167
168 168

Molecules

1 1
2 1
3 1
4 1
5 1
6 1
7 1
8 1
9 1
10 1
11 1
12 1
13 1
14 1
15 1
16 1
17 1
18 1
19 1
20 1
21 1
22 1
23 1
24 1
25 1
26 1
27 1
28 1
29 1
30 1
31 1
32 1
33 1
34 1
35 1
36 1
37 1
38 1
39 1
40 1
41 1
42 1
43 1
44 1
45 1
46 1
47 1
48 1
49 1
50 1
51 1
52 1
53 1
54 1
55 1
56 1
57 1
58 1
59 1
60 1
61 1
62 1
63 1
64 1
65 1
66 1
67 1
68 1
69 1
70 1
71 1
72 1
73 1
74 1
75 1
76 1
77 1
78 1
79 1
80 1
81 1
82 1
83 1
84 1
85 1
86 1
87 1
88 1
89 1
90 1
91 1
92 1
93 1
94 1
95 1
96 1
97 1
98 1
99 1
100 1
101 1
102 1
103 1
104 1
105 1
106 1
107 1
108 1
109 1
110 1
111 1
112 1
113 1
114 1
115 1
116 1
117 1
118 1
119 1
120 1
121 1
122 1
123 1
124 1
125 1
126 1
127 1
128 1
129 1
130 1
131 1
132 1
133 1
134 1
135 1
136 1
137 1
138 1
139 1
140 1
141 1
142 1
143 1
144 1
145 1
146 1
147 1
148 1
149 1
150 1
151 1
152 1
153 1
154 1
155 1
156 1
157 1
158 1
159 1
160 1
161 1
162 1
163 1
164 1
165 1
166 1
167 1
168 1

Bonds

1 1 1 2 
2 2 2 3 
3 3 3 4 
4 4 4 5 
5 5 5 6 
6 6 6 7 
7 7 7 8 
8 8 8 9 
9 9 9 10 
10 10 10 11 
11 11 11 12 
12 12 12 13 
13 13 13 14 
14 14 14 15 
15 15 15 16 
16 16 16 17 
17 17 17 18 
18 18 18 19 
19 19 19 20 
20 20 20 21 
21 21 21 22 
22 22 22 23 
23 23 23 24 
24 24 24 25 
25 25 25 26 
26 26 26 27 
27 27 27 28 
28 28 28 29 
29 29 29 30 
30 30 30 31 
31 31 31 32 
32 32 32 33 
33 33 33 34 
34 34 34 35 
35 35 35 36 
36 36 36 37 
37 37 37 38 
38 38 38 39 
39 39 39 40 
40 40 40 41 
41 41 41 42 
42 42 42 43 
43 43 43 44 
44 44 44 45 
45 45 45 46 
46 46 46 47 
47 47 47 48 
48 48 48 49 
49 49 49 50 
50 50 50 51 
51 51 51 52 
52 52 52 53 
53 53 53 54 
54 54 54 55 
55 55 55 56 
56 56 56 57 
57 57 57 58 
58 58 58 59 
59 59 59 60 
60 60 60 61 
61 61 61 62 
62 62 62 63 
63 63 63 64 
64 64 64 65 
65 65 65 66 
66 66 66 67 
67 67 67 68 
68 68 68 69 
69 69 69 70 
70 70 70 71 
71 71 71 72 
72 72 72 73 
73 73 73 74 
74 74 74 75 
75 75 75 76 
76 76 76 77 
77 77 77 78 
78 78 78 79 
79 79 79 80 
80 80 80 81 
81 81 81 82 
82 82 82 83 
83 83 83 84 
84 84 84 85 
85 85 85 86 
86 86 86 87 
87 87 87 88 
88 88 88 89 
89 89 89 90 
90 90 90 91 
91 91 91 92 
92 92 92 93 
93 93 93 94 
94 94 94 95 
95 95 95 96 
96 96 96 97 
97 97 97 98 
98 98 98 99 
99 99 99 100 
100 100 100 101 
101 101 101 102 
102 102 102 103 
103 103 103 104 
104 104 104 105 
105 105 105 106 
106 106 106 107 
107 107 107 108 
108 108 108 109 
109 109 109 110 
110 110 110 111 
111 111 111 112 
112 112 112 113 
113 113 113 114 
114 114 114 115 
115 115 115 116 
116 116 116 117 
117 117 117 118 
118 118 118 119 
119 119 119 120 
120 120 120 121 
121 121 121 122 
122 122 122 123 
123 123 123 124 
124 124 124 125 
125 125 125 126 
126 126 126 127 
127 127 127 128 
128 128 128 129 
129 129 129 130 
130 130 130 131 
131 131 131 132 
132 132 132 133 
133 133 133 134 
134 134 134 135 
135 135 135 136 
136 136 136 137 
137 137 137 138 
138 138 138 139 
139 139 139 140 
140 140 140 141 
141 141 141 142 
142 142 142 143 
143 143 143 144 
144 144 144 145 
145 145 145 146 
146 146 146 147 
147 147 147 148 
148 148 148 149 
149 149 149 150 
150 150 150 151 
151 151 151 152 
152 152 152 153 
153 153 153 154 
154 154 154 155 
155 155 155 156 
156 156 156 157 
157 157 157 158 
158 158 158 159 
159 159 159 160 
160 160 160 161 
161 161 161 162 
162 162 162 163 
163 163 163 164 
164 164 164 165 
165 165 165 166 
166 166 166 167 
167 167 167 168 

Angles

1 1 1 2 3 
2 2 2 3 4 
3 3 3 4 5 
4 4 4 5 6 
5 5 5 6 7 
6 6 6 7 8 
7 7 7 8 9 
8 8 8 9 10 
9 9 9 10 11 
10 10 10 11 12 
11 11 11 12 13 
12 12 12 13 14 
13 13 13 14 15 
14 14 14 15 16 
15 15 15 16 17 
16 16 16 17 18 
17 17 17 18 19 
18 18 18 19 20 
19 19 19 20 21 
20 20 20 21 22 
21 21 21 22 23 
22 22 22 23 24 
23 23 23 24 25 
24 24 24 25 26 
25 25 25 26 27 
26 26 26 27 28 
27 27 27 28 29 
28 28 28 29 30 
29 29 29 30 31 
30 30 30 31 32 
31 31 31 32 33 
32 32 32 33 34 
33 33 33 34 35 
34 34 34 35 36 
35 35 35 36 37 
36 36 36 37 38 
37 37 37 38 39 
38 38 38 39 40 
39 39 39 40 41 
40 40 40 41 42 
41 41 41 42 43 
42 42 42 43 44 
43 43 43 44 45 
44 44 44 45 46 
45 45 45 46 47 
46 46 46 47 48 
47 47 47 48 49 
48 48 48 49 50 
49 49 49 50 51 
50 50 50 51 52 
51 51 51 52 53 
52 52 52 53 54 
53 53 53 54 55 
54 54 54 55 56 
55 55 55 56 57 
56 56 56 57 58 
57 57 57 58 59 
58 58 58 59 60 
59 59 59 60 61 
60 60 60 61 62 
61 61 61 62 63 
62 62 62 63 64 
63 63 63 64 65 
64 64 64 65 66 
65 65 65 66 67 
66 66 66 67 68 
67 67 67 68 69 
68 68 68 69 70 
69 69 69 70 71 
70 70 70 71 72 
71 71 71 72 73 
72 72 72 73 74 
73 73 73 74 75 
74 74 74 75 76 
75 75 75 76 77 
76 76 76 77 78 
77 77 77 78 79 
78 78 78 79 80 
79 79 79 80 81 
80 80 80 81 82 
81 81 81 82 83 
82 82 82 83 84 
83 83 83 84 85 
84 84 84 85 86 
85 85 85 86 87 
86 86 86 87 88 
87 87 87 88 89 
88 88 88 89 90 
89 89 89 90 91 
90 90 90 91 92 
91 91 91 92 93 
92 92 92 93 94 
93 93 93 94 95 
94 94 94 95 96 
95 95 95 96 97 
96 96 96 97 98 
97 97 97 98 99 
98 98 98 99 100 
99 99 99 100 101 
100 100 100 101 102 
101 101 101 102 103 
102 102 102 103 104 
103 103 103 104 105 
104 104 104 105 106 
105 105 105 106 107 
106 106 106 107 108 
107 107 107 108 109 
108 108 108 109 110 
109 109 109 110 111 
110 110 110 111 112 
111 111 111 112 113 
112 112 112 113 114 
113 113 113 114 115 
114 114 114 115 116 
115 115 115 116 117 
116 116 116 117 118 
117 117 117 118 119 
118 118 118 119 120 
119 119 119 120 121 
120 120 120 121 122 
121 121 121 122 123 
122 122 122 123 124 
123 123 123 124 125 
124 124 124 125 126 
125 125 125 126 127 
126 126 126 127 128 
127 127 127 128 129 
128 128 128 129 130 
129 129 129 130 131 
130 130 130 131 132 
131 131 131 132 133 
132 132 132 133 134 
133 133 133 134 135 
134 134 134 135 136 
135 135 135 136 137 
136 136 136 137 138 
137 137 137 138 139 
138 138 138 139 140 
139 139 139 140 141 
140 140 140 141 142 
141 141 141 142 143 
142 142 142 143 144 
143 143 143 144 145 
144 144 144 145 146 
145 145 145 146 147 
146 146 146 147 148 
147 147 147 148 149 
148 148 148 149 150 
149 149 149 150 151 
150 150 150 151 152 
151 151 151 152 153 
152 152 152 153 154 
153 153 153 154 155 
154 154 154 155 156 
155 155 155 156 157 
156 156 156 157 158 
157 157 157 158 159 
158 158 158 159 160 
159 159 159 160 161 
160 160 160 161 162 
161 161 161 162 163 
162 162 162 163 164 
163 163 163 164 165 
164 164 164 165 166 
165 165 165 166 167 
166 166 166 167 168 
