# Minimized Production Model for dispRatio of 0.70

168 atoms
167 bonds
166 angles
0 dihedrals
0 impropers


Coords

1 128.96 195.659 9.69175
2 123.518 194.674 13.5073
3 118.072 193.68 17.3164
4 112.619 192.669 21.1119
5 107.157 191.634 24.8864
6 101.681 190.566 28.6317
7 96.1882 189.458 32.3405
8 90.675 188.305 36.004
9 85.1386 187.099 39.6141
10 79.5757 185.831 43.1616
11 73.9837 184.497 46.6373
12 68.3608 183.088 50.0316
13 62.7055 181.597 53.335
14 57.0175 180.018 56.5376
15 51.2966 178.345 59.6308
16 45.5427 176.572 62.6058
17 39.7571 174.694 65.4528
18 33.9418 172.707 68.1616
19 28.0997 170.606 70.7222
20 22.2345 168.39 73.1241
21 16.35 166.055 75.3581
22 10.4506 163.601 77.415
23 4.54119 161.026 79.2849
24 -1.37256 158.33 80.9595
25 -7.28385 155.513 82.4291
26 -13.1845 152.575 83.6851
27 -19.0658 149.518 84.7203
28 -24.9198 146.342 85.5281
29 -30.7363 143.047 86.1029
30 -36.5041 139.638 86.4413
31 -42.2138 136.116 86.5389
32 -47.8535 132.485 86.393
33 -53.4125 128.748 86.0021
34 -58.8788 124.91 85.3655
35 -64.2398 120.974 84.4835
36 -69.4826 116.942 83.3578
37 -74.5951 112.82 81.9896
38 -79.5647 108.611 80.3805
39 -84.3775 104.32 78.5335
40 -89.0216 99.9487 76.4526
41 -93.4831 95.5035 74.1422
42 -97.7499 90.9889 71.6092
43 -101.81 86.4093 68.8618
44 -105.651 81.7705 65.908
45 -109.264 77.0779 62.7561
46 -112.639 72.3367 59.4174
47 -115.769 67.5534 55.9027
48 -118.643 62.7343 52.2236
49 -121.257 57.8845 48.3935
50 -123.604 53.0085 44.4263
51 -125.679 48.1112 40.336
52 -127.478 43.1969 36.1363
53 -128.996 38.2702 31.8419
54 -130.231 33.336 27.4667
55 -131.179 28.3972 23.0251
56 -131.842 23.4584 18.5317
57 -132.219 18.5251 14.0003
58 -132.312 13.6012 9.44456
59 -132.123 8.69104 4.87755
60 -131.653 3.79819 0.312642
61 -130.908 -1.07494 -4.23659
62 -129.891 -5.92602 -8.75733
63 -128.61 -10.7522 -13.2367
64 -127.072 -15.5515 -17.6617
65 -125.284 -20.3237 -22.0213
66 -123.255 -25.0681 -26.3043
67 -120.995 -29.7856 -30.5001
68 -118.512 -34.4764 -34.5982
69 -115.817 -39.1422 -38.589
70 -112.918 -43.7837 -42.4656
71 -109.827 -48.4017 -46.2195
72 -106.554 -52.9981 -49.8436
73 -103.108 -57.5741 -53.3313
74 -99.5014 -62.1309 -56.677
75 -95.7426 -66.67 -59.8749
76 -91.8423 -71.1935 -62.9199
77 -87.8087 -75.7028 -65.8073
78 -83.6508 -80.2012 -68.5332
79 -79.379 -84.6905 -71.0934
80 -75.0039 -89.1728 -73.4844
81 -70.5354 -93.6505 -75.7045
82 -65.9824 -98.126 -77.7507
83 -61.3557 -102.602 -79.622
84 -56.6639 -107.08 -81.317
85 -51.9154 -111.563 -82.8359
86 -47.1192 -116.051 -84.178
87 -42.2828 -120.547 -85.3446
88 -37.4138 -125.049 -86.3363
89 -32.5198 -129.559 -87.155
90 -27.6091 -134.077 -87.8038
91 -22.6879 -138.604 -88.2852
92 -17.763 -143.142 -88.6018
93 -12.8419 -147.692 -88.757
94 -7.93102 -152.255 -88.7533
95 -3.03782 -156.832 -88.5938
96 1.83151 -161.427 -88.2816
97 6.67211 -166.04 -87.8203
98 11.4778 -170.674 -87.2149
99 16.2429 -175.329 -86.4694
100 20.9618 -180.008 -85.588
101 25.6298 -184.711 -84.5748
102 30.2413 -189.44 -83.4334
103 34.7932 -194.196 -82.1689
104 39.2814 -198.979 -80.7874
105 43.7024 -203.792 -79.2938
106 48.0515 -208.636 -77.6939
107 52.324 -213.513 -75.9935
108 56.5149 -218.426 -74.1986
109 60.6201 -223.379 -72.3152
110 64.6357 -228.374 -70.3501
111 68.5579 -233.414 -68.3082
112 72.3831 -238.5 -66.1957
113 76.1075 -243.634 -64.0184
114 79.7275 -248.817 -61.7822
115 83.2407 -254.049 -59.4927
116 86.6453 -259.332 -57.1554
117 89.9393 -264.667 -54.7767
118 93.1196 -270.055 -52.3624
119 96.1836 -275.497 -49.9206
120 99.1289 -280.995 -47.4586
121 101.954 -286.551 -44.9851
122 104.659 -292.164 -42.5063
123 107.242 -297.837 -40.0317
124 109.701 -303.57 -37.5681
125 112.036 -309.362 -35.1216
126 114.244 -315.213 -32.6997
127 116.327 -321.123 -30.3089
128 118.285 -327.091 -27.9561
129 120.118 -333.114 -25.6473
130 121.829 -339.193 -23.3892
131 123.422 -345.325 -21.1872
132 124.898 -351.509 -19.0476
133 126.261 -357.742 -16.9743
134 127.515 -364.021 -14.9733
135 128.663 -370.345 -13.0487
136 129.706 -376.711 -11.2037
137 130.649 -383.117 -9.44268
138 131.493 -389.559 -7.76869
139 132.244 -396.035 -6.1816
140 132.904 -402.543 -4.68297
141 133.477 -409.079 -3.27293
142 133.965 -415.641 -1.9502
143 134.373 -422.225 -0.713635
144 134.702 -428.83 0.43619
145 134.957 -435.453 1.49986
146 135.142 -442.091 2.48092
147 135.26 -448.743 3.38054
148 135.317 -455.405 4.202
149 135.315 -462.076 4.94809
150 135.259 -468.755 5.62314
151 135.151 -475.44 6.23048
152 134.996 -482.129 6.7749
153 134.798 -488.821 7.26
154 134.559 -495.514 7.68896
155 134.284 -502.209 8.06466
156 133.978 -508.906 8.38968
157 133.642 -515.603 8.66693
158 133.283 -522.303 8.9006
159 132.902 -529.002 9.09391
160 132.504 -535.701 9.25191
161 132.09 -542.4 9.37641
162 131.665 -549.098 9.47307
163 131.229 -555.796 9.54435
164 130.784 -562.494 9.59736
165 130.334 -569.191 9.63422
166 129.879 -575.888 9.66013
167 129.42 -582.584 9.67831
168 128.96 -589.28 9.69175

Types

1 1
2 2
3 3
4 4
5 5
6 6
7 7
8 8
9 9
10 10
11 11
12 12
13 13
14 14
15 15
16 16
17 17
18 18
19 19
20 20
21 21
22 22
23 23
24 24
25 25
26 26
27 27
28 28
29 29
30 30
31 31
32 32
33 33
34 34
35 35
36 36
37 37
38 38
39 39
40 40
41 41
42 42
43 43
44 44
45 45
46 46
47 47
48 48
49 49
50 50
51 51
52 52
53 53
54 54
55 55
56 56
57 57
58 58
59 59
60 60
61 61
62 62
63 63
64 64
65 65
66 66
67 67
68 68
69 69
70 70
71 71
72 72
73 73
74 74
75 75
76 76
77 77
78 78
79 79
80 80
81 81
82 82
83 83
84 84
85 85
86 86
87 87
88 88
89 89
90 90
91 91
92 92
93 93
94 94
95 95
96 96
97 97
98 98
99 99
100 100
101 101
102 102
103 103
104 104
105 105
106 106
107 107
108 108
109 109
110 110
111 111
112 112
113 113
114 114
115 115
116 116
117 117
118 118
119 119
120 120
121 121
122 122
123 123
124 124
125 125
126 126
127 127
128 128
129 129
130 130
131 131
132 132
133 133
134 134
135 135
136 136
137 137
138 138
139 139
140 140
141 141
142 142
143 143
144 144
145 145
146 146
147 147
148 148
149 149
150 150
151 151
152 152
153 153
154 154
155 155
156 156
157 157
158 158
159 159
160 160
161 161
162 162
163 163
164 164
165 165
166 166
167 167
168 168

Molecules

1 1
2 1
3 1
4 1
5 1
6 1
7 1
8 1
9 1
10 1
11 1
12 1
13 1
14 1
15 1
16 1
17 1
18 1
19 1
20 1
21 1
22 1
23 1
24 1
25 1
26 1
27 1
28 1
29 1
30 1
31 1
32 1
33 1
34 1
35 1
36 1
37 1
38 1
39 1
40 1
41 1
42 1
43 1
44 1
45 1
46 1
47 1
48 1
49 1
50 1
51 1
52 1
53 1
54 1
55 1
56 1
57 1
58 1
59 1
60 1
61 1
62 1
63 1
64 1
65 1
66 1
67 1
68 1
69 1
70 1
71 1
72 1
73 1
74 1
75 1
76 1
77 1
78 1
79 1
80 1
81 1
82 1
83 1
84 1
85 1
86 1
87 1
88 1
89 1
90 1
91 1
92 1
93 1
94 1
95 1
96 1
97 1
98 1
99 1
100 1
101 1
102 1
103 1
104 1
105 1
106 1
107 1
108 1
109 1
110 1
111 1
112 1
113 1
114 1
115 1
116 1
117 1
118 1
119 1
120 1
121 1
122 1
123 1
124 1
125 1
126 1
127 1
128 1
129 1
130 1
131 1
132 1
133 1
134 1
135 1
136 1
137 1
138 1
139 1
140 1
141 1
142 1
143 1
144 1
145 1
146 1
147 1
148 1
149 1
150 1
151 1
152 1
153 1
154 1
155 1
156 1
157 1
158 1
159 1
160 1
161 1
162 1
163 1
164 1
165 1
166 1
167 1
168 1

Bonds

1 1 1 2 
2 2 2 3 
3 3 3 4 
4 4 4 5 
5 5 5 6 
6 6 6 7 
7 7 7 8 
8 8 8 9 
9 9 9 10 
10 10 10 11 
11 11 11 12 
12 12 12 13 
13 13 13 14 
14 14 14 15 
15 15 15 16 
16 16 16 17 
17 17 17 18 
18 18 18 19 
19 19 19 20 
20 20 20 21 
21 21 21 22 
22 22 22 23 
23 23 23 24 
24 24 24 25 
25 25 25 26 
26 26 26 27 
27 27 27 28 
28 28 28 29 
29 29 29 30 
30 30 30 31 
31 31 31 32 
32 32 32 33 
33 33 33 34 
34 34 34 35 
35 35 35 36 
36 36 36 37 
37 37 37 38 
38 38 38 39 
39 39 39 40 
40 40 40 41 
41 41 41 42 
42 42 42 43 
43 43 43 44 
44 44 44 45 
45 45 45 46 
46 46 46 47 
47 47 47 48 
48 48 48 49 
49 49 49 50 
50 50 50 51 
51 51 51 52 
52 52 52 53 
53 53 53 54 
54 54 54 55 
55 55 55 56 
56 56 56 57 
57 57 57 58 
58 58 58 59 
59 59 59 60 
60 60 60 61 
61 61 61 62 
62 62 62 63 
63 63 63 64 
64 64 64 65 
65 65 65 66 
66 66 66 67 
67 67 67 68 
68 68 68 69 
69 69 69 70 
70 70 70 71 
71 71 71 72 
72 72 72 73 
73 73 73 74 
74 74 74 75 
75 75 75 76 
76 76 76 77 
77 77 77 78 
78 78 78 79 
79 79 79 80 
80 80 80 81 
81 81 81 82 
82 82 82 83 
83 83 83 84 
84 84 84 85 
85 85 85 86 
86 86 86 87 
87 87 87 88 
88 88 88 89 
89 89 89 90 
90 90 90 91 
91 91 91 92 
92 92 92 93 
93 93 93 94 
94 94 94 95 
95 95 95 96 
96 96 96 97 
97 97 97 98 
98 98 98 99 
99 99 99 100 
100 100 100 101 
101 101 101 102 
102 102 102 103 
103 103 103 104 
104 104 104 105 
105 105 105 106 
106 106 106 107 
107 107 107 108 
108 108 108 109 
109 109 109 110 
110 110 110 111 
111 111 111 112 
112 112 112 113 
113 113 113 114 
114 114 114 115 
115 115 115 116 
116 116 116 117 
117 117 117 118 
118 118 118 119 
119 119 119 120 
120 120 120 121 
121 121 121 122 
122 122 122 123 
123 123 123 124 
124 124 124 125 
125 125 125 126 
126 126 126 127 
127 127 127 128 
128 128 128 129 
129 129 129 130 
130 130 130 131 
131 131 131 132 
132 132 132 133 
133 133 133 134 
134 134 134 135 
135 135 135 136 
136 136 136 137 
137 137 137 138 
138 138 138 139 
139 139 139 140 
140 140 140 141 
141 141 141 142 
142 142 142 143 
143 143 143 144 
144 144 144 145 
145 145 145 146 
146 146 146 147 
147 147 147 148 
148 148 148 149 
149 149 149 150 
150 150 150 151 
151 151 151 152 
152 152 152 153 
153 153 153 154 
154 154 154 155 
155 155 155 156 
156 156 156 157 
157 157 157 158 
158 158 158 159 
159 159 159 160 
160 160 160 161 
161 161 161 162 
162 162 162 163 
163 163 163 164 
164 164 164 165 
165 165 165 166 
166 166 166 167 
167 167 167 168 

Angles

1 1 1 2 3 
2 2 2 3 4 
3 3 3 4 5 
4 4 4 5 6 
5 5 5 6 7 
6 6 6 7 8 
7 7 7 8 9 
8 8 8 9 10 
9 9 9 10 11 
10 10 10 11 12 
11 11 11 12 13 
12 12 12 13 14 
13 13 13 14 15 
14 14 14 15 16 
15 15 15 16 17 
16 16 16 17 18 
17 17 17 18 19 
18 18 18 19 20 
19 19 19 20 21 
20 20 20 21 22 
21 21 21 22 23 
22 22 22 23 24 
23 23 23 24 25 
24 24 24 25 26 
25 25 25 26 27 
26 26 26 27 28 
27 27 27 28 29 
28 28 28 29 30 
29 29 29 30 31 
30 30 30 31 32 
31 31 31 32 33 
32 32 32 33 34 
33 33 33 34 35 
34 34 34 35 36 
35 35 35 36 37 
36 36 36 37 38 
37 37 37 38 39 
38 38 38 39 40 
39 39 39 40 41 
40 40 40 41 42 
41 41 41 42 43 
42 42 42 43 44 
43 43 43 44 45 
44 44 44 45 46 
45 45 45 46 47 
46 46 46 47 48 
47 47 47 48 49 
48 48 48 49 50 
49 49 49 50 51 
50 50 50 51 52 
51 51 51 52 53 
52 52 52 53 54 
53 53 53 54 55 
54 54 54 55 56 
55 55 55 56 57 
56 56 56 57 58 
57 57 57 58 59 
58 58 58 59 60 
59 59 59 60 61 
60 60 60 61 62 
61 61 61 62 63 
62 62 62 63 64 
63 63 63 64 65 
64 64 64 65 66 
65 65 65 66 67 
66 66 66 67 68 
67 67 67 68 69 
68 68 68 69 70 
69 69 69 70 71 
70 70 70 71 72 
71 71 71 72 73 
72 72 72 73 74 
73 73 73 74 75 
74 74 74 75 76 
75 75 75 76 77 
76 76 76 77 78 
77 77 77 78 79 
78 78 78 79 80 
79 79 79 80 81 
80 80 80 81 82 
81 81 81 82 83 
82 82 82 83 84 
83 83 83 84 85 
84 84 84 85 86 
85 85 85 86 87 
86 86 86 87 88 
87 87 87 88 89 
88 88 88 89 90 
89 89 89 90 91 
90 90 90 91 92 
91 91 91 92 93 
92 92 92 93 94 
93 93 93 94 95 
94 94 94 95 96 
95 95 95 96 97 
96 96 96 97 98 
97 97 97 98 99 
98 98 98 99 100 
99 99 99 100 101 
100 100 100 101 102 
101 101 101 102 103 
102 102 102 103 104 
103 103 103 104 105 
104 104 104 105 106 
105 105 105 106 107 
106 106 106 107 108 
107 107 107 108 109 
108 108 108 109 110 
109 109 109 110 111 
110 110 110 111 112 
111 111 111 112 113 
112 112 112 113 114 
113 113 113 114 115 
114 114 114 115 116 
115 115 115 116 117 
116 116 116 117 118 
117 117 117 118 119 
118 118 118 119 120 
119 119 119 120 121 
120 120 120 121 122 
121 121 121 122 123 
122 122 122 123 124 
123 123 123 124 125 
124 124 124 125 126 
125 125 125 126 127 
126 126 126 127 128 
127 127 127 128 129 
128 128 128 129 130 
129 129 129 130 131 
130 130 130 131 132 
131 131 131 132 133 
132 132 132 133 134 
133 133 133 134 135 
134 134 134 135 136 
135 135 135 136 137 
136 136 136 137 138 
137 137 137 138 139 
138 138 138 139 140 
139 139 139 140 141 
140 140 140 141 142 
141 141 141 142 143 
142 142 142 143 144 
143 143 143 144 145 
144 144 144 145 146 
145 145 145 146 147 
146 146 146 147 148 
147 147 147 148 149 
148 148 148 149 150 
149 149 149 150 151 
150 150 150 151 152 
151 151 151 152 153 
152 152 152 153 154 
153 153 153 154 155 
154 154 154 155 156 
155 155 155 156 157 
156 156 156 157 158 
157 157 157 158 159 
158 158 158 159 160 
159 159 159 160 161 
160 160 160 161 162 
161 161 161 162 163 
162 162 162 163 164 
163 163 163 164 165 
164 164 164 165 166 
165 165 165 166 167 
166 166 166 167 168 
