# Minimized Production Model for dispRatio of 0.00

168 atoms
167 bonds
166 angles
0 dihedrals
0 impropers


Coords

1 128.96 -196.81 9.69175
2 122.497 -195.001 9.42811
3 116.034 -193.186 9.16442
4 109.574 -191.364 8.90065
5 103.117 -189.53 8.63675
6 96.6649 -187.68 8.37266
7 90.2181 -185.812 8.10832
8 83.7782 -183.919 7.84366
9 77.3463 -182 7.57864
10 70.9238 -180.05 7.31319
11 64.5121 -178.064 7.0473
12 58.1126 -176.04 6.78091
13 51.7268 -173.973 6.51401
14 45.3562 -171.86 6.24656
15 39.0026 -169.696 5.97852
16 32.6678 -167.479 5.70986
17 26.3536 -165.203 5.44053
18 20.062 -162.866 5.17052
19 13.7952 -160.463 4.89978
20 7.55544 -157.991 4.6283
21 1.34512 -155.446 4.35605
22 -4.83325 -152.825 4.08301
23 -10.9769 -150.124 3.80916
24 -17.0831 -147.339 3.53448
25 -23.1487 -144.467 3.25895
26 -29.1705 -141.504 2.98256
27 -35.145 -138.448 2.70528
28 -41.0688 -135.295 2.42711
29 -46.9379 -132.041 2.14804
30 -52.7484 -128.684 1.86808
31 -58.496 -125.22 1.58723
32 -64.1763 -121.648 1.30554
33 -69.7847 -117.963 1.02302
34 -75.3161 -114.165 0.739712
35 -80.7655 -110.249 0.455681
36 -86.1275 -106.215 0.170986
37 -91.3965 -102.061 -0.11429
38 -96.5667 -97.7845 -0.400049
39 -101.632 -93.3844 -0.686176
40 -106.586 -88.8597 -0.972529
41 -111.423 -84.2097 -1.25895
42 -116.135 -79.4338 -1.54524
43 -120.716 -74.532 -1.8312
44 -125.158 -69.5044 -2.11659
45 -129.455 -64.3517 -2.40113
46 -133.598 -59.0752 -2.68454
47 -137.581 -53.6761 -2.9665
48 -141.394 -48.1566 -3.24666
49 -145.031 -42.5192 -3.52466
50 -148.483 -36.7669 -3.80011
51 -151.742 -30.9032 -4.0726
52 -154.801 -24.9323 -4.34171
53 -157.65 -18.8589 -4.607
54 -160.283 -12.6883 -4.86801
55 -162.69 -6.4265 -5.12426
56 -164.865 -0.0800046 -5.37525
57 -166.799 6.34395 -5.62046
58 -168.485 12.8375 -5.85938
59 -169.916 19.392 -6.09148
60 -171.085 25.9984 -6.31625
61 -171.986 32.6468 -6.53317
62 -172.612 39.3268 -6.74175
63 -172.959 46.0273 -6.94149
64 -173.02 52.7366 -7.13191
65 -172.792 59.4423 -7.31251
66 -172.271 66.1319 -7.48283
67 -171.455 72.7919 -7.6424
68 -170.34 79.4087 -7.79076
69 -168.926 85.9682 -7.92748
70 -167.212 92.4558 -8.05216
71 -165.199 98.857 -8.16442
72 -162.888 105.157 -8.2639
73 -160.281 111.34 -8.35031
74 -157.381 117.392 -8.42335
75 -154.194 123.297 -8.48279
76 -150.724 129.041 -8.52841
77 -146.978 134.608 -8.56003
78 -142.963 139.985 -8.57751
79 -138.688 145.158 -8.58071
80 -134.161 150.112 -8.56958
81 -129.394 154.834 -8.54408
82 -124.397 159.313 -8.50424
83 -119.182 163.536 -8.45013
84 -113.763 167.492 -8.38186
85 -108.152 171.172 -8.29961
86 -102.364 174.566 -8.20361
87 -96.4135 177.665 -8.0941
88 -90.3155 180.463 -7.97139
89 -84.0856 182.953 -7.83581
90 -77.7397 185.13 -7.68776
91 -71.2938 186.989 -7.52765
92 -64.7643 188.528 -7.35594
93 -58.1673 189.744 -7.17313
94 -51.519 190.637 -6.97973
95 -44.8353 191.206 -6.77628
96 -38.1323 191.453 -6.56337
97 -31.4253 191.379 -6.34156
98 -24.7294 190.987 -6.11146
99 -18.0595 190.282 -5.87367
100 -11.4297 189.267 -5.62881
101 -4.85363 187.949 -5.3775
102 1.65573 186.334 -5.12034
103 8.08595 184.428 -4.85795
104 14.4253 182.239 -4.59094
105 20.6629 179.775 -4.31988
106 26.7884 177.044 -4.04534
107 32.7924 174.055 -3.76786
108 38.6661 170.818 -3.48798
109 44.4016 167.342 -3.20618
110 49.9917 163.636 -2.92294
111 55.4299 159.71 -2.63871
112 60.7105 155.575 -2.35391
113 65.8285 151.24 -2.06895
114 70.7796 146.714 -1.78419
115 75.5603 142.009 -1.5
116 80.1675 137.134 -1.21669
117 84.5991 132.098 -0.934576
118 88.8532 126.911 -0.653934
119 92.9287 121.583 -0.375017
120 96.8252 116.122 -0.0980494
121 100.542 110.537 0.176764
122 104.081 104.837 0.449246
123 107.441 99.0295 0.719238
124 110.625 93.1234 0.986598
125 113.634 87.126 1.2512
126 116.47 81.0446 1.51293
127 119.135 74.8862 1.77166
128 121.632 68.6576 2.02729
129 123.964 62.3651 2.27973
130 126.134 56.0146 2.52887
131 128.146 49.6119 2.77463
132 130.002 43.1623 3.01695
133 131.707 36.6708 3.25578
134 133.264 30.1421 3.49109
135 134.678 23.5806 3.72285
136 135.953 16.9904 3.95107
137 137.091 10.3752 4.17573
138 138.099 3.73861 4.39683
139 138.98 -2.91624 4.61435
140 139.738 -9.58636 4.82828
141 140.379 -16.269 5.03862
142 140.905 -22.9618 5.24539
143 141.322 -29.6625 5.4486
144 141.635 -36.369 5.64832
145 141.847 -43.0796 5.8446
146 141.963 -49.7926 6.03754
147 141.987 -56.5068 6.22724
148 141.924 -63.2208 6.4138
149 141.779 -69.9337 6.59734
150 141.555 -76.6445 6.77797
151 141.257 -83.3526 6.95579
152 140.89 -90.0573 7.13092
153 140.457 -96.7582 7.3035
154 139.964 -103.455 7.47366
155 139.413 -110.148 7.64154
156 138.81 -116.836 7.80731
157 138.158 -123.519 7.97113
158 137.462 -130.198 8.13316
159 136.726 -136.873 8.29359
160 135.954 -143.544 8.45257
161 135.149 -150.211 8.61028
162 134.317 -156.875 8.76687
163 133.461 -163.536 8.9225
164 132.585 -170.194 9.07733
165 131.693 -176.85 9.23152
166 130.789 -183.504 9.38521
167 129.877 -190.158 9.53859
168 128.96 -196.81 9.69175

Types

1 1
2 2
3 3
4 4
5 5
6 6
7 7
8 8
9 9
10 10
11 11
12 12
13 13
14 14
15 15
16 16
17 17
18 18
19 19
20 20
21 21
22 22
23 23
24 24
25 25
26 26
27 27
28 28
29 29
30 30
31 31
32 32
33 33
34 34
35 35
36 36
37 37
38 38
39 39
40 40
41 41
42 42
43 43
44 44
45 45
46 46
47 47
48 48
49 49
50 50
51 51
52 52
53 53
54 54
55 55
56 56
57 57
58 58
59 59
60 60
61 61
62 62
63 63
64 64
65 65
66 66
67 67
68 68
69 69
70 70
71 71
72 72
73 73
74 74
75 75
76 76
77 77
78 78
79 79
80 80
81 81
82 82
83 83
84 84
85 85
86 86
87 87
88 88
89 89
90 90
91 91
92 92
93 93
94 94
95 95
96 96
97 97
98 98
99 99
100 100
101 101
102 102
103 103
104 104
105 105
106 106
107 107
108 108
109 109
110 110
111 111
112 112
113 113
114 114
115 115
116 116
117 117
118 118
119 119
120 120
121 121
122 122
123 123
124 124
125 125
126 126
127 127
128 128
129 129
130 130
131 131
132 132
133 133
134 134
135 135
136 136
137 137
138 138
139 139
140 140
141 141
142 142
143 143
144 144
145 145
146 146
147 147
148 148
149 149
150 150
151 151
152 152
153 153
154 154
155 155
156 156
157 157
158 158
159 159
160 160
161 161
162 162
163 163
164 164
165 165
166 166
167 167
168 168

Molecules

1 1
2 1
3 1
4 1
5 1
6 1
7 1
8 1
9 1
10 1
11 1
12 1
13 1
14 1
15 1
16 1
17 1
18 1
19 1
20 1
21 1
22 1
23 1
24 1
25 1
26 1
27 1
28 1
29 1
30 1
31 1
32 1
33 1
34 1
35 1
36 1
37 1
38 1
39 1
40 1
41 1
42 1
43 1
44 1
45 1
46 1
47 1
48 1
49 1
50 1
51 1
52 1
53 1
54 1
55 1
56 1
57 1
58 1
59 1
60 1
61 1
62 1
63 1
64 1
65 1
66 1
67 1
68 1
69 1
70 1
71 1
72 1
73 1
74 1
75 1
76 1
77 1
78 1
79 1
80 1
81 1
82 1
83 1
84 1
85 1
86 1
87 1
88 1
89 1
90 1
91 1
92 1
93 1
94 1
95 1
96 1
97 1
98 1
99 1
100 1
101 1
102 1
103 1
104 1
105 1
106 1
107 1
108 1
109 1
110 1
111 1
112 1
113 1
114 1
115 1
116 1
117 1
118 1
119 1
120 1
121 1
122 1
123 1
124 1
125 1
126 1
127 1
128 1
129 1
130 1
131 1
132 1
133 1
134 1
135 1
136 1
137 1
138 1
139 1
140 1
141 1
142 1
143 1
144 1
145 1
146 1
147 1
148 1
149 1
150 1
151 1
152 1
153 1
154 1
155 1
156 1
157 1
158 1
159 1
160 1
161 1
162 1
163 1
164 1
165 1
166 1
167 1
168 1

Bonds

1 1 1 2 
2 2 2 3 
3 3 3 4 
4 4 4 5 
5 5 5 6 
6 6 6 7 
7 7 7 8 
8 8 8 9 
9 9 9 10 
10 10 10 11 
11 11 11 12 
12 12 12 13 
13 13 13 14 
14 14 14 15 
15 15 15 16 
16 16 16 17 
17 17 17 18 
18 18 18 19 
19 19 19 20 
20 20 20 21 
21 21 21 22 
22 22 22 23 
23 23 23 24 
24 24 24 25 
25 25 25 26 
26 26 26 27 
27 27 27 28 
28 28 28 29 
29 29 29 30 
30 30 30 31 
31 31 31 32 
32 32 32 33 
33 33 33 34 
34 34 34 35 
35 35 35 36 
36 36 36 37 
37 37 37 38 
38 38 38 39 
39 39 39 40 
40 40 40 41 
41 41 41 42 
42 42 42 43 
43 43 43 44 
44 44 44 45 
45 45 45 46 
46 46 46 47 
47 47 47 48 
48 48 48 49 
49 49 49 50 
50 50 50 51 
51 51 51 52 
52 52 52 53 
53 53 53 54 
54 54 54 55 
55 55 55 56 
56 56 56 57 
57 57 57 58 
58 58 58 59 
59 59 59 60 
60 60 60 61 
61 61 61 62 
62 62 62 63 
63 63 63 64 
64 64 64 65 
65 65 65 66 
66 66 66 67 
67 67 67 68 
68 68 68 69 
69 69 69 70 
70 70 70 71 
71 71 71 72 
72 72 72 73 
73 73 73 74 
74 74 74 75 
75 75 75 76 
76 76 76 77 
77 77 77 78 
78 78 78 79 
79 79 79 80 
80 80 80 81 
81 81 81 82 
82 82 82 83 
83 83 83 84 
84 84 84 85 
85 85 85 86 
86 86 86 87 
87 87 87 88 
88 88 88 89 
89 89 89 90 
90 90 90 91 
91 91 91 92 
92 92 92 93 
93 93 93 94 
94 94 94 95 
95 95 95 96 
96 96 96 97 
97 97 97 98 
98 98 98 99 
99 99 99 100 
100 100 100 101 
101 101 101 102 
102 102 102 103 
103 103 103 104 
104 104 104 105 
105 105 105 106 
106 106 106 107 
107 107 107 108 
108 108 108 109 
109 109 109 110 
110 110 110 111 
111 111 111 112 
112 112 112 113 
113 113 113 114 
114 114 114 115 
115 115 115 116 
116 116 116 117 
117 117 117 118 
118 118 118 119 
119 119 119 120 
120 120 120 121 
121 121 121 122 
122 122 122 123 
123 123 123 124 
124 124 124 125 
125 125 125 126 
126 126 126 127 
127 127 127 128 
128 128 128 129 
129 129 129 130 
130 130 130 131 
131 131 131 132 
132 132 132 133 
133 133 133 134 
134 134 134 135 
135 135 135 136 
136 136 136 137 
137 137 137 138 
138 138 138 139 
139 139 139 140 
140 140 140 141 
141 141 141 142 
142 142 142 143 
143 143 143 144 
144 144 144 145 
145 145 145 146 
146 146 146 147 
147 147 147 148 
148 148 148 149 
149 149 149 150 
150 150 150 151 
151 151 151 152 
152 152 152 153 
153 153 153 154 
154 154 154 155 
155 155 155 156 
156 156 156 157 
157 157 157 158 
158 158 158 159 
159 159 159 160 
160 160 160 161 
161 161 161 162 
162 162 162 163 
163 163 163 164 
164 164 164 165 
165 165 165 166 
166 166 166 167 
167 167 167 168 

Angles

1 1 1 2 3 
2 2 2 3 4 
3 3 3 4 5 
4 4 4 5 6 
5 5 5 6 7 
6 6 6 7 8 
7 7 7 8 9 
8 8 8 9 10 
9 9 9 10 11 
10 10 10 11 12 
11 11 11 12 13 
12 12 12 13 14 
13 13 13 14 15 
14 14 14 15 16 
15 15 15 16 17 
16 16 16 17 18 
17 17 17 18 19 
18 18 18 19 20 
19 19 19 20 21 
20 20 20 21 22 
21 21 21 22 23 
22 22 22 23 24 
23 23 23 24 25 
24 24 24 25 26 
25 25 25 26 27 
26 26 26 27 28 
27 27 27 28 29 
28 28 28 29 30 
29 29 29 30 31 
30 30 30 31 32 
31 31 31 32 33 
32 32 32 33 34 
33 33 33 34 35 
34 34 34 35 36 
35 35 35 36 37 
36 36 36 37 38 
37 37 37 38 39 
38 38 38 39 40 
39 39 39 40 41 
40 40 40 41 42 
41 41 41 42 43 
42 42 42 43 44 
43 43 43 44 45 
44 44 44 45 46 
45 45 45 46 47 
46 46 46 47 48 
47 47 47 48 49 
48 48 48 49 50 
49 49 49 50 51 
50 50 50 51 52 
51 51 51 52 53 
52 52 52 53 54 
53 53 53 54 55 
54 54 54 55 56 
55 55 55 56 57 
56 56 56 57 58 
57 57 57 58 59 
58 58 58 59 60 
59 59 59 60 61 
60 60 60 61 62 
61 61 61 62 63 
62 62 62 63 64 
63 63 63 64 65 
64 64 64 65 66 
65 65 65 66 67 
66 66 66 67 68 
67 67 67 68 69 
68 68 68 69 70 
69 69 69 70 71 
70 70 70 71 72 
71 71 71 72 73 
72 72 72 73 74 
73 73 73 74 75 
74 74 74 75 76 
75 75 75 76 77 
76 76 76 77 78 
77 77 77 78 79 
78 78 78 79 80 
79 79 79 80 81 
80 80 80 81 82 
81 81 81 82 83 
82 82 82 83 84 
83 83 83 84 85 
84 84 84 85 86 
85 85 85 86 87 
86 86 86 87 88 
87 87 87 88 89 
88 88 88 89 90 
89 89 89 90 91 
90 90 90 91 92 
91 91 91 92 93 
92 92 92 93 94 
93 93 93 94 95 
94 94 94 95 96 
95 95 95 96 97 
96 96 96 97 98 
97 97 97 98 99 
98 98 98 99 100 
99 99 99 100 101 
100 100 100 101 102 
101 101 101 102 103 
102 102 102 103 104 
103 103 103 104 105 
104 104 104 105 106 
105 105 105 106 107 
106 106 106 107 108 
107 107 107 108 109 
108 108 108 109 110 
109 109 109 110 111 
110 110 110 111 112 
111 111 111 112 113 
112 112 112 113 114 
113 113 113 114 115 
114 114 114 115 116 
115 115 115 116 117 
116 116 116 117 118 
117 117 117 118 119 
118 118 118 119 120 
119 119 119 120 121 
120 120 120 121 122 
121 121 121 122 123 
122 122 122 123 124 
123 123 123 124 125 
124 124 124 125 126 
125 125 125 126 127 
126 126 126 127 128 
127 127 127 128 129 
128 128 128 129 130 
129 129 129 130 131 
130 130 130 131 132 
131 131 131 132 133 
132 132 132 133 134 
133 133 133 134 135 
134 134 134 135 136 
135 135 135 136 137 
136 136 136 137 138 
137 137 137 138 139 
138 138 138 139 140 
139 139 139 140 141 
140 140 140 141 142 
141 141 141 142 143 
142 142 142 143 144 
143 143 143 144 145 
144 144 144 145 146 
145 145 145 146 147 
146 146 146 147 148 
147 147 147 148 149 
148 148 148 149 150 
149 149 149 150 151 
150 150 150 151 152 
151 151 151 152 153 
152 152 152 153 154 
153 153 153 154 155 
154 154 154 155 156 
155 155 155 156 157 
156 156 156 157 158 
157 157 157 158 159 
158 158 158 159 160 
159 159 159 160 161 
160 160 160 161 162 
161 161 161 162 163 
162 162 162 163 164 
163 163 163 164 165 
164 164 164 165 166 
165 165 165 166 167 
166 166 166 167 168 
