# Minimized Production Model for dispRatio of 0.20

84 atoms
83 bonds
82 angles
0 dihedrals
0 impropers


Coords

1 -0.0130603 -285.701 -11.8584
2 -0.0173197 -276.54 -1.91539
3 -0.0213281 -267.338 7.98858
4 -0.0256115 -258.056 17.8178
5 -0.0292526 -248.656 27.535
6 -0.033431 -239.103 37.1022
7 -0.036933 -229.365 46.4805
8 -0.0386145 -219.407 55.6234
9 -0.0397497 -209.196 64.4845
10 -0.0409916 -198.706 73.0122
11 -0.0430032 -187.913 81.1515
12 -0.0452182 -176.796 88.8415
13 -0.0471056 -165.343 96.0215
14 -0.0493684 -153.547 102.621
15 -0.0513529 -141.408 108.561
16 -0.0526474 -128.936 113.765
17 -0.0561071 -116.155 118.153
18 -0.0605608 -103.102 121.645
19 -0.0637682 -89.8271 124.159
20 -0.0648386 -76.3959 125.614
21 -0.0637912 -62.8915 125.935
22 -0.0607702 -49.4126 125.056
23 -0.0568346 -36.0763 122.92
24 -0.052763 -23.0146 119.49
25 -0.0476219 -10.3714 114.746
26 -0.039541 1.6974 108.692
27 -0.0314134 13.0306 101.353
28 -0.025877 23.4646 92.7865
29 -0.0221359 32.8414 83.0749
30 -0.0217342 41.0138 72.331
31 -0.0233072 47.8521 60.6923
32 -0.02407 53.2472 48.3189
33 -0.0240316 57.1126 35.3861
34 -0.0204231 59.3924 22.0817
35 -0.0154509 60.0661 8.59943
36 -0.00991844 59.1453 -4.86841
37 -0.00143451 56.6717 -18.1407
38 0.00931717 52.7106 -31.0479
39 0.0217399 47.3528 -43.4419
40 0.033941 40.7052 -55.1959
41 0.0453593 32.8827 -66.2038
42 0.0531458 24.0093 -76.3862
43 0.055912 14.2134 -85.686
44 0.0564179 3.62133 -94.0703
45 0.0564199 -7.64799 -101.522
46 0.0543724 -19.4829 -108.04
47 0.049674 -31.7814 -113.638
48 0.0449475 -44.4499 -118.343
49 0.0403943 -57.4052 -122.191
50 0.0366367 -70.577 -125.224
51 0.0346016 -83.9028 -127.486
52 0.0340795 -97.3327 -129.024
53 0.0347882 -110.823 -129.888
54 0.034616 -124.34 -130.128
55 0.0355357 -137.855 -129.791
56 0.0380895 -151.347 -128.925
57 0.0422294 -164.8 -127.575
58 0.0480619 -178.201 -125.783
59 0.0542083 -191.542 -123.588
60 0.058712 -204.819 -121.028
61 0.0601264 -218.028 -118.141
62 0.0585492 -231.17 -114.96
63 0.0565052 -244.246 -111.52
64 0.0540007 -257.259 -107.846
65 0.0476644 -270.212 -103.964
66 0.0369107 -283.109 -99.8999
67 0.0258627 -295.953 -95.674
68 0.0160715 -308.75 -91.3053
69 0.00873241 -321.503 -86.8097
70 0.00562128 -334.216 -82.2017
71 0.00505717 -346.893 -77.4946
72 0.00453915 -359.538 -72.7026
73 0.00526388 -372.155 -67.8353
74 0.0080366 -384.746 -62.9023
75 0.0102145 -397.315 -57.9148
76 0.0126389 -409.867 -52.8829
77 0.0141481 -422.404 -47.8134
78 0.0141383 -434.931 -42.7182
79 0.0103079 -447.448 -37.601
80 0.00422874 -459.96 -32.4707
81 -0.000524669 -472.467 -27.3292
82 -0.00278927 -484.971 -22.1779
83 -0.00746938 -497.47 -17.02
84 -0.0130603 -509.969 -11.8584

Types

1 1
2 2
3 3
4 4
5 5
6 6
7 7
8 8
9 9
10 10
11 11
12 12
13 13
14 14
15 15
16 16
17 17
18 18
19 19
20 20
21 21
22 22
23 23
24 24
25 25
26 26
27 27
28 28
29 29
30 30
31 31
32 32
33 33
34 34
35 35
36 36
37 37
38 38
39 39
40 40
41 41
42 42
43 43
44 44
45 45
46 46
47 47
48 48
49 49
50 50
51 51
52 52
53 53
54 54
55 55
56 56
57 57
58 58
59 59
60 60
61 61
62 62
63 63
64 64
65 65
66 66
67 67
68 68
69 69
70 70
71 71
72 72
73 73
74 74
75 75
76 76
77 77
78 78
79 79
80 80
81 81
82 82
83 83
84 84

Molecules

1 1
2 1
3 1
4 1
5 1
6 1
7 1
8 1
9 1
10 1
11 1
12 1
13 1
14 1
15 1
16 1
17 1
18 1
19 1
20 1
21 1
22 1
23 1
24 1
25 1
26 1
27 1
28 1
29 1
30 1
31 1
32 1
33 1
34 1
35 1
36 1
37 1
38 1
39 1
40 1
41 1
42 1
43 1
44 1
45 1
46 1
47 1
48 1
49 1
50 1
51 1
52 1
53 1
54 1
55 1
56 1
57 1
58 1
59 1
60 1
61 1
62 1
63 1
64 1
65 1
66 1
67 1
68 1
69 1
70 1
71 1
72 1
73 1
74 1
75 1
76 1
77 1
78 1
79 1
80 1
81 1
82 1
83 1
84 1

Bonds

1 1 1 2 
2 2 2 3 
3 3 3 4 
4 4 4 5 
5 5 5 6 
6 6 6 7 
7 7 7 8 
8 8 8 9 
9 9 9 10 
10 10 10 11 
11 11 11 12 
12 12 12 13 
13 13 13 14 
14 14 14 15 
15 15 15 16 
16 16 16 17 
17 17 17 18 
18 18 18 19 
19 19 19 20 
20 20 20 21 
21 21 21 22 
22 22 22 23 
23 23 23 24 
24 24 24 25 
25 25 25 26 
26 26 26 27 
27 27 27 28 
28 28 28 29 
29 29 29 30 
30 30 30 31 
31 31 31 32 
32 32 32 33 
33 33 33 34 
34 34 34 35 
35 35 35 36 
36 36 36 37 
37 37 37 38 
38 38 38 39 
39 39 39 40 
40 40 40 41 
41 41 41 42 
42 42 42 43 
43 43 43 44 
44 44 44 45 
45 45 45 46 
46 46 46 47 
47 47 47 48 
48 48 48 49 
49 49 49 50 
50 50 50 51 
51 51 51 52 
52 52 52 53 
53 53 53 54 
54 54 54 55 
55 55 55 56 
56 56 56 57 
57 57 57 58 
58 58 58 59 
59 59 59 60 
60 60 60 61 
61 61 61 62 
62 62 62 63 
63 63 63 64 
64 64 64 65 
65 65 65 66 
66 66 66 67 
67 67 67 68 
68 68 68 69 
69 69 69 70 
70 70 70 71 
71 71 71 72 
72 72 72 73 
73 73 73 74 
74 74 74 75 
75 75 75 76 
76 76 76 77 
77 77 77 78 
78 78 78 79 
79 79 79 80 
80 80 80 81 
81 81 81 82 
82 82 82 83 
83 83 83 84 

Angles

1 1 1 2 3 
2 2 2 3 4 
3 3 3 4 5 
4 4 4 5 6 
5 5 5 6 7 
6 6 6 7 8 
7 7 7 8 9 
8 8 8 9 10 
9 9 9 10 11 
10 10 10 11 12 
11 11 11 12 13 
12 12 12 13 14 
13 13 13 14 15 
14 14 14 15 16 
15 15 15 16 17 
16 16 16 17 18 
17 17 17 18 19 
18 18 18 19 20 
19 19 19 20 21 
20 20 20 21 22 
21 21 21 22 23 
22 22 22 23 24 
23 23 23 24 25 
24 24 24 25 26 
25 25 25 26 27 
26 26 26 27 28 
27 27 27 28 29 
28 28 28 29 30 
29 29 29 30 31 
30 30 30 31 32 
31 31 31 32 33 
32 32 32 33 34 
33 33 33 34 35 
34 34 34 35 36 
35 35 35 36 37 
36 36 36 37 38 
37 37 37 38 39 
38 38 38 39 40 
39 39 39 40 41 
40 40 40 41 42 
41 41 41 42 43 
42 42 42 43 44 
43 43 43 44 45 
44 44 44 45 46 
45 45 45 46 47 
46 46 46 47 48 
47 47 47 48 49 
48 48 48 49 50 
49 49 49 50 51 
50 50 50 51 52 
51 51 51 52 53 
52 52 52 53 54 
53 53 53 54 55 
54 54 54 55 56 
55 55 55 56 57 
56 56 56 57 58 
57 57 57 58 59 
58 58 58 59 60 
59 59 59 60 61 
60 60 60 61 62 
61 61 61 62 63 
62 62 62 63 64 
63 63 63 64 65 
64 64 64 65 66 
65 65 65 66 67 
66 66 66 67 68 
67 67 67 68 69 
68 68 68 69 70 
69 69 69 70 71 
70 70 70 71 72 
71 71 71 72 73 
72 72 72 73 74 
73 73 73 74 75 
74 74 74 75 76 
75 75 75 76 77 
76 76 76 77 78 
77 77 77 78 79 
78 78 78 79 80 
79 79 79 80 81 
80 80 80 81 82 
81 81 81 82 83 
82 82 82 83 84 
