# Minimized Production Model for dispRatio of 0.70

84 atoms
83 bonds
82 angles
0 dihedrals
0 impropers


Coords

1 -0.0130603 -5.36546 -11.8584
2 6.41211 -5.70551 -23.7339
3 12.8362 -6.09048 -35.6086
4 19.2577 -6.56718 -47.4813
5 25.6746 -7.18489 -59.3497
6 32.0837 -7.9945 -71.2105
7 38.4806 -9.04775 -83.0584
8 44.8598 -10.395 -94.8855
9 51.2149 -12.0837 -106.682
10 57.5376 -14.1577 -118.433
11 63.8175 -16.6577 -130.124
12 70.0427 -19.6227 -141.735
13 76.2006 -23.0908 -153.242
14 82.2769 -27.0983 -164.615
15 88.254 -31.6786 -175.822
16 94.1113 -36.8603 -186.829
17 99.8267 -42.6648 -197.596
18 105.379 -49.1038 -208.084
19 110.747 -56.1811 -218.252
20 115.91 -63.8927 -228.059
21 120.847 -72.2282 -237.464
22 125.535 -81.1713 -246.428
23 129.952 -90.6998 -254.913
24 134.079 -100.787 -262.883
25 137.9 -111.398 -270.305
26 141.403 -122.496 -277.149
27 144.578 -134.038 -283.394
28 147.417 -145.978 -289.023
29 149.913 -158.27 -294.022
30 152.059 -170.868 -298.379
31 153.85 -183.729 -302.082
32 155.282 -196.806 -305.122
33 156.353 -210.055 -307.495
34 157.066 -223.431 -309.2
35 157.427 -236.889 -310.245
36 157.442 -250.386 -310.641
37 157.121 -263.885 -310.405
38 156.476 -277.348 -309.561
39 155.526 -290.745 -308.137
40 154.291 -304.05 -306.162
41 152.789 -317.24 -303.668
42 151.036 -330.299 -300.691
43 149.054 -343.215 -297.264
44 146.861 -355.98 -293.423
45 144.476 -368.589 -289.201
46 141.915 -381.041 -284.625
47 139.192 -393.332 -279.722
48 136.318 -405.465 -274.52
49 133.305 -417.442 -269.042
50 130.162 -429.265 -263.309
51 126.9 -440.938 -257.341
52 123.531 -452.467 -251.156
53 120.068 -463.858 -244.769
54 116.524 -475.117 -238.196
55 112.907 -486.251 -231.453
56 109.224 -497.27 -224.557
57 105.48 -508.182 -217.526
58 101.685 -518.999 -210.376
59 97.8465 -529.732 -203.122
60 93.9713 -540.389 -195.776
61 90.0672 -550.981 -188.353
62 86.1429 -561.519 -180.863
63 82.207 -572.014 -173.319
64 78.2649 -582.477 -165.733
65 74.3176 -592.914 -158.115
66 70.3644 -603.33 -150.474
67 66.4073 -613.73 -142.812
68 62.4507 -624.118 -135.135
69 58.499 -634.499 -127.447
70 54.5543 -644.876 -119.75
71 50.6166 -655.251 -112.047
72 46.684 -665.626 -104.342
73 42.7557 -676 -96.6344
74 38.8326 -686.375 -88.923
75 34.9159 -696.75 -81.2088
76 31.0089 -707.128 -73.493
77 27.1102 -717.51 -65.7781
78 23.2191 -727.895 -58.0657
79 19.3309 -738.285 -50.3565
80 15.4465 -748.679 -42.6526
81 11.5669 -759.077 -34.9513
82 7.69779 -769.482 -27.2526
83 3.83838 -779.891 -19.555
84 -0.0130603 -790.304 -11.8584

Types

1 1
2 2
3 3
4 4
5 5
6 6
7 7
8 8
9 9
10 10
11 11
12 12
13 13
14 14
15 15
16 16
17 17
18 18
19 19
20 20
21 21
22 22
23 23
24 24
25 25
26 26
27 27
28 28
29 29
30 30
31 31
32 32
33 33
34 34
35 35
36 36
37 37
38 38
39 39
40 40
41 41
42 42
43 43
44 44
45 45
46 46
47 47
48 48
49 49
50 50
51 51
52 52
53 53
54 54
55 55
56 56
57 57
58 58
59 59
60 60
61 61
62 62
63 63
64 64
65 65
66 66
67 67
68 68
69 69
70 70
71 71
72 72
73 73
74 74
75 75
76 76
77 77
78 78
79 79
80 80
81 81
82 82
83 83
84 84

Molecules

1 1
2 1
3 1
4 1
5 1
6 1
7 1
8 1
9 1
10 1
11 1
12 1
13 1
14 1
15 1
16 1
17 1
18 1
19 1
20 1
21 1
22 1
23 1
24 1
25 1
26 1
27 1
28 1
29 1
30 1
31 1
32 1
33 1
34 1
35 1
36 1
37 1
38 1
39 1
40 1
41 1
42 1
43 1
44 1
45 1
46 1
47 1
48 1
49 1
50 1
51 1
52 1
53 1
54 1
55 1
56 1
57 1
58 1
59 1
60 1
61 1
62 1
63 1
64 1
65 1
66 1
67 1
68 1
69 1
70 1
71 1
72 1
73 1
74 1
75 1
76 1
77 1
78 1
79 1
80 1
81 1
82 1
83 1
84 1

Bonds

1 1 1 2 
2 2 2 3 
3 3 3 4 
4 4 4 5 
5 5 5 6 
6 6 6 7 
7 7 7 8 
8 8 8 9 
9 9 9 10 
10 10 10 11 
11 11 11 12 
12 12 12 13 
13 13 13 14 
14 14 14 15 
15 15 15 16 
16 16 16 17 
17 17 17 18 
18 18 18 19 
19 19 19 20 
20 20 20 21 
21 21 21 22 
22 22 22 23 
23 23 23 24 
24 24 24 25 
25 25 25 26 
26 26 26 27 
27 27 27 28 
28 28 28 29 
29 29 29 30 
30 30 30 31 
31 31 31 32 
32 32 32 33 
33 33 33 34 
34 34 34 35 
35 35 35 36 
36 36 36 37 
37 37 37 38 
38 38 38 39 
39 39 39 40 
40 40 40 41 
41 41 41 42 
42 42 42 43 
43 43 43 44 
44 44 44 45 
45 45 45 46 
46 46 46 47 
47 47 47 48 
48 48 48 49 
49 49 49 50 
50 50 50 51 
51 51 51 52 
52 52 52 53 
53 53 53 54 
54 54 54 55 
55 55 55 56 
56 56 56 57 
57 57 57 58 
58 58 58 59 
59 59 59 60 
60 60 60 61 
61 61 61 62 
62 62 62 63 
63 63 63 64 
64 64 64 65 
65 65 65 66 
66 66 66 67 
67 67 67 68 
68 68 68 69 
69 69 69 70 
70 70 70 71 
71 71 71 72 
72 72 72 73 
73 73 73 74 
74 74 74 75 
75 75 75 76 
76 76 76 77 
77 77 77 78 
78 78 78 79 
79 79 79 80 
80 80 80 81 
81 81 81 82 
82 82 82 83 
83 83 83 84 

Angles

1 1 1 2 3 
2 2 2 3 4 
3 3 3 4 5 
4 4 4 5 6 
5 5 5 6 7 
6 6 6 7 8 
7 7 7 8 9 
8 8 8 9 10 
9 9 9 10 11 
10 10 10 11 12 
11 11 11 12 13 
12 12 12 13 14 
13 13 13 14 15 
14 14 14 15 16 
15 15 15 16 17 
16 16 16 17 18 
17 17 17 18 19 
18 18 18 19 20 
19 19 19 20 21 
20 20 20 21 22 
21 21 21 22 23 
22 22 22 23 24 
23 23 23 24 25 
24 24 24 25 26 
25 25 25 26 27 
26 26 26 27 28 
27 27 27 28 29 
28 28 28 29 30 
29 29 29 30 31 
30 30 30 31 32 
31 31 31 32 33 
32 32 32 33 34 
33 33 33 34 35 
34 34 34 35 36 
35 35 35 36 37 
36 36 36 37 38 
37 37 37 38 39 
38 38 38 39 40 
39 39 39 40 41 
40 40 40 41 42 
41 41 41 42 43 
42 42 42 43 44 
43 43 43 44 45 
44 44 44 45 46 
45 45 45 46 47 
46 46 46 47 48 
47 47 47 48 49 
48 48 48 49 50 
49 49 49 50 51 
50 50 50 51 52 
51 51 51 52 53 
52 52 52 53 54 
53 53 53 54 55 
54 54 54 55 56 
55 55 55 56 57 
56 56 56 57 58 
57 57 57 58 59 
58 58 58 59 60 
59 59 59 60 61 
60 60 60 61 62 
61 61 61 62 63 
62 62 62 63 64 
63 63 63 64 65 
64 64 64 65 66 
65 65 65 66 67 
66 66 66 67 68 
67 67 67 68 69 
68 68 68 69 70 
69 69 69 70 71 
70 70 70 71 72 
71 71 71 72 73 
72 72 72 73 74 
73 73 73 74 75 
74 74 74 75 76 
75 75 75 76 77 
76 76 76 77 78 
77 77 77 78 79 
78 78 78 79 80 
79 79 79 80 81 
80 80 80 81 82 
81 81 81 82 83 
82 82 82 83 84 
