# Minimized Production Model for dispRatio of 1.00

84 atoms
83 bonds
82 angles
0 dihedrals
0 impropers


Coords

1 -0.0130603 162.836 -11.8584
2 -0.0588873 149.545 -9.19149
3 -0.10149 136.252 -6.53902
4 -0.140525 122.953 -3.9148
5 -0.175474 109.645 -1.33437
6 -0.205984 96.3265 1.18801
7 -0.231107 82.9947 3.63929
8 -0.250321 69.647 6.00486
9 -0.26135 56.2824 8.27191
10 -0.262915 42.8995 10.429
11 -0.254133 29.4978 12.4653
12 -0.234805 16.0773 14.3734
13 -0.207306 2.63795 16.1445
14 -0.170006 -10.8194 17.771
15 -0.12117 -24.2942 19.2472
16 -0.0599118 -37.785 20.5671
17 0.0136352 -51.2906 21.7264
18 0.0972049 -64.8091 22.7229
19 0.190439 -78.3386 23.5555
20 0.291426 -91.8772 24.2249
21 0.40021 -105.423 24.7335
22 0.516753 -118.973 25.0839
23 0.639824 -132.527 25.2805
24 0.770184 -146.082 25.3286
25 0.904933 -159.637 25.2334
26 1.04232 -173.19 25.0027
27 1.18135 -186.741 24.6436
28 1.31974 -200.288 24.1646
29 1.45644 -213.83 23.5756
30 1.58932 -227.369 22.8866
31 1.7171 -240.902 22.1086
32 1.83941 -254.431 21.251
33 1.95458 -267.956 20.3236
34 2.06172 -281.477 19.3367
35 2.15935 -294.993 18.2981
36 2.2465 -308.507 17.2194
37 2.32258 -322.019 16.1111
38 2.38466 -335.529 14.9847
39 2.43475 -349.039 13.8509
40 2.46934 -362.548 12.7145
41 2.49166 -376.058 11.5811
42 2.49974 -389.569 10.4581
43 2.49445 -403.082 9.34986
44 2.47293 -416.596 8.26521
45 2.43797 -430.113 7.20982
46 2.39057 -443.632 6.18849
47 2.33266 -457.154 5.20691
48 2.26666 -470.68 4.26489
49 2.19103 -484.208 3.36165
50 2.10524 -497.739 2.49826
51 2.01032 -511.272 1.6751
52 1.90545 -524.808 0.892747
53 1.79536 -538.346 0.151909
54 1.68236 -551.886 -0.547224
55 1.56583 -565.429 -1.20416
56 1.44862 -578.973 -1.81966
57 1.33241 -592.52 -2.39751
58 1.21825 -606.067 -2.94206
59 1.10783 -619.616 -3.45545
60 0.998735 -633.166 -3.94116
61 0.890022 -646.717 -4.40099
62 0.784349 -660.269 -4.83617
63 0.682806 -673.822 -5.24955
64 0.587577 -687.376 -5.64222
65 0.501614 -700.93 -6.01595
66 0.425367 -714.484 -6.37329
67 0.357508 -728.04 -6.71744
68 0.293266 -741.595 -7.05458
69 0.229535 -755.151 -7.38375
70 0.17055 -768.707 -7.70342
71 0.119006 -782.263 -8.01477
72 0.0796413 -795.82 -8.31925
73 0.0484727 -809.377 -8.62287
74 0.0246137 -822.933 -8.92151
75 0.00466879 -836.491 -9.21562
76 -0.0109222 -850.048 -9.50563
77 -0.0235058 -863.605 -9.79534
78 -0.0317704 -877.162 -10.0878
79 -0.0349284 -890.719 -10.3815
80 -0.032867 -904.277 -10.6762
81 -0.0274427 -917.834 -10.9718
82 -0.0220645 -931.391 -11.2674
83 -0.0168729 -944.948 -11.5631
84 -0.0130603 -958.505 -11.8584

Types

1 1
2 2
3 3
4 4
5 5
6 6
7 7
8 8
9 9
10 10
11 11
12 12
13 13
14 14
15 15
16 16
17 17
18 18
19 19
20 20
21 21
22 22
23 23
24 24
25 25
26 26
27 27
28 28
29 29
30 30
31 31
32 32
33 33
34 34
35 35
36 36
37 37
38 38
39 39
40 40
41 41
42 42
43 43
44 44
45 45
46 46
47 47
48 48
49 49
50 50
51 51
52 52
53 53
54 54
55 55
56 56
57 57
58 58
59 59
60 60
61 61
62 62
63 63
64 64
65 65
66 66
67 67
68 68
69 69
70 70
71 71
72 72
73 73
74 74
75 75
76 76
77 77
78 78
79 79
80 80
81 81
82 82
83 83
84 84

Molecules

1 1
2 1
3 1
4 1
5 1
6 1
7 1
8 1
9 1
10 1
11 1
12 1
13 1
14 1
15 1
16 1
17 1
18 1
19 1
20 1
21 1
22 1
23 1
24 1
25 1
26 1
27 1
28 1
29 1
30 1
31 1
32 1
33 1
34 1
35 1
36 1
37 1
38 1
39 1
40 1
41 1
42 1
43 1
44 1
45 1
46 1
47 1
48 1
49 1
50 1
51 1
52 1
53 1
54 1
55 1
56 1
57 1
58 1
59 1
60 1
61 1
62 1
63 1
64 1
65 1
66 1
67 1
68 1
69 1
70 1
71 1
72 1
73 1
74 1
75 1
76 1
77 1
78 1
79 1
80 1
81 1
82 1
83 1
84 1

Bonds

1 1 1 2 
2 2 2 3 
3 3 3 4 
4 4 4 5 
5 5 5 6 
6 6 6 7 
7 7 7 8 
8 8 8 9 
9 9 9 10 
10 10 10 11 
11 11 11 12 
12 12 12 13 
13 13 13 14 
14 14 14 15 
15 15 15 16 
16 16 16 17 
17 17 17 18 
18 18 18 19 
19 19 19 20 
20 20 20 21 
21 21 21 22 
22 22 22 23 
23 23 23 24 
24 24 24 25 
25 25 25 26 
26 26 26 27 
27 27 27 28 
28 28 28 29 
29 29 29 30 
30 30 30 31 
31 31 31 32 
32 32 32 33 
33 33 33 34 
34 34 34 35 
35 35 35 36 
36 36 36 37 
37 37 37 38 
38 38 38 39 
39 39 39 40 
40 40 40 41 
41 41 41 42 
42 42 42 43 
43 43 43 44 
44 44 44 45 
45 45 45 46 
46 46 46 47 
47 47 47 48 
48 48 48 49 
49 49 49 50 
50 50 50 51 
51 51 51 52 
52 52 52 53 
53 53 53 54 
54 54 54 55 
55 55 55 56 
56 56 56 57 
57 57 57 58 
58 58 58 59 
59 59 59 60 
60 60 60 61 
61 61 61 62 
62 62 62 63 
63 63 63 64 
64 64 64 65 
65 65 65 66 
66 66 66 67 
67 67 67 68 
68 68 68 69 
69 69 69 70 
70 70 70 71 
71 71 71 72 
72 72 72 73 
73 73 73 74 
74 74 74 75 
75 75 75 76 
76 76 76 77 
77 77 77 78 
78 78 78 79 
79 79 79 80 
80 80 80 81 
81 81 81 82 
82 82 82 83 
83 83 83 84 

Angles

1 1 1 2 3 
2 2 2 3 4 
3 3 3 4 5 
4 4 4 5 6 
5 5 5 6 7 
6 6 6 7 8 
7 7 7 8 9 
8 8 8 9 10 
9 9 9 10 11 
10 10 10 11 12 
11 11 11 12 13 
12 12 12 13 14 
13 13 13 14 15 
14 14 14 15 16 
15 15 15 16 17 
16 16 16 17 18 
17 17 17 18 19 
18 18 18 19 20 
19 19 19 20 21 
20 20 20 21 22 
21 21 21 22 23 
22 22 22 23 24 
23 23 23 24 25 
24 24 24 25 26 
25 25 25 26 27 
26 26 26 27 28 
27 27 27 28 29 
28 28 28 29 30 
29 29 29 30 31 
30 30 30 31 32 
31 31 31 32 33 
32 32 32 33 34 
33 33 33 34 35 
34 34 34 35 36 
35 35 35 36 37 
36 36 36 37 38 
37 37 37 38 39 
38 38 38 39 40 
39 39 39 40 41 
40 40 40 41 42 
41 41 41 42 43 
42 42 42 43 44 
43 43 43 44 45 
44 44 44 45 46 
45 45 45 46 47 
46 46 46 47 48 
47 47 47 48 49 
48 48 48 49 50 
49 49 49 50 51 
50 50 50 51 52 
51 51 51 52 53 
52 52 52 53 54 
53 53 53 54 55 
54 54 54 55 56 
55 55 55 56 57 
56 56 56 57 58 
57 57 57 58 59 
58 58 58 59 60 
59 59 59 60 61 
60 60 60 61 62 
61 61 61 62 63 
62 62 62 63 64 
63 63 63 64 65 
64 64 64 65 66 
65 65 65 66 67 
66 66 66 67 68 
67 67 67 68 69 
68 68 68 69 70 
69 69 69 70 71 
70 70 70 71 72 
71 71 71 72 73 
72 72 72 73 74 
73 73 73 74 75 
74 74 74 75 76 
75 75 75 76 77 
76 76 76 77 78 
77 77 77 78 79 
78 78 78 79 80 
79 79 79 80 81 
80 80 80 81 82 
81 81 81 82 83 
82 82 82 83 84 
