# Minimized Production Model for dispRatio of 0.45

84 atoms
83 bonds
82 angles
0 dihedrals
0 impropers


Coords

1 -0.0130603 -145.533 -11.8584
2 -0.0112491 -132.46 -8.45874
3 -0.00980185 -119.357 -5.1816
4 -0.00954714 -106.194 -2.15186
5 -0.0125986 -92.9518 0.505886
6 -0.0187123 -79.6201 2.66652
7 -0.0252461 -66.2031 4.20555
8 -0.0300185 -52.7224 4.99854
9 -0.0328751 -39.2197 4.92191
10 -0.034844 -25.76 3.85813
11 -0.0360088 -12.434 1.69583
12 -0.0341317 0.640123 -1.66152
13 -0.0271367 13.318 -6.28963
14 -0.0153125 25.4328 -12.2343
15 0.000915929 36.7999 -19.5033
16 0.0202568 47.225 -28.0666
17 0.0399685 56.5124 -37.8502
18 0.0595888 64.4754 -48.7377
19 0.0799567 70.9451 -60.5733
20 0.098533 75.7818 -73.1641
21 0.114154 78.8832 -86.291
22 0.127584 80.1907 -99.7166
23 0.138365 79.6904 -113.197
24 0.146776 77.4139 -126.495
25 0.151672 73.4362 -139.387
26 0.151569 67.8662 -151.679
27 0.147522 60.8435 -163.204
28 0.141128 52.5239 -173.834
29 0.134741 43.0723 -183.475
30 0.131948 32.6562 -192.067
31 0.132972 21.4344 -199.581
32 0.137516 9.55778 -206.015
33 0.144992 -2.83688 -211.388
34 0.154399 -15.629 -215.736
35 0.16579 -28.7147 -219.106
36 0.178393 -42.0051 -221.554
37 0.191605 -55.427 -223.141
38 0.204302 -68.9204 -223.928
39 0.213261 -82.4381 -223.982
40 0.21766 -95.9427 -223.366
41 0.217917 -109.407 -222.144
42 0.213555 -122.812 -220.373
43 0.206326 -136.142 -218.106
44 0.195645 -149.389 -215.391
45 0.183077 -162.547 -212.272
46 0.171517 -175.616 -208.793
47 0.160021 -188.595 -204.997
48 0.147988 -201.49 -200.919
49 0.136708 -214.304 -196.594
50 0.128012 -227.043 -192.053
51 0.124161 -239.714 -187.324
52 0.125788 -252.324 -182.435
53 0.130174 -264.882 -177.412
54 0.133666 -277.395 -172.279
55 0.135596 -289.871 -167.054
56 0.134693 -302.315 -161.753
57 0.130963 -314.732 -156.391
58 0.126094 -327.128 -150.978
59 0.118714 -339.508 -145.528
60 0.108407 -351.875 -140.051
61 0.0965269 -364.236 -134.557
62 0.0825647 -376.592 -129.054
63 0.0686109 -388.947 -123.546
64 0.0593083 -401.302 -118.041
65 0.0529078 -413.662 -112.545
66 0.0485586 -426.028 -107.06
67 0.0444933 -438.401 -101.594
68 0.0401896 -450.784 -96.1484
69 0.0344744 -463.178 -90.7262
70 0.029983 -475.581 -85.3275
71 0.0302005 -487.996 -79.9519
72 0.0356051 -500.42 -74.6005
73 0.0439119 -512.855 -69.2714
74 0.0495972 -525.299 -63.965
75 0.0511616 -537.753 -58.6821
76 0.0496075 -550.218 -53.423
77 0.0448609 -562.692 -48.1871
78 0.0397325 -575.173 -42.9694
79 0.0346376 -587.66 -37.7662
80 0.0302308 -600.151 -32.5734
81 0.0246862 -612.646 -27.3886
82 0.0146146 -625.141 -22.2086
83 0.00199453 -637.638 -17.0312
84 -0.0130603 -650.136 -11.8584

Types

1 1
2 2
3 3
4 4
5 5
6 6
7 7
8 8
9 9
10 10
11 11
12 12
13 13
14 14
15 15
16 16
17 17
18 18
19 19
20 20
21 21
22 22
23 23
24 24
25 25
26 26
27 27
28 28
29 29
30 30
31 31
32 32
33 33
34 34
35 35
36 36
37 37
38 38
39 39
40 40
41 41
42 42
43 43
44 44
45 45
46 46
47 47
48 48
49 49
50 50
51 51
52 52
53 53
54 54
55 55
56 56
57 57
58 58
59 59
60 60
61 61
62 62
63 63
64 64
65 65
66 66
67 67
68 68
69 69
70 70
71 71
72 72
73 73
74 74
75 75
76 76
77 77
78 78
79 79
80 80
81 81
82 82
83 83
84 84

Molecules

1 1
2 1
3 1
4 1
5 1
6 1
7 1
8 1
9 1
10 1
11 1
12 1
13 1
14 1
15 1
16 1
17 1
18 1
19 1
20 1
21 1
22 1
23 1
24 1
25 1
26 1
27 1
28 1
29 1
30 1
31 1
32 1
33 1
34 1
35 1
36 1
37 1
38 1
39 1
40 1
41 1
42 1
43 1
44 1
45 1
46 1
47 1
48 1
49 1
50 1
51 1
52 1
53 1
54 1
55 1
56 1
57 1
58 1
59 1
60 1
61 1
62 1
63 1
64 1
65 1
66 1
67 1
68 1
69 1
70 1
71 1
72 1
73 1
74 1
75 1
76 1
77 1
78 1
79 1
80 1
81 1
82 1
83 1
84 1

Bonds

1 1 1 2 
2 2 2 3 
3 3 3 4 
4 4 4 5 
5 5 5 6 
6 6 6 7 
7 7 7 8 
8 8 8 9 
9 9 9 10 
10 10 10 11 
11 11 11 12 
12 12 12 13 
13 13 13 14 
14 14 14 15 
15 15 15 16 
16 16 16 17 
17 17 17 18 
18 18 18 19 
19 19 19 20 
20 20 20 21 
21 21 21 22 
22 22 22 23 
23 23 23 24 
24 24 24 25 
25 25 25 26 
26 26 26 27 
27 27 27 28 
28 28 28 29 
29 29 29 30 
30 30 30 31 
31 31 31 32 
32 32 32 33 
33 33 33 34 
34 34 34 35 
35 35 35 36 
36 36 36 37 
37 37 37 38 
38 38 38 39 
39 39 39 40 
40 40 40 41 
41 41 41 42 
42 42 42 43 
43 43 43 44 
44 44 44 45 
45 45 45 46 
46 46 46 47 
47 47 47 48 
48 48 48 49 
49 49 49 50 
50 50 50 51 
51 51 51 52 
52 52 52 53 
53 53 53 54 
54 54 54 55 
55 55 55 56 
56 56 56 57 
57 57 57 58 
58 58 58 59 
59 59 59 60 
60 60 60 61 
61 61 61 62 
62 62 62 63 
63 63 63 64 
64 64 64 65 
65 65 65 66 
66 66 66 67 
67 67 67 68 
68 68 68 69 
69 69 69 70 
70 70 70 71 
71 71 71 72 
72 72 72 73 
73 73 73 74 
74 74 74 75 
75 75 75 76 
76 76 76 77 
77 77 77 78 
78 78 78 79 
79 79 79 80 
80 80 80 81 
81 81 81 82 
82 82 82 83 
83 83 83 84 

Angles

1 1 1 2 3 
2 2 2 3 4 
3 3 3 4 5 
4 4 4 5 6 
5 5 5 6 7 
6 6 6 7 8 
7 7 7 8 9 
8 8 8 9 10 
9 9 9 10 11 
10 10 10 11 12 
11 11 11 12 13 
12 12 12 13 14 
13 13 13 14 15 
14 14 14 15 16 
15 15 15 16 17 
16 16 16 17 18 
17 17 17 18 19 
18 18 18 19 20 
19 19 19 20 21 
20 20 20 21 22 
21 21 21 22 23 
22 22 22 23 24 
23 23 23 24 25 
24 24 24 25 26 
25 25 25 26 27 
26 26 26 27 28 
27 27 27 28 29 
28 28 28 29 30 
29 29 29 30 31 
30 30 30 31 32 
31 31 31 32 33 
32 32 32 33 34 
33 33 33 34 35 
34 34 34 35 36 
35 35 35 36 37 
36 36 36 37 38 
37 37 37 38 39 
38 38 38 39 40 
39 39 39 40 41 
40 40 40 41 42 
41 41 41 42 43 
42 42 42 43 44 
43 43 43 44 45 
44 44 44 45 46 
45 45 45 46 47 
46 46 46 47 48 
47 47 47 48 49 
48 48 48 49 50 
49 49 49 50 51 
50 50 50 51 52 
51 51 51 52 53 
52 52 52 53 54 
53 53 53 54 55 
54 54 54 55 56 
55 55 55 56 57 
56 56 56 57 58 
57 57 57 58 59 
58 58 58 59 60 
59 59 59 60 61 
60 60 60 61 62 
61 61 61 62 63 
62 62 62 63 64 
63 63 63 64 65 
64 64 64 65 66 
65 65 65 66 67 
66 66 66 67 68 
67 67 67 68 69 
68 68 68 69 70 
69 69 69 70 71 
70 70 70 71 72 
71 71 71 72 73 
72 72 72 73 74 
73 73 73 74 75 
74 74 74 75 76 
75 75 75 76 77 
76 76 76 77 78 
77 77 77 78 79 
78 78 78 79 80 
79 79 79 80 81 
80 80 80 81 82 
81 81 81 82 83 
82 82 82 83 84 
