# Minimized Production Model for dispRatio of 0.25

42 atoms
41 bonds
40 angles
0 dihedrals
0 impropers


Coords

1 -1.51708 113.786 -83.5037
2 -8.50058 92.0006 -68.3909
3 -14.8513 70.2656 -52.9389
4 -19.9776 48.6792 -36.8343
5 -23.3057 27.4434 -19.8155
6 -24.2299 6.88759 -1.70299
7 -22.148 -12.51 17.5585
8 -16.5763 -30.1081 37.8182
9 -7.24268 -45.1457 58.7503
10 5.8885 -56.7533 79.8275
11 22.5617 -64.0483 100.321
12 42.1545 -66.3107 119.346
13 63.6984 -63.1286 135.995
14 85.9533 -54.4326 149.42
15 107.565 -40.5139 158.929
16 127.162 -22.0581 164.089
17 143.542 -0.0917634 164.786
18 155.779 24.1682 161.171
19 163.255 49.4313 153.581
20 165.666 74.4006 142.523
21 163.036 97.8985 128.651
22 155.668 118.916 112.663
23 144.068 136.606 95.2178
24 128.909 150.275 76.911
25 110.992 159.431 58.2948
26 91.1758 163.804 39.8556
27 70.3506 163.296 22.0289
28 49.4022 157.938 5.17218
29 29.2103 147.921 -10.433
30 10.5765 133.632 -24.5876
31 -5.81198 115.606 -37.1502
32 -19.4304 94.4367 -48.0127
33 -29.9027 70.7945 -57.1248
34 -37.0539 45.3911 -64.5533
35 -40.8978 18.8963 -70.4421
36 -41.591 -8.14089 -74.9453
37 -39.4213 -35.2747 -78.2162
38 -34.8032 -62.211 -80.4537
39 -28.2257 -88.79 -81.89
40 -20.1694 -114.986 -82.7481
41 -11.1055 -140.859 -83.2219
42 -1.51708 -166.549 -83.5037

Types

1 1
2 2
3 3
4 4
5 5
6 6
7 7
8 8
9 9
10 10
11 11
12 12
13 13
14 14
15 15
16 16
17 17
18 18
19 19
20 20
21 21
22 22
23 23
24 24
25 25
26 26
27 27
28 28
29 29
30 30
31 31
32 32
33 33
34 34
35 35
36 36
37 37
38 38
39 39
40 40
41 41
42 42

Molecules

1 1
2 1
3 1
4 1
5 1
6 1
7 1
8 1
9 1
10 1
11 1
12 1
13 1
14 1
15 1
16 1
17 1
18 1
19 1
20 1
21 1
22 1
23 1
24 1
25 1
26 1
27 1
28 1
29 1
30 1
31 1
32 1
33 1
34 1
35 1
36 1
37 1
38 1
39 1
40 1
41 1
42 1

Bonds

1 1 1 2 
2 2 2 3 
3 3 3 4 
4 4 4 5 
5 5 5 6 
6 6 6 7 
7 7 7 8 
8 8 8 9 
9 9 9 10 
10 10 10 11 
11 11 11 12 
12 12 12 13 
13 13 13 14 
14 14 14 15 
15 15 15 16 
16 16 16 17 
17 17 17 18 
18 18 18 19 
19 19 19 20 
20 20 20 21 
21 21 21 22 
22 22 22 23 
23 23 23 24 
24 24 24 25 
25 25 25 26 
26 26 26 27 
27 27 27 28 
28 28 28 29 
29 29 29 30 
30 30 30 31 
31 31 31 32 
32 32 32 33 
33 33 33 34 
34 34 34 35 
35 35 35 36 
36 36 36 37 
37 37 37 38 
38 38 38 39 
39 39 39 40 
40 40 40 41 
41 41 41 42 

Angles

1 1 1 2 3 
2 2 2 3 4 
3 3 3 4 5 
4 4 4 5 6 
5 5 5 6 7 
6 6 6 7 8 
7 7 7 8 9 
8 8 8 9 10 
9 9 9 10 11 
10 10 10 11 12 
11 11 11 12 13 
12 12 12 13 14 
13 13 13 14 15 
14 14 14 15 16 
15 15 15 16 17 
16 16 16 17 18 
17 17 17 18 19 
18 18 18 19 20 
19 19 19 20 21 
20 20 20 21 22 
21 21 21 22 23 
22 22 22 23 24 
23 23 23 24 25 
24 24 24 25 26 
25 25 25 26 27 
26 26 26 27 28 
27 27 27 28 29 
28 28 28 29 30 
29 29 29 30 31 
30 30 30 31 32 
31 31 31 32 33 
32 32 32 33 34 
33 33 33 34 35 
34 34 34 35 36 
35 35 35 36 37 
36 36 36 37 38 
37 37 37 38 39 
38 38 38 39 40 
39 39 39 40 41 
40 40 40 41 42 
