# Minimized Production Model for dispRatio of 0.02

42 atoms
41 bonds
40 angles
0 dihedrals
0 impropers


Coords

1 -1.51708 -15.1679 -83.5037
2 -20.0197 -16.8032 -63.3306
3 -37.6453 -18.5896 -42.4002
4 -53.4495 -20.6317 -20.0838
5 -66.334 -22.9547 4.00761
6 -75.1024 -25.4989 29.8568
7 -78.6098 -28.0691 56.9195
8 -75.927 -30.302 84.1037
9 -66.6009 -31.7479 109.834
10 -50.906 -31.943 132.297
11 -29.8744 -30.4444 149.806
12 -5.12503 -26.9306 161.051
13 21.3618 -21.2704 165.283
14 47.5083 -13.5277 162.414
15 71.3646 -3.94833 152.885
16 91.2181 7.07046 137.521
17 105.664 18.941 117.468
18 113.651 30.8873 94.1197
19 114.491 42.0328 69.0844
20 107.928 51.3732 44.154
21 94.2993 57.7967 21.2547
22 74.6709 60.3254 2.29723
23 50.8086 58.2576 -11.0209
24 25.1121 51.2521 -17.4618
25 0.366089 39.5022 -16.6209
26 -20.7344 23.742 -9.01633
27 -35.95 5.08894 4.08794
28 -43.7527 -15.2006 20.7775
29 -43.4283 -35.915 38.7284
30 -34.9878 -55.8654 55.5296
31 -19.1058 -73.8813 68.7561
32 2.71565 -88.815 75.9896
33 27.9281 -99.5078 75.2109
34 52.9367 -104.891 65.4331
35 73.4797 -104.465 47.3394
36 85.7292 -98.7989 23.5211
37 87.7413 -89.4147 -2.12729
38 80.0839 -78.2151 -25.9279
39 64.9514 -66.8653 -45.7563
40 44.9291 -56.3176 -61.2331
41 22.2521 -46.6923 -73.2781
42 -1.51708 -37.5947 -83.5037

Types

1 1
2 2
3 3
4 4
5 5
6 6
7 7
8 8
9 9
10 10
11 11
12 12
13 13
14 14
15 15
16 16
17 17
18 18
19 19
20 20
21 21
22 22
23 23
24 24
25 25
26 26
27 27
28 28
29 29
30 30
31 31
32 32
33 33
34 34
35 35
36 36
37 37
38 38
39 39
40 40
41 41
42 42

Molecules

1 1
2 1
3 1
4 1
5 1
6 1
7 1
8 1
9 1
10 1
11 1
12 1
13 1
14 1
15 1
16 1
17 1
18 1
19 1
20 1
21 1
22 1
23 1
24 1
25 1
26 1
27 1
28 1
29 1
30 1
31 1
32 1
33 1
34 1
35 1
36 1
37 1
38 1
39 1
40 1
41 1
42 1

Bonds

1 1 1 2 
2 2 2 3 
3 3 3 4 
4 4 4 5 
5 5 5 6 
6 6 6 7 
7 7 7 8 
8 8 8 9 
9 9 9 10 
10 10 10 11 
11 11 11 12 
12 12 12 13 
13 13 13 14 
14 14 14 15 
15 15 15 16 
16 16 16 17 
17 17 17 18 
18 18 18 19 
19 19 19 20 
20 20 20 21 
21 21 21 22 
22 22 22 23 
23 23 23 24 
24 24 24 25 
25 25 25 26 
26 26 26 27 
27 27 27 28 
28 28 28 29 
29 29 29 30 
30 30 30 31 
31 31 31 32 
32 32 32 33 
33 33 33 34 
34 34 34 35 
35 35 35 36 
36 36 36 37 
37 37 37 38 
38 38 38 39 
39 39 39 40 
40 40 40 41 
41 41 41 42 

Angles

1 1 1 2 3 
2 2 2 3 4 
3 3 3 4 5 
4 4 4 5 6 
5 5 5 6 7 
6 6 6 7 8 
7 7 7 8 9 
8 8 8 9 10 
9 9 9 10 11 
10 10 10 11 12 
11 11 11 12 13 
12 12 12 13 14 
13 13 13 14 15 
14 14 14 15 16 
15 15 15 16 17 
16 16 16 17 18 
17 17 17 18 19 
18 18 18 19 20 
19 19 19 20 21 
20 20 20 21 22 
21 21 21 22 23 
22 22 22 23 24 
23 23 23 24 25 
24 24 24 25 26 
25 25 25 26 27 
26 26 26 27 28 
27 27 27 28 29 
28 28 28 29 30 
29 29 29 30 31 
30 30 30 31 32 
31 31 31 32 33 
32 32 32 33 34 
33 33 33 34 35 
34 34 34 35 36 
35 35 35 36 37 
36 36 36 37 38 
37 37 37 38 39 
38 38 38 39 40 
39 39 39 40 41 
40 40 40 41 42 
