# Minimized Production Model for dispRatio of 0.20

168 atoms
167 bonds
166 angles
0 dihedrals
0 impropers


Coords

1 128.96 -84.6763 9.69175
2 122.961 -87.6847 9.45307
3 116.955 -90.6789 9.21324
4 110.936 -93.6463 8.97245
5 104.896 -96.5727 8.732
6 98.831 -99.4456 8.49001
7 92.7358 -102.253 8.24514
8 86.6059 -104.984 7.99848
9 80.4374 -107.624 7.75073
10 74.2273 -110.163 7.50013
11 67.9725 -112.59 7.24551
12 61.6704 -114.891 6.98539
13 55.3198 -117.053 6.71968
14 48.9198 -119.063 6.45013
15 42.4709 -120.908 6.17565
16 35.9748 -122.577 5.89587
17 29.434 -124.057 5.61147
18 22.8519 -125.337 5.32345
19 16.2325 -126.406 5.03248
20 9.58132 -127.254 4.73752
21 2.90516 -127.869 4.43841
22 -3.78808 -128.242 4.13563
23 -10.49 -128.366 3.82953
24 -17.1917 -128.234 3.52026
25 -23.8835 -127.841 3.20894
26 -30.5544 -127.184 2.8959
27 -37.193 -126.261 2.57911
28 -43.7881 -125.07 2.25869
29 -50.3292 -123.611 1.93667
30 -56.8044 -121.88 1.61257
31 -63.2015 -119.879 1.28787
32 -69.5083 -117.61 0.96448
33 -75.7129 -115.076 0.641487
34 -81.8042 -112.28 0.319631
35 -87.7703 -109.226 -0.000766673
36 -93.6003 -105.918 -0.318794
37 -99.2835 -102.364 -0.63408
38 -104.809 -98.5689 -0.946616
39 -110.167 -94.5402 -1.25547
40 -115.347 -90.2853 -1.55949
41 -120.343 -85.8148 -1.85813
42 -125.146 -81.137 -2.1523
43 -129.749 -76.261 -2.44289
44 -134.147 -71.1984 -2.73015
45 -138.334 -65.9595 -3.01212
46 -142.304 -60.5545 -3.28906
47 -146.05 -54.9918 -3.56096
48 -149.565 -49.2794 -3.82765
49 -152.843 -43.4267 -4.08928
50 -155.876 -37.4429 -4.34434
51 -158.656 -31.3381 -4.59308
52 -161.18 -25.1225 -4.83522
53 -163.44 -18.8058 -5.07023
54 -165.432 -12.3982 -5.29601
55 -167.147 -5.9109 -5.51287
56 -168.577 0.644876 -5.72179
57 -169.716 7.25691 -5.92121
58 -170.557 13.9132 -6.11168
59 -171.096 20.6018 -6.29308
60 -171.328 27.3097 -6.46511
61 -171.248 34.0218 -6.62758
62 -170.855 40.7221 -6.78012
63 -170.145 47.3953 -6.92202
64 -169.111 54.026 -7.05394
65 -167.75 60.5981 -7.17649
66 -166.058 67.0938 -7.28739
67 -164.035 73.4938 -7.38562
68 -161.678 79.7778 -7.47148
69 -158.987 85.9251 -7.54376
70 -155.961 91.9147 -7.60191
71 -152.603 97.7249 -7.64552
72 -148.916 103.332 -7.67383
73 -144.908 108.712 -7.68586
74 -140.589 113.846 -7.68044
75 -135.971 118.713 -7.65856
76 -131.068 123.294 -7.62073
77 -125.897 127.57 -7.56666
78 -120.474 131.521 -7.4981
79 -114.818 135.129 -7.41487
80 -108.95 138.377 -7.3168
81 -102.89 141.252 -7.20451
82 -96.6619 143.742 -7.07826
83 -90.2904 145.839 -6.93805
84 -83.8011 147.534 -6.78376
85 -77.2197 148.822 -6.61599
86 -70.5717 149.699 -6.43585
87 -63.8823 150.165 -6.24448
88 -57.1768 150.219 -6.04143
89 -50.4805 149.865 -5.82765
90 -43.818 149.109 -5.60371
91 -37.2124 147.959 -5.37167
92 -30.685 146.426 -5.13303
93 -24.2553 144.525 -4.88803
94 -17.9407 142.269 -4.63797
95 -11.7573 139.674 -4.38305
96 -5.71866 136.757 -4.12446
97 0.162325 133.535 -3.86341
98 5.87475 130.022 -3.60035
99 11.4085 126.234 -3.33558
100 16.7556 122.188 -3.06959
101 21.9113 117.9 -2.80385
102 26.8733 113.388 -2.53838
103 31.642 108.671 -2.27403
104 36.217 103.766 -2.01215
105 40.5983 98.6873 -1.75214
106 44.7877 93.4496 -1.49334
107 48.788 88.0655 -1.23708
108 52.6019 82.5473 -0.984132
109 56.2328 76.9072 -0.735264
110 59.6871 71.1576 -0.4905
111 62.9716 65.3092 -0.247857
112 66.0929 59.3716 -0.0104237
113 69.0579 53.3537 0.222139
114 71.8705 47.2633 0.451759
115 74.5356 41.1077 0.679115
116 77.0609 34.8935 0.903743
117 79.4531 28.6266 1.12518
118 81.72 22.3128 1.34398
119 83.8689 15.9579 1.55866
120 85.9061 9.56669 1.76986
121 87.8393 3.14342 1.97894
122 89.6758 -3.30839 2.18548
123 91.4213 -9.78544 2.38906
124 93.083 -16.2843 2.58822
125 94.6671 -22.8022 2.78236
126 96.18 -29.3368 2.97257
127 97.6267 -35.8867 3.16115
128 99.0116 -42.4505 3.34769
129 100.338 -49.0264 3.53154
130 101.608 -55.6134 3.71227
131 102.823 -62.2101 3.89037
132 103.988 -68.8161 4.06636
133 105.104 -75.4306 4.24092
134 106.175 -82.0526 4.4151
135 107.203 -88.6816 4.58718
136 108.192 -95.3168 4.75919
137 109.143 -101.957 4.93038
138 110.062 -108.602 5.09956
139 110.95 -115.252 5.26793
140 111.811 -121.905 5.43477
141 112.645 -128.561 5.59931
142 113.457 -135.219 5.76203
143 114.248 -141.881 5.92476
144 115.019 -148.545 6.08634
145 115.772 -155.212 6.24414
146 116.507 -161.881 6.39886
147 117.225 -168.551 6.55145
148 117.924 -175.223 6.70363
149 118.604 -181.896 6.85614
150 119.265 -188.573 7.00901
151 119.905 -195.251 7.16235
152 120.528 -201.931 7.31602
153 121.131 -208.613 7.46871
154 121.719 -215.296 7.62109
155 122.291 -221.981 7.77306
156 122.849 -228.667 7.92432
157 123.396 -235.354 8.07459
158 123.931 -242.041 8.22332
159 124.459 -248.73 8.37248
160 124.98 -255.418 8.52145
161 125.494 -262.108 8.67031
162 126.003 -268.798 8.81806
163 126.505 -275.489 8.96372
164 127.003 -282.179 9.10859
165 127.495 -288.87 9.25348
166 127.985 -295.561 9.39874
167 128.473 -302.253 9.54366
168 128.96 -308.945 9.69175

Types

1 1
2 2
3 3
4 4
5 5
6 6
7 7
8 8
9 9
10 10
11 11
12 12
13 13
14 14
15 15
16 16
17 17
18 18
19 19
20 20
21 21
22 22
23 23
24 24
25 25
26 26
27 27
28 28
29 29
30 30
31 31
32 32
33 33
34 34
35 35
36 36
37 37
38 38
39 39
40 40
41 41
42 42
43 43
44 44
45 45
46 46
47 47
48 48
49 49
50 50
51 51
52 52
53 53
54 54
55 55
56 56
57 57
58 58
59 59
60 60
61 61
62 62
63 63
64 64
65 65
66 66
67 67
68 68
69 69
70 70
71 71
72 72
73 73
74 74
75 75
76 76
77 77
78 78
79 79
80 80
81 81
82 82
83 83
84 84
85 85
86 86
87 87
88 88
89 89
90 90
91 91
92 92
93 93
94 94
95 95
96 96
97 97
98 98
99 99
100 100
101 101
102 102
103 103
104 104
105 105
106 106
107 107
108 108
109 109
110 110
111 111
112 112
113 113
114 114
115 115
116 116
117 117
118 118
119 119
120 120
121 121
122 122
123 123
124 124
125 125
126 126
127 127
128 128
129 129
130 130
131 131
132 132
133 133
134 134
135 135
136 136
137 137
138 138
139 139
140 140
141 141
142 142
143 143
144 144
145 145
146 146
147 147
148 148
149 149
150 150
151 151
152 152
153 153
154 154
155 155
156 156
157 157
158 158
159 159
160 160
161 161
162 162
163 163
164 164
165 165
166 166
167 167
168 168

Molecules

1 1
2 1
3 1
4 1
5 1
6 1
7 1
8 1
9 1
10 1
11 1
12 1
13 1
14 1
15 1
16 1
17 1
18 1
19 1
20 1
21 1
22 1
23 1
24 1
25 1
26 1
27 1
28 1
29 1
30 1
31 1
32 1
33 1
34 1
35 1
36 1
37 1
38 1
39 1
40 1
41 1
42 1
43 1
44 1
45 1
46 1
47 1
48 1
49 1
50 1
51 1
52 1
53 1
54 1
55 1
56 1
57 1
58 1
59 1
60 1
61 1
62 1
63 1
64 1
65 1
66 1
67 1
68 1
69 1
70 1
71 1
72 1
73 1
74 1
75 1
76 1
77 1
78 1
79 1
80 1
81 1
82 1
83 1
84 1
85 1
86 1
87 1
88 1
89 1
90 1
91 1
92 1
93 1
94 1
95 1
96 1
97 1
98 1
99 1
100 1
101 1
102 1
103 1
104 1
105 1
106 1
107 1
108 1
109 1
110 1
111 1
112 1
113 1
114 1
115 1
116 1
117 1
118 1
119 1
120 1
121 1
122 1
123 1
124 1
125 1
126 1
127 1
128 1
129 1
130 1
131 1
132 1
133 1
134 1
135 1
136 1
137 1
138 1
139 1
140 1
141 1
142 1
143 1
144 1
145 1
146 1
147 1
148 1
149 1
150 1
151 1
152 1
153 1
154 1
155 1
156 1
157 1
158 1
159 1
160 1
161 1
162 1
163 1
164 1
165 1
166 1
167 1
168 1

Bonds

1 1 1 2 
2 2 2 3 
3 3 3 4 
4 4 4 5 
5 5 5 6 
6 6 6 7 
7 7 7 8 
8 8 8 9 
9 9 9 10 
10 10 10 11 
11 11 11 12 
12 12 12 13 
13 13 13 14 
14 14 14 15 
15 15 15 16 
16 16 16 17 
17 17 17 18 
18 18 18 19 
19 19 19 20 
20 20 20 21 
21 21 21 22 
22 22 22 23 
23 23 23 24 
24 24 24 25 
25 25 25 26 
26 26 26 27 
27 27 27 28 
28 28 28 29 
29 29 29 30 
30 30 30 31 
31 31 31 32 
32 32 32 33 
33 33 33 34 
34 34 34 35 
35 35 35 36 
36 36 36 37 
37 37 37 38 
38 38 38 39 
39 39 39 40 
40 40 40 41 
41 41 41 42 
42 42 42 43 
43 43 43 44 
44 44 44 45 
45 45 45 46 
46 46 46 47 
47 47 47 48 
48 48 48 49 
49 49 49 50 
50 50 50 51 
51 51 51 52 
52 52 52 53 
53 53 53 54 
54 54 54 55 
55 55 55 56 
56 56 56 57 
57 57 57 58 
58 58 58 59 
59 59 59 60 
60 60 60 61 
61 61 61 62 
62 62 62 63 
63 63 63 64 
64 64 64 65 
65 65 65 66 
66 66 66 67 
67 67 67 68 
68 68 68 69 
69 69 69 70 
70 70 70 71 
71 71 71 72 
72 72 72 73 
73 73 73 74 
74 74 74 75 
75 75 75 76 
76 76 76 77 
77 77 77 78 
78 78 78 79 
79 79 79 80 
80 80 80 81 
81 81 81 82 
82 82 82 83 
83 83 83 84 
84 84 84 85 
85 85 85 86 
86 86 86 87 
87 87 87 88 
88 88 88 89 
89 89 89 90 
90 90 90 91 
91 91 91 92 
92 92 92 93 
93 93 93 94 
94 94 94 95 
95 95 95 96 
96 96 96 97 
97 97 97 98 
98 98 98 99 
99 99 99 100 
100 100 100 101 
101 101 101 102 
102 102 102 103 
103 103 103 104 
104 104 104 105 
105 105 105 106 
106 106 106 107 
107 107 107 108 
108 108 108 109 
109 109 109 110 
110 110 110 111 
111 111 111 112 
112 112 112 113 
113 113 113 114 
114 114 114 115 
115 115 115 116 
116 116 116 117 
117 117 117 118 
118 118 118 119 
119 119 119 120 
120 120 120 121 
121 121 121 122 
122 122 122 123 
123 123 123 124 
124 124 124 125 
125 125 125 126 
126 126 126 127 
127 127 127 128 
128 128 128 129 
129 129 129 130 
130 130 130 131 
131 131 131 132 
132 132 132 133 
133 133 133 134 
134 134 134 135 
135 135 135 136 
136 136 136 137 
137 137 137 138 
138 138 138 139 
139 139 139 140 
140 140 140 141 
141 141 141 142 
142 142 142 143 
143 143 143 144 
144 144 144 145 
145 145 145 146 
146 146 146 147 
147 147 147 148 
148 148 148 149 
149 149 149 150 
150 150 150 151 
151 151 151 152 
152 152 152 153 
153 153 153 154 
154 154 154 155 
155 155 155 156 
156 156 156 157 
157 157 157 158 
158 158 158 159 
159 159 159 160 
160 160 160 161 
161 161 161 162 
162 162 162 163 
163 163 163 164 
164 164 164 165 
165 165 165 166 
166 166 166 167 
167 167 167 168 

Angles

1 1 1 2 3 
2 2 2 3 4 
3 3 3 4 5 
4 4 4 5 6 
5 5 5 6 7 
6 6 6 7 8 
7 7 7 8 9 
8 8 8 9 10 
9 9 9 10 11 
10 10 10 11 12 
11 11 11 12 13 
12 12 12 13 14 
13 13 13 14 15 
14 14 14 15 16 
15 15 15 16 17 
16 16 16 17 18 
17 17 17 18 19 
18 18 18 19 20 
19 19 19 20 21 
20 20 20 21 22 
21 21 21 22 23 
22 22 22 23 24 
23 23 23 24 25 
24 24 24 25 26 
25 25 25 26 27 
26 26 26 27 28 
27 27 27 28 29 
28 28 28 29 30 
29 29 29 30 31 
30 30 30 31 32 
31 31 31 32 33 
32 32 32 33 34 
33 33 33 34 35 
34 34 34 35 36 
35 35 35 36 37 
36 36 36 37 38 
37 37 37 38 39 
38 38 38 39 40 
39 39 39 40 41 
40 40 40 41 42 
41 41 41 42 43 
42 42 42 43 44 
43 43 43 44 45 
44 44 44 45 46 
45 45 45 46 47 
46 46 46 47 48 
47 47 47 48 49 
48 48 48 49 50 
49 49 49 50 51 
50 50 50 51 52 
51 51 51 52 53 
52 52 52 53 54 
53 53 53 54 55 
54 54 54 55 56 
55 55 55 56 57 
56 56 56 57 58 
57 57 57 58 59 
58 58 58 59 60 
59 59 59 60 61 
60 60 60 61 62 
61 61 61 62 63 
62 62 62 63 64 
63 63 63 64 65 
64 64 64 65 66 
65 65 65 66 67 
66 66 66 67 68 
67 67 67 68 69 
68 68 68 69 70 
69 69 69 70 71 
70 70 70 71 72 
71 71 71 72 73 
72 72 72 73 74 
73 73 73 74 75 
74 74 74 75 76 
75 75 75 76 77 
76 76 76 77 78 
77 77 77 78 79 
78 78 78 79 80 
79 79 79 80 81 
80 80 80 81 82 
81 81 81 82 83 
82 82 82 83 84 
83 83 83 84 85 
84 84 84 85 86 
85 85 85 86 87 
86 86 86 87 88 
87 87 87 88 89 
88 88 88 89 90 
89 89 89 90 91 
90 90 90 91 92 
91 91 91 92 93 
92 92 92 93 94 
93 93 93 94 95 
94 94 94 95 96 
95 95 95 96 97 
96 96 96 97 98 
97 97 97 98 99 
98 98 98 99 100 
99 99 99 100 101 
100 100 100 101 102 
101 101 101 102 103 
102 102 102 103 104 
103 103 103 104 105 
104 104 104 105 106 
105 105 105 106 107 
106 106 106 107 108 
107 107 107 108 109 
108 108 108 109 110 
109 109 109 110 111 
110 110 110 111 112 
111 111 111 112 113 
112 112 112 113 114 
113 113 113 114 115 
114 114 114 115 116 
115 115 115 116 117 
116 116 116 117 118 
117 117 117 118 119 
118 118 118 119 120 
119 119 119 120 121 
120 120 120 121 122 
121 121 121 122 123 
122 122 122 123 124 
123 123 123 124 125 
124 124 124 125 126 
125 125 125 126 127 
126 126 126 127 128 
127 127 127 128 129 
128 128 128 129 130 
129 129 129 130 131 
130 130 130 131 132 
131 131 131 132 133 
132 132 132 133 134 
133 133 133 134 135 
134 134 134 135 136 
135 135 135 136 137 
136 136 136 137 138 
137 137 137 138 139 
138 138 138 139 140 
139 139 139 140 141 
140 140 140 141 142 
141 141 141 142 143 
142 142 142 143 144 
143 143 143 144 145 
144 144 144 145 146 
145 145 145 146 147 
146 146 146 147 148 
147 147 147 148 149 
148 148 148 149 150 
149 149 149 150 151 
150 150 150 151 152 
151 151 151 152 153 
152 152 152 153 154 
153 153 153 154 155 
154 154 154 155 156 
155 155 155 156 157 
156 156 156 157 158 
157 157 157 158 159 
158 158 158 159 160 
159 159 159 160 161 
160 160 160 161 162 
161 161 161 162 163 
162 162 162 163 164 
163 163 163 164 165 
164 164 164 165 166 
165 165 165 166 167 
166 166 166 167 168 
