# Minimized Production Model for dispRatio of 0.60

42 atoms
41 bonds
40 angles
0 dihedrals
0 impropers


Coords

1 -1.51708 310.021 -83.5037
2 -10.9063 289.392 -68.0403
3 -20.1363 268.724 -52.5299
4 -28.9768 248.011 -36.8584
5 -37.2553 227.198 -21.0142
6 -44.6637 206.22 -4.95862
7 -50.859 185.054 11.3536
8 -55.4288 163.651 27.8884
9 -57.8955 141.957 44.4853
10 -57.6305 120.06 60.9889
11 -54.0275 98.0342 76.9212
12 -46.4651 76.2242 91.709
13 -34.4844 55.1438 104.49
14 -17.9412 35.5177 114.098
15 2.79038 18.3868 119.32
16 26.5731 4.80273 119.005
17 51.5308 -4.33717 112.378
18 75.2376 -8.54862 99.3297
19 95.1981 -7.94424 80.5908
20 109.261 -3.50351 57.5097
21 116.115 3.40242 31.9111
22 115.298 10.9772 5.6071
23 107.229 17.5221 -19.7336
24 92.9959 21.4402 -42.8014
25 74.1098 21.5168 -62.632
26 52.341 16.8923 -78.5895
27 29.6065 7.35665 -90.5108
28 7.6711 -6.98355 -98.4521
29 -12.0063 -25.5111 -102.838
30 -28.3903 -47.4114 -104.251
31 -40.8918 -71.7676 -103.426
32 -49.4001 -97.7068 -101.149
33 -54.1017 -124.524 -98.0579
34 -55.4342 -151.688 -94.6795
35 -53.8479 -178.856 -91.4347
36 -49.9515 -205.848 -88.6535
37 -44.1947 -232.568 -86.4424
38 -37.0908 -259.011 -84.8798
39 -28.9628 -285.194 -83.9051
40 -20.1565 -311.174 -83.4595
41 -10.9339 -337.013 -83.3927
42 -1.51708 -362.784 -83.5037

Types

1 1
2 2
3 3
4 4
5 5
6 6
7 7
8 8
9 9
10 10
11 11
12 12
13 13
14 14
15 15
16 16
17 17
18 18
19 19
20 20
21 21
22 22
23 23
24 24
25 25
26 26
27 27
28 28
29 29
30 30
31 31
32 32
33 33
34 34
35 35
36 36
37 37
38 38
39 39
40 40
41 41
42 42

Molecules

1 1
2 1
3 1
4 1
5 1
6 1
7 1
8 1
9 1
10 1
11 1
12 1
13 1
14 1
15 1
16 1
17 1
18 1
19 1
20 1
21 1
22 1
23 1
24 1
25 1
26 1
27 1
28 1
29 1
30 1
31 1
32 1
33 1
34 1
35 1
36 1
37 1
38 1
39 1
40 1
41 1
42 1

Bonds

1 1 1 2 
2 2 2 3 
3 3 3 4 
4 4 4 5 
5 5 5 6 
6 6 6 7 
7 7 7 8 
8 8 8 9 
9 9 9 10 
10 10 10 11 
11 11 11 12 
12 12 12 13 
13 13 13 14 
14 14 14 15 
15 15 15 16 
16 16 16 17 
17 17 17 18 
18 18 18 19 
19 19 19 20 
20 20 20 21 
21 21 21 22 
22 22 22 23 
23 23 23 24 
24 24 24 25 
25 25 25 26 
26 26 26 27 
27 27 27 28 
28 28 28 29 
29 29 29 30 
30 30 30 31 
31 31 31 32 
32 32 32 33 
33 33 33 34 
34 34 34 35 
35 35 35 36 
36 36 36 37 
37 37 37 38 
38 38 38 39 
39 39 39 40 
40 40 40 41 
41 41 41 42 

Angles

1 1 1 2 3 
2 2 2 3 4 
3 3 3 4 5 
4 4 4 5 6 
5 5 5 6 7 
6 6 6 7 8 
7 7 7 8 9 
8 8 8 9 10 
9 9 9 10 11 
10 10 10 11 12 
11 11 11 12 13 
12 12 12 13 14 
13 13 13 14 15 
14 14 14 15 16 
15 15 15 16 17 
16 16 16 17 18 
17 17 17 18 19 
18 18 18 19 20 
19 19 19 20 21 
20 20 20 21 22 
21 21 21 22 23 
22 22 22 23 24 
23 23 23 24 25 
24 24 24 25 26 
25 25 25 26 27 
26 26 26 27 28 
27 27 27 28 29 
28 28 28 29 30 
29 29 29 30 31 
30 30 30 31 32 
31 31 31 32 33 
32 32 32 33 34 
33 33 33 34 35 
34 34 34 35 36 
35 35 35 36 37 
36 36 36 37 38 
37 37 37 38 39 
38 38 38 39 40 
39 39 39 40 41 
40 40 40 41 42 
