# Minimized Production Model for dispRatio of 0.25

84 atoms
83 bonds
82 angles
0 dihedrals
0 impropers


Coords

1 -0.0130603 -257.667 -11.8584
2 -0.0166537 -248.608 -1.82242
3 -0.020874 -239.507 8.17641
4 -0.0239543 -230.323 18.0979
5 -0.0257066 -221.012 27.9
6 -0.0276232 -211.534 37.5403
7 -0.0304376 -201.853 46.9758
8 -0.0341405 -191.933 56.1598
9 -0.0381036 -181.74 65.0392
10 -0.0432409 -171.241 73.5549
11 -0.0497195 -160.411 81.6418
12 -0.0556206 -149.229 89.2343
13 -0.0597572 -137.683 96.261
14 -0.0597963 -125.768 102.64
15 -0.0571397 -113.489 108.284
16 -0.0548753 -100.864 113.103
17 -0.0531497 -87.93 117.009
18 -0.0515859 -74.7345 119.909
19 -0.0511212 -61.3463 121.708
20 -0.0522716 -47.8527 122.317
21 -0.053407 -34.3633 121.656
22 -0.0541798 -21.0073 119.66
23 -0.0537977 -7.93406 116.28
24 -0.0517752 4.68843 111.489
25 -0.047067 16.6796 105.288
26 -0.0403626 27.8501 97.7104
27 -0.0339225 38.0116 88.8272
28 -0.0280871 46.9831 78.7446
29 -0.0237729 54.5963 67.6017
30 -0.0205713 60.7048 55.5686
31 -0.0177137 65.1934 42.8426
32 -0.0130802 67.9854 29.6404
33 -0.00593135 69.0454 16.1877
34 0.00250326 68.3765 2.70928
35 0.0104762 66.018 -10.5787
36 0.0167152 62.0453 -23.4779
37 0.0229167 56.5635 -35.8133
38 0.0284413 49.6983 -47.4377
39 0.0316501 41.5905 -58.2335
40 0.0322892 32.388 -68.1145
41 0.0309741 22.2407 -77.0254
42 0.0311686 11.2933 -84.9355
43 0.0357564 -0.319345 -91.8364
44 0.0422187 -12.4701 -97.7415
45 0.0463467 -25.0448 -102.682
46 0.047865 -37.9449 -106.701
47 0.048675 -51.0861 -109.849
48 0.0504934 -64.3976 -112.179
49 0.0521466 -77.8214 -113.749
50 0.0500766 -91.3091 -114.623
51 0.0463368 -104.824 -114.861
52 0.0431268 -118.337 -114.525
53 0.0416992 -131.829 -113.675
54 0.0420564 -145.285 -112.364
55 0.0408938 -158.695 -110.647
56 0.0388135 -172.055 -108.57
57 0.0370205 -185.362 -106.177
58 0.0361911 -198.619 -103.512
59 0.0348377 -211.827 -100.616
60 0.0318932 -224.989 -97.5208
61 0.0288731 -238.112 -94.2584
62 0.0278088 -251.199 -90.8597
63 0.0279487 -264.258 -87.3524
64 0.0284881 -277.294 -83.7606
65 0.0299109 -290.314 -80.1053
66 0.0285286 -303.32 -76.405
67 0.0247072 -316.318 -72.6759
68 0.0203762 -329.311 -68.9284
69 0.0160497 -342.303 -65.178
70 0.0115961 -355.298 -61.4375
71 0.00719168 -368.299 -57.7152
72 0.00257773 -381.305 -54.0143
73 0.000444858 -394.32 -50.3414
74 0.00105001 -407.343 -46.701
75 0.00326807 -420.375 -43.0935
76 0.00473367 -433.417 -39.5196
77 0.00410335 -446.468 -35.9778
78 0.00293763 -459.526 -32.4656
79 -2.35465e-05 -472.591 -28.9815
80 -0.00375096 -485.664 -25.5244
81 -0.00746777 -498.744 -22.089
82 -0.00983674 -511.827 -18.6679
83 -0.0119512 -524.914 -15.2593
84 -0.0130603 -538.002 -11.8584

Types

1 1
2 2
3 3
4 4
5 5
6 6
7 7
8 8
9 9
10 10
11 11
12 12
13 13
14 14
15 15
16 16
17 17
18 18
19 19
20 20
21 21
22 22
23 23
24 24
25 25
26 26
27 27
28 28
29 29
30 30
31 31
32 32
33 33
34 34
35 35
36 36
37 37
38 38
39 39
40 40
41 41
42 42
43 43
44 44
45 45
46 46
47 47
48 48
49 49
50 50
51 51
52 52
53 53
54 54
55 55
56 56
57 57
58 58
59 59
60 60
61 61
62 62
63 63
64 64
65 65
66 66
67 67
68 68
69 69
70 70
71 71
72 72
73 73
74 74
75 75
76 76
77 77
78 78
79 79
80 80
81 81
82 82
83 83
84 84

Molecules

1 1
2 1
3 1
4 1
5 1
6 1
7 1
8 1
9 1
10 1
11 1
12 1
13 1
14 1
15 1
16 1
17 1
18 1
19 1
20 1
21 1
22 1
23 1
24 1
25 1
26 1
27 1
28 1
29 1
30 1
31 1
32 1
33 1
34 1
35 1
36 1
37 1
38 1
39 1
40 1
41 1
42 1
43 1
44 1
45 1
46 1
47 1
48 1
49 1
50 1
51 1
52 1
53 1
54 1
55 1
56 1
57 1
58 1
59 1
60 1
61 1
62 1
63 1
64 1
65 1
66 1
67 1
68 1
69 1
70 1
71 1
72 1
73 1
74 1
75 1
76 1
77 1
78 1
79 1
80 1
81 1
82 1
83 1
84 1

Bonds

1 1 1 2 
2 2 2 3 
3 3 3 4 
4 4 4 5 
5 5 5 6 
6 6 6 7 
7 7 7 8 
8 8 8 9 
9 9 9 10 
10 10 10 11 
11 11 11 12 
12 12 12 13 
13 13 13 14 
14 14 14 15 
15 15 15 16 
16 16 16 17 
17 17 17 18 
18 18 18 19 
19 19 19 20 
20 20 20 21 
21 21 21 22 
22 22 22 23 
23 23 23 24 
24 24 24 25 
25 25 25 26 
26 26 26 27 
27 27 27 28 
28 28 28 29 
29 29 29 30 
30 30 30 31 
31 31 31 32 
32 32 32 33 
33 33 33 34 
34 34 34 35 
35 35 35 36 
36 36 36 37 
37 37 37 38 
38 38 38 39 
39 39 39 40 
40 40 40 41 
41 41 41 42 
42 42 42 43 
43 43 43 44 
44 44 44 45 
45 45 45 46 
46 46 46 47 
47 47 47 48 
48 48 48 49 
49 49 49 50 
50 50 50 51 
51 51 51 52 
52 52 52 53 
53 53 53 54 
54 54 54 55 
55 55 55 56 
56 56 56 57 
57 57 57 58 
58 58 58 59 
59 59 59 60 
60 60 60 61 
61 61 61 62 
62 62 62 63 
63 63 63 64 
64 64 64 65 
65 65 65 66 
66 66 66 67 
67 67 67 68 
68 68 68 69 
69 69 69 70 
70 70 70 71 
71 71 71 72 
72 72 72 73 
73 73 73 74 
74 74 74 75 
75 75 75 76 
76 76 76 77 
77 77 77 78 
78 78 78 79 
79 79 79 80 
80 80 80 81 
81 81 81 82 
82 82 82 83 
83 83 83 84 

Angles

1 1 1 2 3 
2 2 2 3 4 
3 3 3 4 5 
4 4 4 5 6 
5 5 5 6 7 
6 6 6 7 8 
7 7 7 8 9 
8 8 8 9 10 
9 9 9 10 11 
10 10 10 11 12 
11 11 11 12 13 
12 12 12 13 14 
13 13 13 14 15 
14 14 14 15 16 
15 15 15 16 17 
16 16 16 17 18 
17 17 17 18 19 
18 18 18 19 20 
19 19 19 20 21 
20 20 20 21 22 
21 21 21 22 23 
22 22 22 23 24 
23 23 23 24 25 
24 24 24 25 26 
25 25 25 26 27 
26 26 26 27 28 
27 27 27 28 29 
28 28 28 29 30 
29 29 29 30 31 
30 30 30 31 32 
31 31 31 32 33 
32 32 32 33 34 
33 33 33 34 35 
34 34 34 35 36 
35 35 35 36 37 
36 36 36 37 38 
37 37 37 38 39 
38 38 38 39 40 
39 39 39 40 41 
40 40 40 41 42 
41 41 41 42 43 
42 42 42 43 44 
43 43 43 44 45 
44 44 44 45 46 
45 45 45 46 47 
46 46 46 47 48 
47 47 47 48 49 
48 48 48 49 50 
49 49 49 50 51 
50 50 50 51 52 
51 51 51 52 53 
52 52 52 53 54 
53 53 53 54 55 
54 54 54 55 56 
55 55 55 56 57 
56 56 56 57 58 
57 57 57 58 59 
58 58 58 59 60 
59 59 59 60 61 
60 60 60 61 62 
61 61 61 62 63 
62 62 62 63 64 
63 63 63 64 65 
64 64 64 65 66 
65 65 65 66 67 
66 66 66 67 68 
67 67 67 68 69 
68 68 68 69 70 
69 69 69 70 71 
70 70 70 71 72 
71 71 71 72 73 
72 72 72 73 74 
73 73 73 74 75 
74 74 74 75 76 
75 75 75 76 77 
76 76 76 77 78 
77 77 77 78 79 
78 78 78 79 80 
79 79 79 80 81 
80 80 80 81 82 
81 81 81 82 83 
82 82 82 83 84 
