# Minimized Production Model for dispRatio of 0.95

84 atoms
83 bonds
82 angles
0 dihedrals
0 impropers


Coords

1 -0.0130603 134.802 -11.8584
2 0.323902 124.023 -3.74852
3 0.660676 113.215 4.3209
4 0.998183 102.347 12.3093
5 1.33708 91.3893 20.1744
6 1.67771 80.3171 27.8756
7 2.02264 69.1062 35.373
8 2.37048 57.7374 42.6281
9 2.71925 46.1955 49.6046
10 3.06735 34.4697 56.2659
11 3.41433 22.5518 62.5779
12 3.75842 10.4391 68.5093
13 4.09979 -1.86776 74.0257
14 4.43616 -14.3644 79.0988
15 4.76438 -27.0429 83.6986
16 5.08421 -39.8912 87.8006
17 5.39553 -52.8936 91.3835
18 5.69663 -66.0317 94.4325
19 5.98498 -79.286 96.9328
20 6.25938 -92.6338 98.8736
21 6.51904 -106.052 100.249
22 6.76471 -119.517 101.057
23 6.99544 -133.003 101.301
24 7.20619 -146.489 100.989
25 7.3945 -159.953 100.135
26 7.55721 -173.373 98.76
27 7.69442 -186.735 96.8884
28 7.80483 -200.022 94.5465
29 7.88764 -213.224 91.7653
30 7.94173 -226.335 88.5752
31 7.96498 -239.35 85.012
32 7.95798 -252.27 81.1133
33 7.92188 -265.096 76.9176
34 7.8567 -277.835 72.4627
35 7.7619 -290.495 67.785
36 7.6379 -303.082 62.9175
37 7.48387 -315.606 57.8903
38 7.30459 -328.078 52.7353
39 7.09903 -340.51 47.4836
40 6.86656 -352.912 42.1627
41 6.60665 -365.297 36.8039
42 6.32122 -377.678 31.4364
43 6.01176 -390.067 26.0889
44 5.68152 -402.476 20.7885
45 5.33538 -414.916 15.5642
46 4.97255 -427.399 10.4446
47 4.59486 -439.935 5.45822
48 4.20429 -452.532 0.631593
49 3.80406 -465.199 -4.01174
50 3.40003 -477.939 -8.45047
51 2.9958 -490.755 -12.6636
52 2.5905 -503.647 -16.6378
53 2.18517 -516.614 -20.3606
54 1.78258 -529.653 -23.8201
55 1.38715 -542.761 -27.0092
56 1.00195 -555.935 -29.9204
57 0.63111 -569.17 -32.5465
58 0.276767 -582.459 -34.8826
59 -0.0609498 -595.795 -36.9242
60 -0.378651 -609.174 -38.6713
61 -0.675041 -622.588 -40.1236
62 -0.94807 -636.031 -41.282
63 -1.19137 -649.496 -42.1488
64 -1.40352 -662.977 -42.727
65 -1.58356 -676.466 -43.0242
66 -1.73198 -689.96 -43.0489
67 -1.85223 -703.452 -42.8142
68 -1.94545 -716.938 -42.3325
69 -2.00951 -730.415 -41.6148
70 -2.04108 -743.878 -40.6747
71 -2.04024 -757.325 -39.5242
72 -2.00745 -770.753 -38.177
73 -1.94917 -784.16 -36.6476
74 -1.86874 -797.547 -34.9507
75 -1.76471 -810.916 -33.0978
76 -1.63653 -824.262 -31.1032
77 -1.4845 -837.589 -28.9807
78 -1.3109 -850.896 -26.7454
79 -1.1198 -864.187 -24.4133
80 -0.915275 -877.463 -22.0008
81 -0.699441 -890.727 -19.5226
82 -0.476143 -903.981 -16.9955
83 -0.246473 -917.229 -14.4359
84 -0.0130603 -930.472 -11.8584

Types

1 1
2 2
3 3
4 4
5 5
6 6
7 7
8 8
9 9
10 10
11 11
12 12
13 13
14 14
15 15
16 16
17 17
18 18
19 19
20 20
21 21
22 22
23 23
24 24
25 25
26 26
27 27
28 28
29 29
30 30
31 31
32 32
33 33
34 34
35 35
36 36
37 37
38 38
39 39
40 40
41 41
42 42
43 43
44 44
45 45
46 46
47 47
48 48
49 49
50 50
51 51
52 52
53 53
54 54
55 55
56 56
57 57
58 58
59 59
60 60
61 61
62 62
63 63
64 64
65 65
66 66
67 67
68 68
69 69
70 70
71 71
72 72
73 73
74 74
75 75
76 76
77 77
78 78
79 79
80 80
81 81
82 82
83 83
84 84

Molecules

1 1
2 1
3 1
4 1
5 1
6 1
7 1
8 1
9 1
10 1
11 1
12 1
13 1
14 1
15 1
16 1
17 1
18 1
19 1
20 1
21 1
22 1
23 1
24 1
25 1
26 1
27 1
28 1
29 1
30 1
31 1
32 1
33 1
34 1
35 1
36 1
37 1
38 1
39 1
40 1
41 1
42 1
43 1
44 1
45 1
46 1
47 1
48 1
49 1
50 1
51 1
52 1
53 1
54 1
55 1
56 1
57 1
58 1
59 1
60 1
61 1
62 1
63 1
64 1
65 1
66 1
67 1
68 1
69 1
70 1
71 1
72 1
73 1
74 1
75 1
76 1
77 1
78 1
79 1
80 1
81 1
82 1
83 1
84 1

Bonds

1 1 1 2 
2 2 2 3 
3 3 3 4 
4 4 4 5 
5 5 5 6 
6 6 6 7 
7 7 7 8 
8 8 8 9 
9 9 9 10 
10 10 10 11 
11 11 11 12 
12 12 12 13 
13 13 13 14 
14 14 14 15 
15 15 15 16 
16 16 16 17 
17 17 17 18 
18 18 18 19 
19 19 19 20 
20 20 20 21 
21 21 21 22 
22 22 22 23 
23 23 23 24 
24 24 24 25 
25 25 25 26 
26 26 26 27 
27 27 27 28 
28 28 28 29 
29 29 29 30 
30 30 30 31 
31 31 31 32 
32 32 32 33 
33 33 33 34 
34 34 34 35 
35 35 35 36 
36 36 36 37 
37 37 37 38 
38 38 38 39 
39 39 39 40 
40 40 40 41 
41 41 41 42 
42 42 42 43 
43 43 43 44 
44 44 44 45 
45 45 45 46 
46 46 46 47 
47 47 47 48 
48 48 48 49 
49 49 49 50 
50 50 50 51 
51 51 51 52 
52 52 52 53 
53 53 53 54 
54 54 54 55 
55 55 55 56 
56 56 56 57 
57 57 57 58 
58 58 58 59 
59 59 59 60 
60 60 60 61 
61 61 61 62 
62 62 62 63 
63 63 63 64 
64 64 64 65 
65 65 65 66 
66 66 66 67 
67 67 67 68 
68 68 68 69 
69 69 69 70 
70 70 70 71 
71 71 71 72 
72 72 72 73 
73 73 73 74 
74 74 74 75 
75 75 75 76 
76 76 76 77 
77 77 77 78 
78 78 78 79 
79 79 79 80 
80 80 80 81 
81 81 81 82 
82 82 82 83 
83 83 83 84 

Angles

1 1 1 2 3 
2 2 2 3 4 
3 3 3 4 5 
4 4 4 5 6 
5 5 5 6 7 
6 6 6 7 8 
7 7 7 8 9 
8 8 8 9 10 
9 9 9 10 11 
10 10 10 11 12 
11 11 11 12 13 
12 12 12 13 14 
13 13 13 14 15 
14 14 14 15 16 
15 15 15 16 17 
16 16 16 17 18 
17 17 17 18 19 
18 18 18 19 20 
19 19 19 20 21 
20 20 20 21 22 
21 21 21 22 23 
22 22 22 23 24 
23 23 23 24 25 
24 24 24 25 26 
25 25 25 26 27 
26 26 26 27 28 
27 27 27 28 29 
28 28 28 29 30 
29 29 29 30 31 
30 30 30 31 32 
31 31 31 32 33 
32 32 32 33 34 
33 33 33 34 35 
34 34 34 35 36 
35 35 35 36 37 
36 36 36 37 38 
37 37 37 38 39 
38 38 38 39 40 
39 39 39 40 41 
40 40 40 41 42 
41 41 41 42 43 
42 42 42 43 44 
43 43 43 44 45 
44 44 44 45 46 
45 45 45 46 47 
46 46 46 47 48 
47 47 47 48 49 
48 48 48 49 50 
49 49 49 50 51 
50 50 50 51 52 
51 51 51 52 53 
52 52 52 53 54 
53 53 53 54 55 
54 54 54 55 56 
55 55 55 56 57 
56 56 56 57 58 
57 57 57 58 59 
58 58 58 59 60 
59 59 59 60 61 
60 60 60 61 62 
61 61 61 62 63 
62 62 62 63 64 
63 63 63 64 65 
64 64 64 65 66 
65 65 65 66 67 
66 66 66 67 68 
67 67 67 68 69 
68 68 68 69 70 
69 69 69 70 71 
70 70 70 71 72 
71 71 71 72 73 
72 72 72 73 74 
73 73 73 74 75 
74 74 74 75 76 
75 75 75 76 77 
76 76 76 77 78 
77 77 77 78 79 
78 78 78 79 80 
79 79 79 80 81 
80 80 80 81 82 
81 81 81 82 83 
82 82 82 83 84 
