# Minimized Production Model for dispRatio of 0.90

42 atoms
41 bonds
40 angles
0 dihedrals
0 impropers


Coords

1 -1.51708 478.222 -83.5037
2 0.266004 459.493 -63.6616
3 2.0441 440.599 -43.9751
4 3.82258 421.392 -24.5961
5 5.62425 401.729 -5.68163
6 7.45717 381.481 12.6005
7 9.30629 360.541 30.086
8 11.1398 338.827 46.6026
9 12.9314 316.291 61.9824
10 14.6688 292.929 76.0808
11 16.3554 268.756 88.7433
12 17.9919 243.825 99.8474
13 19.5603 218.223 109.313
14 21.0446 192.043 117.065
15 22.4321 165.402 123.051
16 23.7077 138.416 127.247
17 24.8661 111.206 129.675
18 25.8962 83.8931 130.383
19 26.7688 56.5799 129.47
20 27.457 29.3553 127.033
21 27.9536 2.29155 123.177
22 28.2525 -24.5629 118.045
23 28.3447 -51.1787 111.78
24 28.2327 -77.5393 104.515
25 27.9287 -103.644 96.3815
26 27.4341 -129.502 87.5034
27 26.7599 -155.132 78.0029
28 25.9104 -180.572 68.015
29 24.885 -205.856 57.6504
30 23.6811 -231.016 47.0037
31 22.2967 -256.077 36.1542
32 20.7467 -281.078 25.1863
33 19.0347 -306.041 14.159
34 17.1608 -330.985 3.11579
35 15.1273 -355.926 -7.90617
36 12.9499 -380.874 -18.89
37 10.6649 -405.839 -29.8108
38 8.30831 -430.828 -40.6648
39 5.9001 -455.836 -51.4589
40 3.45528 -480.867 -62.1891
41 0.97774 -505.919 -72.8653
42 -1.51708 -530.985 -83.5037

Types

1 1
2 2
3 3
4 4
5 5
6 6
7 7
8 8
9 9
10 10
11 11
12 12
13 13
14 14
15 15
16 16
17 17
18 18
19 19
20 20
21 21
22 22
23 23
24 24
25 25
26 26
27 27
28 28
29 29
30 30
31 31
32 32
33 33
34 34
35 35
36 36
37 37
38 38
39 39
40 40
41 41
42 42

Molecules

1 1
2 1
3 1
4 1
5 1
6 1
7 1
8 1
9 1
10 1
11 1
12 1
13 1
14 1
15 1
16 1
17 1
18 1
19 1
20 1
21 1
22 1
23 1
24 1
25 1
26 1
27 1
28 1
29 1
30 1
31 1
32 1
33 1
34 1
35 1
36 1
37 1
38 1
39 1
40 1
41 1
42 1

Bonds

1 1 1 2 
2 2 2 3 
3 3 3 4 
4 4 4 5 
5 5 5 6 
6 6 6 7 
7 7 7 8 
8 8 8 9 
9 9 9 10 
10 10 10 11 
11 11 11 12 
12 12 12 13 
13 13 13 14 
14 14 14 15 
15 15 15 16 
16 16 16 17 
17 17 17 18 
18 18 18 19 
19 19 19 20 
20 20 20 21 
21 21 21 22 
22 22 22 23 
23 23 23 24 
24 24 24 25 
25 25 25 26 
26 26 26 27 
27 27 27 28 
28 28 28 29 
29 29 29 30 
30 30 30 31 
31 31 31 32 
32 32 32 33 
33 33 33 34 
34 34 34 35 
35 35 35 36 
36 36 36 37 
37 37 37 38 
38 38 38 39 
39 39 39 40 
40 40 40 41 
41 41 41 42 

Angles

1 1 1 2 3 
2 2 2 3 4 
3 3 3 4 5 
4 4 4 5 6 
5 5 5 6 7 
6 6 6 7 8 
7 7 7 8 9 
8 8 8 9 10 
9 9 9 10 11 
10 10 10 11 12 
11 11 11 12 13 
12 12 12 13 14 
13 13 13 14 15 
14 14 14 15 16 
15 15 15 16 17 
16 16 16 17 18 
17 17 17 18 19 
18 18 18 19 20 
19 19 19 20 21 
20 20 20 21 22 
21 21 21 22 23 
22 22 22 23 24 
23 23 23 24 25 
24 24 24 25 26 
25 25 25 26 27 
26 26 26 27 28 
27 27 27 28 29 
28 28 28 29 30 
29 29 29 30 31 
30 30 30 31 32 
31 31 31 32 33 
32 32 32 33 34 
33 33 33 34 35 
34 34 34 35 36 
35 35 35 36 37 
36 36 36 37 38 
37 37 37 38 39 
38 38 38 39 40 
39 39 39 40 41 
40 40 40 41 42 
