# Minimized Production Model for dispRatio of 0.04

42 atoms
41 bonds
40 angles
0 dihedrals
0 impropers


Coords

1 -1.51708 -3.95449 -83.5037
2 18.5802 -6.88258 -65.1775
3 38.5367 -9.60662 -46.6667
4 58.2029 -11.9096 -27.7919
5 77.4117 -13.5734 -8.3863
6 95.9734 -14.392 11.6909
7 113.668 -14.1637 32.5512
8 130.244 -12.6797 54.2603
9 145.412 -9.73123 76.8311
10 158.836 -5.11923 100.213
11 170.139 1.33376 124.269
12 178.903 9.759 148.769
13 184.678 20.2231 173.368
14 187.035 32.6935 197.592
15 185.618 47.0184 220.843
16 180.193 62.9222 242.416
17 170.69 79.9961 261.542
18 157.229 97.6947 277.455
19 140.15 115.357 289.451
20 120.004 132.242 296.975
21 97.5451 147.6 299.669
22 73.6844 160.755 297.403
23 49.4173 171.166 290.308
24 25.7241 178.449 278.767
25 3.48001 182.401 263.365
26 -16.5957 182.995 244.809
27 -33.9745 180.347 223.862
28 -48.317 174.681 201.278
29 -59.4658 166.32 177.747
30 -67.4256 155.653 153.855
31 -72.3276 143.064 130.074
32 -74.3956 128.909 106.761
33 -73.9109 113.502 84.1652
34 -71.1746 97.12 62.4325
35 -66.488 80.004 41.6155
36 -60.1428 62.3432 21.7124
37 -52.4082 44.2825 2.67851
38 -43.539 25.9395 -15.5746
39 -33.7836 7.40136 -33.1688
40 -23.3809 -11.2673 -50.2461
41 -12.5543 -30.0183 -66.9656
42 -1.51708 -48.8081 -83.5037

Types

1 1
2 2
3 3
4 4
5 5
6 6
7 7
8 8
9 9
10 10
11 11
12 12
13 13
14 14
15 15
16 16
17 17
18 18
19 19
20 20
21 21
22 22
23 23
24 24
25 25
26 26
27 27
28 28
29 29
30 30
31 31
32 32
33 33
34 34
35 35
36 36
37 37
38 38
39 39
40 40
41 41
42 42

Molecules

1 1
2 1
3 1
4 1
5 1
6 1
7 1
8 1
9 1
10 1
11 1
12 1
13 1
14 1
15 1
16 1
17 1
18 1
19 1
20 1
21 1
22 1
23 1
24 1
25 1
26 1
27 1
28 1
29 1
30 1
31 1
32 1
33 1
34 1
35 1
36 1
37 1
38 1
39 1
40 1
41 1
42 1

Bonds

1 1 1 2 
2 2 2 3 
3 3 3 4 
4 4 4 5 
5 5 5 6 
6 6 6 7 
7 7 7 8 
8 8 8 9 
9 9 9 10 
10 10 10 11 
11 11 11 12 
12 12 12 13 
13 13 13 14 
14 14 14 15 
15 15 15 16 
16 16 16 17 
17 17 17 18 
18 18 18 19 
19 19 19 20 
20 20 20 21 
21 21 21 22 
22 22 22 23 
23 23 23 24 
24 24 24 25 
25 25 25 26 
26 26 26 27 
27 27 27 28 
28 28 28 29 
29 29 29 30 
30 30 30 31 
31 31 31 32 
32 32 32 33 
33 33 33 34 
34 34 34 35 
35 35 35 36 
36 36 36 37 
37 37 37 38 
38 38 38 39 
39 39 39 40 
40 40 40 41 
41 41 41 42 

Angles

1 1 1 2 3 
2 2 2 3 4 
3 3 3 4 5 
4 4 4 5 6 
5 5 5 6 7 
6 6 6 7 8 
7 7 7 8 9 
8 8 8 9 10 
9 9 9 10 11 
10 10 10 11 12 
11 11 11 12 13 
12 12 12 13 14 
13 13 13 14 15 
14 14 14 15 16 
15 15 15 16 17 
16 16 16 17 18 
17 17 17 18 19 
18 18 18 19 20 
19 19 19 20 21 
20 20 20 21 22 
21 21 21 22 23 
22 22 22 23 24 
23 23 23 24 25 
24 24 24 25 26 
25 25 25 26 27 
26 26 26 27 28 
27 27 27 28 29 
28 28 28 29 30 
29 29 29 30 31 
30 30 30 31 32 
31 31 31 32 33 
32 32 32 33 34 
33 33 33 34 35 
34 34 34 35 36 
35 35 35 36 37 
36 36 36 37 38 
37 37 37 38 39 
38 38 38 39 40 
39 39 39 40 41 
40 40 40 41 42 
