# Minimized Production Model for dispRatio of 0.95

168 atoms
167 bonds
166 angles
0 dihedrals
0 impropers


Coords

1 128.96 335.826 9.69175
2 125.402 330.108 9.75688
3 121.841 324.391 9.82167
4 118.277 318.676 9.8863
5 114.709 312.964 9.95081
6 111.135 307.255 10.0149
7 107.556 301.549 10.0784
8 103.971 295.848 10.1413
9 100.379 290.15 10.2035
10 96.7796 284.457 10.2648
11 93.173 278.769 10.325
12 89.5591 273.086 10.3837
13 85.938 267.407 10.4407
14 82.3104 261.732 10.496
15 78.6767 256.061 10.5489
16 75.0383 250.393 10.599
17 71.3959 244.728 10.6453
18 67.7518 239.064 10.687
19 64.1082 233.399 10.7238
20 60.4679 227.733 10.7549
21 56.8329 222.063 10.7808
22 53.2062 216.387 10.8005
23 49.5912 210.705 10.8138
24 45.9912 205.013 10.82
25 42.4101 199.309 10.8181
26 38.852 193.59 10.8076
27 35.321 187.856 10.7878
28 31.822 182.101 10.758
29 28.3598 176.325 10.7176
30 24.9394 170.524 10.6658
31 21.5658 164.696 10.602
32 18.2447 158.838 10.5254
33 14.9815 152.947 10.4358
34 11.7822 147.023 10.3325
35 8.6524 141.061 10.2151
36 5.59799 135.061 10.0831
37 2.6249 129.021 9.9362
38 -0.261048 122.939 9.77414
39 -3.05401 116.815 9.59653
40 -5.74816 110.647 9.40322
41 -8.3381 104.435 9.19403
42 -10.8181 98.1787 8.96909
43 -13.183 91.879 8.72849
44 -15.4275 85.5361 8.4725
45 -17.5471 79.1509 8.20144
46 -19.5371 72.7249 7.91571
47 -21.3936 66.2597 7.61592
48 -23.1131 59.7573 7.30287
49 -24.6924 53.22 6.97726
50 -26.1288 46.6504 6.64
51 -27.4202 40.0512 6.2917
52 -28.5647 33.4254 5.93368
53 -29.5615 26.7761 5.56686
54 -30.4102 20.1065 5.19248
55 -31.1105 13.4199 4.81144
56 -31.6631 6.71951 4.42511
57 -32.0689 0.00868127 4.03485
58 -32.3299 -6.70944 3.64201
59 -32.4484 -13.4318 3.24776
60 -32.4266 -20.1554 2.85345
61 -32.2676 -26.8776 2.46057
62 -31.9749 -33.5957 2.0705
63 -31.5524 -40.3075 1.68444
64 -31.0044 -47.0108 1.30379
65 -30.335 -53.7038 0.929861
66 -29.5489 -60.3849 0.564056
67 -28.6513 -67.0528 0.207305
68 -27.6472 -73.7064 -0.139179
69 -26.542 -80.3449 -0.474424
70 -25.3412 -86.9678 -0.797296
71 -24.0503 -93.5748 -1.10706
72 -22.6749 -100.166 -1.40283
73 -21.2206 -106.741 -1.68377
74 -19.6929 -113.3 -1.9492
75 -18.0972 -119.844 -2.19844
76 -16.439 -126.373 -2.4311
77 -14.7234 -132.889 -2.64658
78 -12.9556 -139.392 -2.84454
79 -11.1404 -145.882 -3.02465
80 -9.28288 -152.361 -3.18679
81 -7.38778 -158.83 -3.33083
82 -5.45942 -165.29 -3.45661
83 -3.50225 -171.742 -3.56402
84 -1.52053 -178.188 -3.65317
85 0.481551 -184.627 -3.72423
86 2.50027 -191.062 -3.77728
87 4.53199 -197.493 -3.81253
88 6.57317 -203.921 -3.83039
89 8.62049 -210.348 -3.83142
90 10.671 -216.774 -3.81598
91 12.7219 -223.201 -3.78436
92 14.7708 -229.628 -3.73713
93 16.8149 -236.057 -3.67503
94 18.8522 -242.488 -3.59865
95 20.8806 -248.923 -3.50841
96 22.8984 -255.36 -3.40484
97 24.9039 -261.802 -3.28866
98 26.8954 -268.248 -3.16066
99 28.8715 -274.699 -3.02143
100 30.8311 -281.155 -2.87171
101 32.7732 -287.617 -2.71215
102 34.6967 -294.083 -2.54349
103 36.6007 -300.556 -2.3665
104 38.4845 -307.035 -2.18195
105 40.3477 -313.52 -1.9906
106 42.19 -320.011 -1.7929
107 44.0111 -326.507 -1.58949
108 45.8107 -333.01 -1.38099
109 47.589 -339.519 -1.16806
110 49.3457 -346.034 -0.951262
111 51.0812 -352.554 -0.731154
112 52.7954 -359.081 -0.508372
113 54.4886 -365.613 -0.283494
114 56.161 -372.15 -0.0571302
115 57.8128 -378.693 0.170219
116 59.4446 -385.241 0.398158
117 61.0568 -391.795 0.626414
118 62.6499 -398.353 0.854567
119 64.2243 -404.916 1.08234
120 65.7805 -411.483 1.30941
121 67.3192 -418.055 1.53558
122 68.8406 -424.631 1.76039
123 70.3454 -431.212 1.98342
124 71.834 -437.796 2.20457
125 73.3072 -444.384 2.42374
126 74.7656 -450.975 2.64076
127 76.21 -457.57 2.85539
128 77.641 -464.168 3.06743
129 79.0592 -470.769 3.27704
130 80.4651 -477.373 3.48399
131 81.8596 -483.98 3.68843
132 83.2428 -490.589 3.89004
133 84.6155 -497.201 4.08883
134 85.9778 -503.815 4.28458
135 87.3307 -510.431 4.47758
136 88.6741 -517.049 4.66795
137 90.0091 -523.67 4.85588
138 91.3355 -530.292 5.04086
139 92.6552 -536.916 5.22348
140 93.967 -543.542 5.4035
141 95.2729 -550.169 5.58172
142 96.5716 -556.798 5.75742
143 97.8647 -563.428 5.93064
144 99.1521 -570.059 6.10152
145 100.434 -576.692 6.27002
146 101.71 -583.325 6.43628
147 102.981 -589.961 6.60013
148 104.247 -596.597 6.7617
149 105.509 -603.234 6.92128
150 106.766 -609.871 7.07854
151 108.021 -616.51 7.234
152 109.271 -623.15 7.38782
153 110.517 -629.79 7.53992
154 111.762 -636.431 7.6905
155 113.002 -643.072 7.83954
156 114.24 -649.714 7.98748
157 115.476 -656.357 8.13408
158 116.709 -663 8.27963
159 117.94 -669.643 8.42443
160 119.169 -676.287 8.56796
161 120.398 -682.931 8.71123
162 121.625 -689.576 8.85357
163 122.849 -696.221 8.99479
164 124.073 -702.866 9.1353
165 125.296 -709.511 9.27467
166 126.518 -716.156 9.41419
167 127.739 -722.802 9.55331
168 128.96 -729.447 9.69175

Types

1 1
2 2
3 3
4 4
5 5
6 6
7 7
8 8
9 9
10 10
11 11
12 12
13 13
14 14
15 15
16 16
17 17
18 18
19 19
20 20
21 21
22 22
23 23
24 24
25 25
26 26
27 27
28 28
29 29
30 30
31 31
32 32
33 33
34 34
35 35
36 36
37 37
38 38
39 39
40 40
41 41
42 42
43 43
44 44
45 45
46 46
47 47
48 48
49 49
50 50
51 51
52 52
53 53
54 54
55 55
56 56
57 57
58 58
59 59
60 60
61 61
62 62
63 63
64 64
65 65
66 66
67 67
68 68
69 69
70 70
71 71
72 72
73 73
74 74
75 75
76 76
77 77
78 78
79 79
80 80
81 81
82 82
83 83
84 84
85 85
86 86
87 87
88 88
89 89
90 90
91 91
92 92
93 93
94 94
95 95
96 96
97 97
98 98
99 99
100 100
101 101
102 102
103 103
104 104
105 105
106 106
107 107
108 108
109 109
110 110
111 111
112 112
113 113
114 114
115 115
116 116
117 117
118 118
119 119
120 120
121 121
122 122
123 123
124 124
125 125
126 126
127 127
128 128
129 129
130 130
131 131
132 132
133 133
134 134
135 135
136 136
137 137
138 138
139 139
140 140
141 141
142 142
143 143
144 144
145 145
146 146
147 147
148 148
149 149
150 150
151 151
152 152
153 153
154 154
155 155
156 156
157 157
158 158
159 159
160 160
161 161
162 162
163 163
164 164
165 165
166 166
167 167
168 168

Molecules

1 1
2 1
3 1
4 1
5 1
6 1
7 1
8 1
9 1
10 1
11 1
12 1
13 1
14 1
15 1
16 1
17 1
18 1
19 1
20 1
21 1
22 1
23 1
24 1
25 1
26 1
27 1
28 1
29 1
30 1
31 1
32 1
33 1
34 1
35 1
36 1
37 1
38 1
39 1
40 1
41 1
42 1
43 1
44 1
45 1
46 1
47 1
48 1
49 1
50 1
51 1
52 1
53 1
54 1
55 1
56 1
57 1
58 1
59 1
60 1
61 1
62 1
63 1
64 1
65 1
66 1
67 1
68 1
69 1
70 1
71 1
72 1
73 1
74 1
75 1
76 1
77 1
78 1
79 1
80 1
81 1
82 1
83 1
84 1
85 1
86 1
87 1
88 1
89 1
90 1
91 1
92 1
93 1
94 1
95 1
96 1
97 1
98 1
99 1
100 1
101 1
102 1
103 1
104 1
105 1
106 1
107 1
108 1
109 1
110 1
111 1
112 1
113 1
114 1
115 1
116 1
117 1
118 1
119 1
120 1
121 1
122 1
123 1
124 1
125 1
126 1
127 1
128 1
129 1
130 1
131 1
132 1
133 1
134 1
135 1
136 1
137 1
138 1
139 1
140 1
141 1
142 1
143 1
144 1
145 1
146 1
147 1
148 1
149 1
150 1
151 1
152 1
153 1
154 1
155 1
156 1
157 1
158 1
159 1
160 1
161 1
162 1
163 1
164 1
165 1
166 1
167 1
168 1

Bonds

1 1 1 2 
2 2 2 3 
3 3 3 4 
4 4 4 5 
5 5 5 6 
6 6 6 7 
7 7 7 8 
8 8 8 9 
9 9 9 10 
10 10 10 11 
11 11 11 12 
12 12 12 13 
13 13 13 14 
14 14 14 15 
15 15 15 16 
16 16 16 17 
17 17 17 18 
18 18 18 19 
19 19 19 20 
20 20 20 21 
21 21 21 22 
22 22 22 23 
23 23 23 24 
24 24 24 25 
25 25 25 26 
26 26 26 27 
27 27 27 28 
28 28 28 29 
29 29 29 30 
30 30 30 31 
31 31 31 32 
32 32 32 33 
33 33 33 34 
34 34 34 35 
35 35 35 36 
36 36 36 37 
37 37 37 38 
38 38 38 39 
39 39 39 40 
40 40 40 41 
41 41 41 42 
42 42 42 43 
43 43 43 44 
44 44 44 45 
45 45 45 46 
46 46 46 47 
47 47 47 48 
48 48 48 49 
49 49 49 50 
50 50 50 51 
51 51 51 52 
52 52 52 53 
53 53 53 54 
54 54 54 55 
55 55 55 56 
56 56 56 57 
57 57 57 58 
58 58 58 59 
59 59 59 60 
60 60 60 61 
61 61 61 62 
62 62 62 63 
63 63 63 64 
64 64 64 65 
65 65 65 66 
66 66 66 67 
67 67 67 68 
68 68 68 69 
69 69 69 70 
70 70 70 71 
71 71 71 72 
72 72 72 73 
73 73 73 74 
74 74 74 75 
75 75 75 76 
76 76 76 77 
77 77 77 78 
78 78 78 79 
79 79 79 80 
80 80 80 81 
81 81 81 82 
82 82 82 83 
83 83 83 84 
84 84 84 85 
85 85 85 86 
86 86 86 87 
87 87 87 88 
88 88 88 89 
89 89 89 90 
90 90 90 91 
91 91 91 92 
92 92 92 93 
93 93 93 94 
94 94 94 95 
95 95 95 96 
96 96 96 97 
97 97 97 98 
98 98 98 99 
99 99 99 100 
100 100 100 101 
101 101 101 102 
102 102 102 103 
103 103 103 104 
104 104 104 105 
105 105 105 106 
106 106 106 107 
107 107 107 108 
108 108 108 109 
109 109 109 110 
110 110 110 111 
111 111 111 112 
112 112 112 113 
113 113 113 114 
114 114 114 115 
115 115 115 116 
116 116 116 117 
117 117 117 118 
118 118 118 119 
119 119 119 120 
120 120 120 121 
121 121 121 122 
122 122 122 123 
123 123 123 124 
124 124 124 125 
125 125 125 126 
126 126 126 127 
127 127 127 128 
128 128 128 129 
129 129 129 130 
130 130 130 131 
131 131 131 132 
132 132 132 133 
133 133 133 134 
134 134 134 135 
135 135 135 136 
136 136 136 137 
137 137 137 138 
138 138 138 139 
139 139 139 140 
140 140 140 141 
141 141 141 142 
142 142 142 143 
143 143 143 144 
144 144 144 145 
145 145 145 146 
146 146 146 147 
147 147 147 148 
148 148 148 149 
149 149 149 150 
150 150 150 151 
151 151 151 152 
152 152 152 153 
153 153 153 154 
154 154 154 155 
155 155 155 156 
156 156 156 157 
157 157 157 158 
158 158 158 159 
159 159 159 160 
160 160 160 161 
161 161 161 162 
162 162 162 163 
163 163 163 164 
164 164 164 165 
165 165 165 166 
166 166 166 167 
167 167 167 168 

Angles

1 1 1 2 3 
2 2 2 3 4 
3 3 3 4 5 
4 4 4 5 6 
5 5 5 6 7 
6 6 6 7 8 
7 7 7 8 9 
8 8 8 9 10 
9 9 9 10 11 
10 10 10 11 12 
11 11 11 12 13 
12 12 12 13 14 
13 13 13 14 15 
14 14 14 15 16 
15 15 15 16 17 
16 16 16 17 18 
17 17 17 18 19 
18 18 18 19 20 
19 19 19 20 21 
20 20 20 21 22 
21 21 21 22 23 
22 22 22 23 24 
23 23 23 24 25 
24 24 24 25 26 
25 25 25 26 27 
26 26 26 27 28 
27 27 27 28 29 
28 28 28 29 30 
29 29 29 30 31 
30 30 30 31 32 
31 31 31 32 33 
32 32 32 33 34 
33 33 33 34 35 
34 34 34 35 36 
35 35 35 36 37 
36 36 36 37 38 
37 37 37 38 39 
38 38 38 39 40 
39 39 39 40 41 
40 40 40 41 42 
41 41 41 42 43 
42 42 42 43 44 
43 43 43 44 45 
44 44 44 45 46 
45 45 45 46 47 
46 46 46 47 48 
47 47 47 48 49 
48 48 48 49 50 
49 49 49 50 51 
50 50 50 51 52 
51 51 51 52 53 
52 52 52 53 54 
53 53 53 54 55 
54 54 54 55 56 
55 55 55 56 57 
56 56 56 57 58 
57 57 57 58 59 
58 58 58 59 60 
59 59 59 60 61 
60 60 60 61 62 
61 61 61 62 63 
62 62 62 63 64 
63 63 63 64 65 
64 64 64 65 66 
65 65 65 66 67 
66 66 66 67 68 
67 67 67 68 69 
68 68 68 69 70 
69 69 69 70 71 
70 70 70 71 72 
71 71 71 72 73 
72 72 72 73 74 
73 73 73 74 75 
74 74 74 75 76 
75 75 75 76 77 
76 76 76 77 78 
77 77 77 78 79 
78 78 78 79 80 
79 79 79 80 81 
80 80 80 81 82 
81 81 81 82 83 
82 82 82 83 84 
83 83 83 84 85 
84 84 84 85 86 
85 85 85 86 87 
86 86 86 87 88 
87 87 87 88 89 
88 88 88 89 90 
89 89 89 90 91 
90 90 90 91 92 
91 91 91 92 93 
92 92 92 93 94 
93 93 93 94 95 
94 94 94 95 96 
95 95 95 96 97 
96 96 96 97 98 
97 97 97 98 99 
98 98 98 99 100 
99 99 99 100 101 
100 100 100 101 102 
101 101 101 102 103 
102 102 102 103 104 
103 103 103 104 105 
104 104 104 105 106 
105 105 105 106 107 
106 106 106 107 108 
107 107 107 108 109 
108 108 108 109 110 
109 109 109 110 111 
110 110 110 111 112 
111 111 111 112 113 
112 112 112 113 114 
113 113 113 114 115 
114 114 114 115 116 
115 115 115 116 117 
116 116 116 117 118 
117 117 117 118 119 
118 118 118 119 120 
119 119 119 120 121 
120 120 120 121 122 
121 121 121 122 123 
122 122 122 123 124 
123 123 123 124 125 
124 124 124 125 126 
125 125 125 126 127 
126 126 126 127 128 
127 127 127 128 129 
128 128 128 129 130 
129 129 129 130 131 
130 130 130 131 132 
131 131 131 132 133 
132 132 132 133 134 
133 133 133 134 135 
134 134 134 135 136 
135 135 135 136 137 
136 136 136 137 138 
137 137 137 138 139 
138 138 138 139 140 
139 139 139 140 141 
140 140 140 141 142 
141 141 141 142 143 
142 142 142 143 144 
143 143 143 144 145 
144 144 144 145 146 
145 145 145 146 147 
146 146 146 147 148 
147 147 147 148 149 
148 148 148 149 150 
149 149 149 150 151 
150 150 150 151 152 
151 151 151 152 153 
152 152 152 153 154 
153 153 153 154 155 
154 154 154 155 156 
155 155 155 156 157 
156 156 156 157 158 
157 157 157 158 159 
158 158 158 159 160 
159 159 159 160 161 
160 160 160 161 162 
161 161 161 162 163 
162 162 162 163 164 
163 163 163 164 165 
164 164 164 165 166 
165 165 165 166 167 
166 166 166 167 168 
