# Minimized Production Model for dispRatio of 0.18

168 atoms
167 bonds
166 angles
0 dihedrals
0 impropers


Coords

1 128.96 -95.8898 9.69175
2 123.114 -99.1708 9.4571
3 117.259 -102.435 9.22141
4 111.384 -105.663 8.98473
5 105.482 -108.84 8.74624
6 99.5431 -111.947 8.50531
7 93.5593 -114.967 8.26259
8 87.5243 -117.883 8.01692
9 81.4329 -120.678 7.76767
10 75.2804 -123.334 7.51546
11 69.0636 -125.834 7.2587
12 62.7809 -128.163 6.99694
13 56.4319 -130.304 6.73148
14 50.0188 -132.242 6.46144
15 43.5442 -133.962 6.18641
16 37.0126 -135.451 5.90739
17 30.4308 -136.694 5.62418
18 23.8063 -137.683 5.33653
19 17.1475 -138.405 5.04539
20 10.4645 -138.853 4.75028
21 3.76897 -139.02 4.45181
22 -2.92731 -138.9 4.15055
23 -9.61206 -138.491 3.84629
24 -16.2726 -137.788 3.54018
25 -22.8958 -136.791 3.23294
26 -29.4685 -135.502 2.92479
27 -35.9787 -133.925 2.61597
28 -42.4137 -132.063 2.30743
29 -48.7613 -129.921 1.99851
30 -55.0101 -127.506 1.68992
31 -61.1505 -124.826 1.38238
32 -67.1734 -121.889 1.07571
33 -73.07 -118.704 0.77044
34 -78.8321 -115.281 0.466757
35 -84.453 -111.63 0.165328
36 -89.9265 -107.76 -0.132831
37 -95.2468 -103.682 -0.427966
38 -100.41 -99.4045 -0.720335
39 -105.412 -94.9393 -1.00968
40 -110.249 -90.295 -1.29645
41 -114.919 -85.4807 -1.58019
42 -119.416 -80.5053 -1.86085
43 -123.739 -75.3767 -2.13882
44 -127.885 -70.1033 -2.41378
45 -131.851 -64.6926 -2.68542
46 -135.634 -59.1522 -2.95415
47 -139.232 -53.4891 -3.21887
48 -142.64 -47.7094 -3.47993
49 -145.855 -41.8191 -3.73732
50 -148.87 -35.8247 -3.9906
51 -151.683 -29.7322 -4.23989
52 -154.287 -23.5472 -4.48483
53 -156.677 -17.2757 -4.7248
54 -158.845 -10.9244 -4.96039
55 -160.786 -4.49979 -5.19145
56 -162.489 1.9915 -5.41677
57 -163.947 8.54236 -5.63675
58 -165.151 15.1449 -5.85086
59 -166.091 21.79 -6.05755
60 -166.759 28.4678 -6.25662
61 -167.144 35.1678 -6.44742
62 -167.238 41.8779 -6.62889
63 -167.031 48.585 -6.80164
64 -166.514 55.2753 -6.96483
65 -165.678 61.9331 -7.11711
66 -164.515 68.5413 -7.25779
67 -163.019 75.0815 -7.38663
68 -161.181 81.5337 -7.50243
69 -158.999 87.8769 -7.60481
70 -156.467 94.089 -7.6929
71 -153.586 100.146 -7.7653
72 -150.357 106.024 -7.82209
73 -146.783 111.699 -7.86289
74 -142.871 117.146 -7.88609
75 -138.63 122.34 -7.89186
76 -134.072 127.258 -7.88042
77 -129.211 131.875 -7.85052
78 -124.062 136.168 -7.80253
79 -118.644 140.116 -7.73676
80 -112.98 143.699 -7.65242
81 -107.09 146.898 -7.55073
82 -101.002 149.7 -7.43321
83 -94.7412 152.092 -7.29955
84 -88.3367 154.064 -7.15021
85 -81.8165 155.61 -6.986
86 -75.2091 156.725 -6.80746
87 -68.543 157.409 -6.61483
88 -61.8469 157.665 -6.40965
89 -55.1483 157.498 -6.19217
90 -48.4732 156.915 -5.96371
91 -41.8458 155.926 -5.72659
92 -35.2888 154.544 -5.48107
93 -28.8229 152.782 -5.2292
94 -22.4662 150.658 -4.97309
95 -16.2359 148.188 -4.71192
96 -10.1472 145.386 -4.44576
97 -4.213 142.271 -4.17707
98 1.55552 138.857 -3.90682
99 7.14961 135.164 -3.63504
100 12.563 131.21 -3.36269
101 17.7911 127.013 -3.09046
102 22.8324 122.593 -2.81864
103 27.6866 117.967 -2.54816
104 32.3546 113.152 -2.27946
105 36.8382 108.165 -2.01254
106 41.1396 103.02 -1.74829
107 45.2604 97.7286 -1.48588
108 49.2039 92.3033 -1.22578
109 52.9738 86.756 -0.969319
110 56.5745 81.097 -0.71662
111 60.0113 75.3363 -0.468326
112 63.2888 69.4832 -0.224355
113 66.413 63.5469 0.0163935
114 69.3911 57.5359 0.254438
115 72.2291 51.457 0.489196
116 74.9325 45.3168 0.720557
117 77.5099 39.1223 0.947846
118 79.9673 32.8795 1.17128
119 82.3115 26.5931 1.39137
120 84.549 20.2677 1.60889
121 86.684 13.907 1.82357
122 88.7214 7.51446 2.0349
123 90.6651 1.09289 2.24296
124 92.5182 -5.35562 2.44711
125 94.2855 -11.8282 2.64759
126 95.972 -18.322 2.84566
127 97.5808 -24.8355 3.04183
128 99.1163 -31.3667 3.23637
129 100.582 -37.9141 3.42819
130 101.982 -44.4757 3.61745
131 103.319 -51.0501 3.80432
132 104.597 -57.6365 3.9882
133 105.82 -64.2332 4.1701
134 106.993 -70.8388 4.34888
135 108.119 -77.4525 4.52631
136 109.201 -84.0737 4.70088
137 110.241 -90.7017 4.87359
138 111.24 -97.3357 5.04563
139 112.198 -103.975 5.21609
140 113.115 -110.621 5.38579
141 113.992 -117.272 5.55442
142 114.829 -123.928 5.72235
143 115.63 -130.588 5.88725
144 116.398 -137.252 6.05106
145 117.136 -143.92 6.21145
146 117.847 -150.59 6.3712
147 118.533 -157.263 6.52862
148 119.196 -163.939 6.68563
149 119.835 -170.617 6.84103
150 120.45 -177.296 6.99709
151 121.043 -183.978 7.15234
152 121.613 -190.661 7.30794
153 122.166 -197.347 7.46127
154 122.699 -204.033 7.61445
155 123.216 -210.721 7.76577
156 123.717 -217.41 7.91794
157 124.205 -224.1 8.06878
158 124.68 -230.791 8.21789
159 125.142 -237.483 8.3661
160 125.592 -244.175 8.51314
161 126.033 -250.869 8.65963
162 126.465 -257.563 8.80613
163 126.89 -264.257 8.95396
164 127.311 -270.951 9.10145
165 127.728 -277.646 9.24814
166 128.142 -284.341 9.39575
167 128.554 -291.036 9.54381
168 128.96 -297.731 9.69175

Types

1 1
2 2
3 3
4 4
5 5
6 6
7 7
8 8
9 9
10 10
11 11
12 12
13 13
14 14
15 15
16 16
17 17
18 18
19 19
20 20
21 21
22 22
23 23
24 24
25 25
26 26
27 27
28 28
29 29
30 30
31 31
32 32
33 33
34 34
35 35
36 36
37 37
38 38
39 39
40 40
41 41
42 42
43 43
44 44
45 45
46 46
47 47
48 48
49 49
50 50
51 51
52 52
53 53
54 54
55 55
56 56
57 57
58 58
59 59
60 60
61 61
62 62
63 63
64 64
65 65
66 66
67 67
68 68
69 69
70 70
71 71
72 72
73 73
74 74
75 75
76 76
77 77
78 78
79 79
80 80
81 81
82 82
83 83
84 84
85 85
86 86
87 87
88 88
89 89
90 90
91 91
92 92
93 93
94 94
95 95
96 96
97 97
98 98
99 99
100 100
101 101
102 102
103 103
104 104
105 105
106 106
107 107
108 108
109 109
110 110
111 111
112 112
113 113
114 114
115 115
116 116
117 117
118 118
119 119
120 120
121 121
122 122
123 123
124 124
125 125
126 126
127 127
128 128
129 129
130 130
131 131
132 132
133 133
134 134
135 135
136 136
137 137
138 138
139 139
140 140
141 141
142 142
143 143
144 144
145 145
146 146
147 147
148 148
149 149
150 150
151 151
152 152
153 153
154 154
155 155
156 156
157 157
158 158
159 159
160 160
161 161
162 162
163 163
164 164
165 165
166 166
167 167
168 168

Molecules

1 1
2 1
3 1
4 1
5 1
6 1
7 1
8 1
9 1
10 1
11 1
12 1
13 1
14 1
15 1
16 1
17 1
18 1
19 1
20 1
21 1
22 1
23 1
24 1
25 1
26 1
27 1
28 1
29 1
30 1
31 1
32 1
33 1
34 1
35 1
36 1
37 1
38 1
39 1
40 1
41 1
42 1
43 1
44 1
45 1
46 1
47 1
48 1
49 1
50 1
51 1
52 1
53 1
54 1
55 1
56 1
57 1
58 1
59 1
60 1
61 1
62 1
63 1
64 1
65 1
66 1
67 1
68 1
69 1
70 1
71 1
72 1
73 1
74 1
75 1
76 1
77 1
78 1
79 1
80 1
81 1
82 1
83 1
84 1
85 1
86 1
87 1
88 1
89 1
90 1
91 1
92 1
93 1
94 1
95 1
96 1
97 1
98 1
99 1
100 1
101 1
102 1
103 1
104 1
105 1
106 1
107 1
108 1
109 1
110 1
111 1
112 1
113 1
114 1
115 1
116 1
117 1
118 1
119 1
120 1
121 1
122 1
123 1
124 1
125 1
126 1
127 1
128 1
129 1
130 1
131 1
132 1
133 1
134 1
135 1
136 1
137 1
138 1
139 1
140 1
141 1
142 1
143 1
144 1
145 1
146 1
147 1
148 1
149 1
150 1
151 1
152 1
153 1
154 1
155 1
156 1
157 1
158 1
159 1
160 1
161 1
162 1
163 1
164 1
165 1
166 1
167 1
168 1

Bonds

1 1 1 2 
2 2 2 3 
3 3 3 4 
4 4 4 5 
5 5 5 6 
6 6 6 7 
7 7 7 8 
8 8 8 9 
9 9 9 10 
10 10 10 11 
11 11 11 12 
12 12 12 13 
13 13 13 14 
14 14 14 15 
15 15 15 16 
16 16 16 17 
17 17 17 18 
18 18 18 19 
19 19 19 20 
20 20 20 21 
21 21 21 22 
22 22 22 23 
23 23 23 24 
24 24 24 25 
25 25 25 26 
26 26 26 27 
27 27 27 28 
28 28 28 29 
29 29 29 30 
30 30 30 31 
31 31 31 32 
32 32 32 33 
33 33 33 34 
34 34 34 35 
35 35 35 36 
36 36 36 37 
37 37 37 38 
38 38 38 39 
39 39 39 40 
40 40 40 41 
41 41 41 42 
42 42 42 43 
43 43 43 44 
44 44 44 45 
45 45 45 46 
46 46 46 47 
47 47 47 48 
48 48 48 49 
49 49 49 50 
50 50 50 51 
51 51 51 52 
52 52 52 53 
53 53 53 54 
54 54 54 55 
55 55 55 56 
56 56 56 57 
57 57 57 58 
58 58 58 59 
59 59 59 60 
60 60 60 61 
61 61 61 62 
62 62 62 63 
63 63 63 64 
64 64 64 65 
65 65 65 66 
66 66 66 67 
67 67 67 68 
68 68 68 69 
69 69 69 70 
70 70 70 71 
71 71 71 72 
72 72 72 73 
73 73 73 74 
74 74 74 75 
75 75 75 76 
76 76 76 77 
77 77 77 78 
78 78 78 79 
79 79 79 80 
80 80 80 81 
81 81 81 82 
82 82 82 83 
83 83 83 84 
84 84 84 85 
85 85 85 86 
86 86 86 87 
87 87 87 88 
88 88 88 89 
89 89 89 90 
90 90 90 91 
91 91 91 92 
92 92 92 93 
93 93 93 94 
94 94 94 95 
95 95 95 96 
96 96 96 97 
97 97 97 98 
98 98 98 99 
99 99 99 100 
100 100 100 101 
101 101 101 102 
102 102 102 103 
103 103 103 104 
104 104 104 105 
105 105 105 106 
106 106 106 107 
107 107 107 108 
108 108 108 109 
109 109 109 110 
110 110 110 111 
111 111 111 112 
112 112 112 113 
113 113 113 114 
114 114 114 115 
115 115 115 116 
116 116 116 117 
117 117 117 118 
118 118 118 119 
119 119 119 120 
120 120 120 121 
121 121 121 122 
122 122 122 123 
123 123 123 124 
124 124 124 125 
125 125 125 126 
126 126 126 127 
127 127 127 128 
128 128 128 129 
129 129 129 130 
130 130 130 131 
131 131 131 132 
132 132 132 133 
133 133 133 134 
134 134 134 135 
135 135 135 136 
136 136 136 137 
137 137 137 138 
138 138 138 139 
139 139 139 140 
140 140 140 141 
141 141 141 142 
142 142 142 143 
143 143 143 144 
144 144 144 145 
145 145 145 146 
146 146 146 147 
147 147 147 148 
148 148 148 149 
149 149 149 150 
150 150 150 151 
151 151 151 152 
152 152 152 153 
153 153 153 154 
154 154 154 155 
155 155 155 156 
156 156 156 157 
157 157 157 158 
158 158 158 159 
159 159 159 160 
160 160 160 161 
161 161 161 162 
162 162 162 163 
163 163 163 164 
164 164 164 165 
165 165 165 166 
166 166 166 167 
167 167 167 168 

Angles

1 1 1 2 3 
2 2 2 3 4 
3 3 3 4 5 
4 4 4 5 6 
5 5 5 6 7 
6 6 6 7 8 
7 7 7 8 9 
8 8 8 9 10 
9 9 9 10 11 
10 10 10 11 12 
11 11 11 12 13 
12 12 12 13 14 
13 13 13 14 15 
14 14 14 15 16 
15 15 15 16 17 
16 16 16 17 18 
17 17 17 18 19 
18 18 18 19 20 
19 19 19 20 21 
20 20 20 21 22 
21 21 21 22 23 
22 22 22 23 24 
23 23 23 24 25 
24 24 24 25 26 
25 25 25 26 27 
26 26 26 27 28 
27 27 27 28 29 
28 28 28 29 30 
29 29 29 30 31 
30 30 30 31 32 
31 31 31 32 33 
32 32 32 33 34 
33 33 33 34 35 
34 34 34 35 36 
35 35 35 36 37 
36 36 36 37 38 
37 37 37 38 39 
38 38 38 39 40 
39 39 39 40 41 
40 40 40 41 42 
41 41 41 42 43 
42 42 42 43 44 
43 43 43 44 45 
44 44 44 45 46 
45 45 45 46 47 
46 46 46 47 48 
47 47 47 48 49 
48 48 48 49 50 
49 49 49 50 51 
50 50 50 51 52 
51 51 51 52 53 
52 52 52 53 54 
53 53 53 54 55 
54 54 54 55 56 
55 55 55 56 57 
56 56 56 57 58 
57 57 57 58 59 
58 58 58 59 60 
59 59 59 60 61 
60 60 60 61 62 
61 61 61 62 63 
62 62 62 63 64 
63 63 63 64 65 
64 64 64 65 66 
65 65 65 66 67 
66 66 66 67 68 
67 67 67 68 69 
68 68 68 69 70 
69 69 69 70 71 
70 70 70 71 72 
71 71 71 72 73 
72 72 72 73 74 
73 73 73 74 75 
74 74 74 75 76 
75 75 75 76 77 
76 76 76 77 78 
77 77 77 78 79 
78 78 78 79 80 
79 79 79 80 81 
80 80 80 81 82 
81 81 81 82 83 
82 82 82 83 84 
83 83 83 84 85 
84 84 84 85 86 
85 85 85 86 87 
86 86 86 87 88 
87 87 87 88 89 
88 88 88 89 90 
89 89 89 90 91 
90 90 90 91 92 
91 91 91 92 93 
92 92 92 93 94 
93 93 93 94 95 
94 94 94 95 96 
95 95 95 96 97 
96 96 96 97 98 
97 97 97 98 99 
98 98 98 99 100 
99 99 99 100 101 
100 100 100 101 102 
101 101 101 102 103 
102 102 102 103 104 
103 103 103 104 105 
104 104 104 105 106 
105 105 105 106 107 
106 106 106 107 108 
107 107 107 108 109 
108 108 108 109 110 
109 109 109 110 111 
110 110 110 111 112 
111 111 111 112 113 
112 112 112 113 114 
113 113 113 114 115 
114 114 114 115 116 
115 115 115 116 117 
116 116 116 117 118 
117 117 117 118 119 
118 118 118 119 120 
119 119 119 120 121 
120 120 120 121 122 
121 121 121 122 123 
122 122 122 123 124 
123 123 123 124 125 
124 124 124 125 126 
125 125 125 126 127 
126 126 126 127 128 
127 127 127 128 129 
128 128 128 129 130 
129 129 129 130 131 
130 130 130 131 132 
131 131 131 132 133 
132 132 132 133 134 
133 133 133 134 135 
134 134 134 135 136 
135 135 135 136 137 
136 136 136 137 138 
137 137 137 138 139 
138 138 138 139 140 
139 139 139 140 141 
140 140 140 141 142 
141 141 141 142 143 
142 142 142 143 144 
143 143 143 144 145 
144 144 144 145 146 
145 145 145 146 147 
146 146 146 147 148 
147 147 147 148 149 
148 148 148 149 150 
149 149 149 150 151 
150 150 150 151 152 
151 151 151 152 153 
152 152 152 153 154 
153 153 153 154 155 
154 154 154 155 156 
155 155 155 156 157 
156 156 156 157 158 
157 157 157 158 159 
158 158 158 159 160 
159 159 159 160 161 
160 160 160 161 162 
161 161 161 162 163 
162 162 162 163 164 
163 163 163 164 165 
164 164 164 165 166 
165 165 165 166 167 
166 166 166 167 168 
