# Minimized Production Model for dispRatio of 0.35

42 atoms
41 bonds
40 angles
0 dihedrals
0 impropers


Coords

1 -1.51708 169.853 -83.5037
2 10.1359 179.364 -60.6588
3 21.9101 188.574 -37.7549
4 33.8899 197.207 -14.7335
5 46.1718 204.992 8.43036
6 58.8485 211.628 31.7386
7 71.9987 216.808 55.1547
8 85.6812 220.243 78.5845
9 99.9 221.65 101.903
10 114.599 220.749 124.945
11 129.664 217.297 147.504
12 144.947 211.101 169.319
13 160.269 202.009 190.063
14 175.396 189.93 209.376
15 190.065 174.879 226.869
16 203.975 156.976 242.156
17 216.81 136.451 254.869
18 228.241 113.644 264.706
19 237.942 88.9829 271.438
20 245.632 62.9765 274.922
21 251.095 36.1852 275.127
22 254.203 9.18927 272.109
23 254.907 -17.4576 266.016
24 253.231 -43.248 257.086
25 249.279 -67.7544 245.614
26 243.214 -90.6374 231.926
27 235.221 -111.654 216.363
28 225.505 -130.654 199.266
29 214.249 -147.581 180.974
30 201.638 -162.438 161.788
31 187.861 -175.265 141.948
32 173.099 -186.149 121.66
33 157.523 -195.213 101.087
34 141.264 -202.599 80.3708
35 124.444 -208.477 59.6199
36 107.183 -213.025 38.8952
37 89.5789 -216.417 18.2399
38 71.6952 -218.835 -2.31194
39 53.5815 -220.46 -22.7411
40 35.2988 -221.498 -43.0587
41 16.9124 -222.154 -63.2986
42 -1.51708 -222.616 -83.5037

Types

1 1
2 2
3 3
4 4
5 5
6 6
7 7
8 8
9 9
10 10
11 11
12 12
13 13
14 14
15 15
16 16
17 17
18 18
19 19
20 20
21 21
22 22
23 23
24 24
25 25
26 26
27 27
28 28
29 29
30 30
31 31
32 32
33 33
34 34
35 35
36 36
37 37
38 38
39 39
40 40
41 41
42 42

Molecules

1 1
2 1
3 1
4 1
5 1
6 1
7 1
8 1
9 1
10 1
11 1
12 1
13 1
14 1
15 1
16 1
17 1
18 1
19 1
20 1
21 1
22 1
23 1
24 1
25 1
26 1
27 1
28 1
29 1
30 1
31 1
32 1
33 1
34 1
35 1
36 1
37 1
38 1
39 1
40 1
41 1
42 1

Bonds

1 1 1 2 
2 2 2 3 
3 3 3 4 
4 4 4 5 
5 5 5 6 
6 6 6 7 
7 7 7 8 
8 8 8 9 
9 9 9 10 
10 10 10 11 
11 11 11 12 
12 12 12 13 
13 13 13 14 
14 14 14 15 
15 15 15 16 
16 16 16 17 
17 17 17 18 
18 18 18 19 
19 19 19 20 
20 20 20 21 
21 21 21 22 
22 22 22 23 
23 23 23 24 
24 24 24 25 
25 25 25 26 
26 26 26 27 
27 27 27 28 
28 28 28 29 
29 29 29 30 
30 30 30 31 
31 31 31 32 
32 32 32 33 
33 33 33 34 
34 34 34 35 
35 35 35 36 
36 36 36 37 
37 37 37 38 
38 38 38 39 
39 39 39 40 
40 40 40 41 
41 41 41 42 

Angles

1 1 1 2 3 
2 2 2 3 4 
3 3 3 4 5 
4 4 4 5 6 
5 5 5 6 7 
6 6 6 7 8 
7 7 7 8 9 
8 8 8 9 10 
9 9 9 10 11 
10 10 10 11 12 
11 11 11 12 13 
12 12 12 13 14 
13 13 13 14 15 
14 14 14 15 16 
15 15 15 16 17 
16 16 16 17 18 
17 17 17 18 19 
18 18 18 19 20 
19 19 19 20 21 
20 20 20 21 22 
21 21 21 22 23 
22 22 22 23 24 
23 23 23 24 25 
24 24 24 25 26 
25 25 25 26 27 
26 26 26 27 28 
27 27 27 28 29 
28 28 28 29 30 
29 29 29 30 31 
30 30 30 31 32 
31 31 31 32 33 
32 32 32 33 34 
33 33 33 34 35 
34 34 34 35 36 
35 35 35 36 37 
36 36 36 37 38 
37 37 37 38 39 
38 38 38 39 40 
39 39 39 40 41 
40 40 40 41 42 
