# Minimized Production Model for dispRatio of 0.45

42 atoms
41 bonds
40 angles
0 dihedrals
0 impropers


Coords

1 -1.51708 225.92 -83.5037
2 -14.2381 208.23 -66.8278
3 -26.6457 190.333 -50.1385
4 -38.4367 172.052 -33.4195
5 -49.265 153.22 -16.6628
6 -58.7064 133.7 0.139887
7 -66.268 113.409 16.9776
8 -71.397 92.3628 33.8016
9 -73.4664 70.6958 50.4922
10 -71.7744 48.7251 66.8217
11 -65.6309 27.0084 82.4001
12 -54.5101 6.39729 96.6584
13 -38.2106 -11.9868 108.821
14 -17.0235 -26.788 117.951
15 8.02285 -36.6443 123.105
16 35.1471 -40.4971 123.539
17 62.0233 -37.8995 118.892
18 86.1717 -29.1924 109.313
19 105.425 -15.4826 95.4514
20 118.312 1.55366 78.2857
21 124.171 19.9938 58.8764
22 123.043 37.9773 38.2216
23 115.508 53.8446 17.1784
24 102.564 66.2257 -3.56752
25 85.4236 74.039 -23.4738
26 65.4307 76.5307 -42.0497
27 44.0245 73.3414 -58.8643
28 22.6457 64.5038 -73.561
29 2.63478 50.4027 -85.882
30 -14.9148 31.7659 -95.6692
31 -29.2552 9.56027 -102.917
32 -39.981 -15.1974 -107.766
33 -46.9928 -41.5625 -110.463
34 -50.4606 -68.7452 -111.292
35 -50.7648 -96.1524 -110.57
36 -48.3759 -123.398 -108.608
37 -43.7284 -150.266 -105.681
38 -37.2675 -176.668 -102.019
39 -29.4477 -202.62 -97.8166
40 -20.6709 -228.203 -93.2401
41 -11.2603 -253.517 -88.4272
42 -1.51708 -278.683 -83.5037

Types

1 1
2 2
3 3
4 4
5 5
6 6
7 7
8 8
9 9
10 10
11 11
12 12
13 13
14 14
15 15
16 16
17 17
18 18
19 19
20 20
21 21
22 22
23 23
24 24
25 25
26 26
27 27
28 28
29 29
30 30
31 31
32 32
33 33
34 34
35 35
36 36
37 37
38 38
39 39
40 40
41 41
42 42

Molecules

1 1
2 1
3 1
4 1
5 1
6 1
7 1
8 1
9 1
10 1
11 1
12 1
13 1
14 1
15 1
16 1
17 1
18 1
19 1
20 1
21 1
22 1
23 1
24 1
25 1
26 1
27 1
28 1
29 1
30 1
31 1
32 1
33 1
34 1
35 1
36 1
37 1
38 1
39 1
40 1
41 1
42 1

Bonds

1 1 1 2 
2 2 2 3 
3 3 3 4 
4 4 4 5 
5 5 5 6 
6 6 6 7 
7 7 7 8 
8 8 8 9 
9 9 9 10 
10 10 10 11 
11 11 11 12 
12 12 12 13 
13 13 13 14 
14 14 14 15 
15 15 15 16 
16 16 16 17 
17 17 17 18 
18 18 18 19 
19 19 19 20 
20 20 20 21 
21 21 21 22 
22 22 22 23 
23 23 23 24 
24 24 24 25 
25 25 25 26 
26 26 26 27 
27 27 27 28 
28 28 28 29 
29 29 29 30 
30 30 30 31 
31 31 31 32 
32 32 32 33 
33 33 33 34 
34 34 34 35 
35 35 35 36 
36 36 36 37 
37 37 37 38 
38 38 38 39 
39 39 39 40 
40 40 40 41 
41 41 41 42 

Angles

1 1 1 2 3 
2 2 2 3 4 
3 3 3 4 5 
4 4 4 5 6 
5 5 5 6 7 
6 6 6 7 8 
7 7 7 8 9 
8 8 8 9 10 
9 9 9 10 11 
10 10 10 11 12 
11 11 11 12 13 
12 12 12 13 14 
13 13 13 14 15 
14 14 14 15 16 
15 15 15 16 17 
16 16 16 17 18 
17 17 17 18 19 
18 18 18 19 20 
19 19 19 20 21 
20 20 20 21 22 
21 21 21 22 23 
22 22 22 23 24 
23 23 23 24 25 
24 24 24 25 26 
25 25 25 26 27 
26 26 26 27 28 
27 27 27 28 29 
28 28 28 29 30 
29 29 29 30 31 
30 30 30 31 32 
31 31 31 32 33 
32 32 32 33 34 
33 33 33 34 35 
34 34 34 35 36 
35 35 35 36 37 
36 36 36 37 38 
37 37 37 38 39 
38 38 38 39 40 
39 39 39 40 41 
40 40 40 41 42 
