# Minimized Production Model for dispRatio of 0.20

42 atoms
41 bonds
40 angles
0 dihedrals
0 impropers


Coords

1 -1.51708 85.7528 -83.5037
2 -17.3464 80.3267 -61.7705
3 -32.4313 74.2195 -39.6954
4 -45.9523 66.7415 -17.0346
5 -56.9848 57.3458 6.25392
6 -64.4863 45.6039 29.8702
7 -67.3715 31.3038 53.0847
8 -64.704 14.7252 74.745
9 -55.9505 -3.3821 93.3527
10 -41.2471 -21.8195 107.291
11 -21.4775 -39.0505 115.219
12 1.77933 -53.4963 116.368
13 26.5301 -63.8724 110.82
14 50.807 -69.3553 99.3484
15 72.9066 -69.6183 83.1419
16 91.6071 -64.7585 63.7073
17 106.162 -55.1243 42.5749
18 116.107 -41.2397 21.1285
19 121.215 -23.7162 0.675044
20 121.422 -3.24776 -17.5599
21 116.828 19.2998 -32.4629
22 107.64 42.8795 -42.9942
23 94.1801 66.1677 -48.2722
24 77.0907 87.5925 -47.7464
25 57.3695 105.475 -41.2682
26 36.2362 118.139 -29.2762
27 15.109 124.17 -12.9016
28 -4.50499 122.736 6.17514
29 -21.2979 113.769 25.8869
30 -34.332 97.9483 44.0691
31 -43.1169 76.558 58.755
32 -47.7135 51.3487 68.4577
33 -48.5722 24.2343 72.3543
34 -46.3825 -3.00156 70.2079
35 -42.035 -28.8837 62.2901
36 -36.3855 -52.3719 49.3317
37 -30.1345 -72.9222 32.3013
38 -23.8201 -90.4424 12.1785
39 -17.7447 -105.166 -10.1402
40 -12.0468 -117.605 -33.906
41 -6.70016 -128.461 -58.5183
42 -1.51708 -138.515 -83.5037

Types

1 1
2 2
3 3
4 4
5 5
6 6
7 7
8 8
9 9
10 10
11 11
12 12
13 13
14 14
15 15
16 16
17 17
18 18
19 19
20 20
21 21
22 22
23 23
24 24
25 25
26 26
27 27
28 28
29 29
30 30
31 31
32 32
33 33
34 34
35 35
36 36
37 37
38 38
39 39
40 40
41 41
42 42

Molecules

1 1
2 1
3 1
4 1
5 1
6 1
7 1
8 1
9 1
10 1
11 1
12 1
13 1
14 1
15 1
16 1
17 1
18 1
19 1
20 1
21 1
22 1
23 1
24 1
25 1
26 1
27 1
28 1
29 1
30 1
31 1
32 1
33 1
34 1
35 1
36 1
37 1
38 1
39 1
40 1
41 1
42 1

Bonds

1 1 1 2 
2 2 2 3 
3 3 3 4 
4 4 4 5 
5 5 5 6 
6 6 6 7 
7 7 7 8 
8 8 8 9 
9 9 9 10 
10 10 10 11 
11 11 11 12 
12 12 12 13 
13 13 13 14 
14 14 14 15 
15 15 15 16 
16 16 16 17 
17 17 17 18 
18 18 18 19 
19 19 19 20 
20 20 20 21 
21 21 21 22 
22 22 22 23 
23 23 23 24 
24 24 24 25 
25 25 25 26 
26 26 26 27 
27 27 27 28 
28 28 28 29 
29 29 29 30 
30 30 30 31 
31 31 31 32 
32 32 32 33 
33 33 33 34 
34 34 34 35 
35 35 35 36 
36 36 36 37 
37 37 37 38 
38 38 38 39 
39 39 39 40 
40 40 40 41 
41 41 41 42 

Angles

1 1 1 2 3 
2 2 2 3 4 
3 3 3 4 5 
4 4 4 5 6 
5 5 5 6 7 
6 6 6 7 8 
7 7 7 8 9 
8 8 8 9 10 
9 9 9 10 11 
10 10 10 11 12 
11 11 11 12 13 
12 12 12 13 14 
13 13 13 14 15 
14 14 14 15 16 
15 15 15 16 17 
16 16 16 17 18 
17 17 17 18 19 
18 18 18 19 20 
19 19 19 20 21 
20 20 20 21 22 
21 21 21 22 23 
22 22 22 23 24 
23 23 23 24 25 
24 24 24 25 26 
25 25 25 26 27 
26 26 26 27 28 
27 27 27 28 29 
28 28 28 29 30 
29 29 29 30 31 
30 30 30 31 32 
31 31 31 32 33 
32 32 32 33 34 
33 33 33 34 35 
34 34 34 35 36 
35 35 35 36 37 
36 36 36 37 38 
37 37 37 38 39 
38 38 38 39 40 
39 39 39 40 41 
40 40 40 41 42 
