# Minimized Production Model for dispRatio of 1.00

42 atoms
41 bonds
40 angles
0 dihedrals
0 impropers


Coords

1 -1.51708 534.289 -83.5037
2 -1.32238 506.968 -81.7243
3 -1.12232 479.646 -79.9439
4 -0.934875 452.325 -78.1556
5 -0.772528 425.004 -76.3641
6 -0.632276 397.681 -74.5983
7 -0.510894 370.355 -72.8872
8 -0.400726 343.025 -71.2475
9 -0.289655 315.688 -69.7001
10 -0.164417 288.347 -68.2613
11 -0.0127193 260.999 -66.9325
12 0.158451 233.646 -65.7172
13 0.323463 206.289 -64.6067
14 0.46014 178.928 -63.5925
15 0.561981 151.565 -62.6656
16 0.62592 124.198 -61.8403
17 0.649463 96.827 -61.1307
18 0.651148 69.4523 -60.552
19 0.652639 42.0761 -60.1147
20 0.66317 14.6974 -59.837
21 0.683706 -12.6822 -59.7215
22 0.713333 -40.0631 -59.7592
23 0.737671 -67.4432 -59.9357
24 0.747141 -94.8211 -60.2449
25 0.72791 -122.198 -60.6826
26 0.681161 -149.572 -61.2482
27 0.599844 -176.943 -61.9336
28 0.49339 -204.313 -62.7325
29 0.378924 -231.679 -63.642
30 0.266662 -259.04 -64.6703
31 0.148263 -286.396 -65.8126
32 0.0254078 -313.747 -67.0652
33 -0.0973907 -341.094 -68.4246
34 -0.218087 -368.435 -69.889
35 -0.353666 -395.772 -71.4403
36 -0.501833 -423.104 -73.0506
37 -0.652159 -450.433 -74.7071
38 -0.806116 -477.761 -76.4016
39 -0.97157 -505.087 -78.1366
40 -1.14838 -532.412 -79.8997
41 -1.33085 -559.733 -81.692
42 -1.51708 -587.052 -83.5037

Types

1 1
2 2
3 3
4 4
5 5
6 6
7 7
8 8
9 9
10 10
11 11
12 12
13 13
14 14
15 15
16 16
17 17
18 18
19 19
20 20
21 21
22 22
23 23
24 24
25 25
26 26
27 27
28 28
29 29
30 30
31 31
32 32
33 33
34 34
35 35
36 36
37 37
38 38
39 39
40 40
41 41
42 42

Molecules

1 1
2 1
3 1
4 1
5 1
6 1
7 1
8 1
9 1
10 1
11 1
12 1
13 1
14 1
15 1
16 1
17 1
18 1
19 1
20 1
21 1
22 1
23 1
24 1
25 1
26 1
27 1
28 1
29 1
30 1
31 1
32 1
33 1
34 1
35 1
36 1
37 1
38 1
39 1
40 1
41 1
42 1

Bonds

1 1 1 2 
2 2 2 3 
3 3 3 4 
4 4 4 5 
5 5 5 6 
6 6 6 7 
7 7 7 8 
8 8 8 9 
9 9 9 10 
10 10 10 11 
11 11 11 12 
12 12 12 13 
13 13 13 14 
14 14 14 15 
15 15 15 16 
16 16 16 17 
17 17 17 18 
18 18 18 19 
19 19 19 20 
20 20 20 21 
21 21 21 22 
22 22 22 23 
23 23 23 24 
24 24 24 25 
25 25 25 26 
26 26 26 27 
27 27 27 28 
28 28 28 29 
29 29 29 30 
30 30 30 31 
31 31 31 32 
32 32 32 33 
33 33 33 34 
34 34 34 35 
35 35 35 36 
36 36 36 37 
37 37 37 38 
38 38 38 39 
39 39 39 40 
40 40 40 41 
41 41 41 42 

Angles

1 1 1 2 3 
2 2 2 3 4 
3 3 3 4 5 
4 4 4 5 6 
5 5 5 6 7 
6 6 6 7 8 
7 7 7 8 9 
8 8 8 9 10 
9 9 9 10 11 
10 10 10 11 12 
11 11 11 12 13 
12 12 12 13 14 
13 13 13 14 15 
14 14 14 15 16 
15 15 15 16 17 
16 16 16 17 18 
17 17 17 18 19 
18 18 18 19 20 
19 19 19 20 21 
20 20 20 21 22 
21 21 21 22 23 
22 22 22 23 24 
23 23 23 24 25 
24 24 24 25 26 
25 25 25 26 27 
26 26 26 27 28 
27 27 27 28 29 
28 28 28 29 30 
29 29 29 30 31 
30 30 30 31 32 
31 31 31 32 33 
32 32 32 33 34 
33 33 33 34 35 
34 34 34 35 36 
35 35 35 36 37 
36 36 36 37 38 
37 37 37 38 39 
38 38 38 39 40 
39 39 39 40 41 
40 40 40 41 42 
