# Minimized Production Model for dispRatio of 0.98

42 atoms
41 bonds
40 angles
0 dihedrals
0 impropers


Coords

1 -1.51708 523.076 -83.5037
2 -1.39996 497.69 -73.3715
3 -1.25575 472.263 -63.3434
4 -1.06901 446.751 -53.5323
5 -0.835604 421.113 -44.0544
6 -0.542061 395.315 -35.0234
7 -0.20056 369.33 -26.5502
8 0.194382 343.141 -18.733
9 0.647895 316.741 -11.6601
10 1.16241 290.133 -5.41886
11 1.73121 263.333 -0.0673066
12 2.35671 236.363 4.34676
13 3.03137 209.254 7.7927
14 3.74329 182.039 10.2524
15 4.46133 154.752 11.7157
16 5.15265 127.429 12.2018
17 5.78317 100.104 11.7497
18 6.34291 72.8072 10.4051
19 6.82559 45.5623 8.23262
20 7.22012 18.3854 5.31552
21 7.52176 -8.71529 1.74283
22 7.72608 -35.7357 -2.39405
23 7.83965 -62.681 -7.00278
24 7.84902 -89.5624 -11.9728
25 7.75198 -116.397 -17.1865
26 7.55663 -143.204 -22.5396
27 7.25509 -170 -27.9475
28 6.84943 -196.8 -33.3257
29 6.35739 -223.621 -38.5924
30 5.80113 -250.475 -43.6852
31 5.20706 -277.37 -48.5482
32 4.58974 -304.314 -53.1374
33 3.96035 -331.307 -57.4224
34 3.34165 -358.35 -61.3858
35 2.72101 -385.437 -65.0209
36 2.10423 -412.565 -68.3409
37 1.48555 -439.727 -71.3756
38 0.873616 -466.916 -74.1583
39 0.261467 -494.128 -76.7155
40 -0.349402 -521.355 -79.0894
41 -0.941595 -548.594 -81.3312
42 -1.51708 -575.838 -83.5037

Types

1 1
2 2
3 3
4 4
5 5
6 6
7 7
8 8
9 9
10 10
11 11
12 12
13 13
14 14
15 15
16 16
17 17
18 18
19 19
20 20
21 21
22 22
23 23
24 24
25 25
26 26
27 27
28 28
29 29
30 30
31 31
32 32
33 33
34 34
35 35
36 36
37 37
38 38
39 39
40 40
41 41
42 42

Molecules

1 1
2 1
3 1
4 1
5 1
6 1
7 1
8 1
9 1
10 1
11 1
12 1
13 1
14 1
15 1
16 1
17 1
18 1
19 1
20 1
21 1
22 1
23 1
24 1
25 1
26 1
27 1
28 1
29 1
30 1
31 1
32 1
33 1
34 1
35 1
36 1
37 1
38 1
39 1
40 1
41 1
42 1

Bonds

1 1 1 2 
2 2 2 3 
3 3 3 4 
4 4 4 5 
5 5 5 6 
6 6 6 7 
7 7 7 8 
8 8 8 9 
9 9 9 10 
10 10 10 11 
11 11 11 12 
12 12 12 13 
13 13 13 14 
14 14 14 15 
15 15 15 16 
16 16 16 17 
17 17 17 18 
18 18 18 19 
19 19 19 20 
20 20 20 21 
21 21 21 22 
22 22 22 23 
23 23 23 24 
24 24 24 25 
25 25 25 26 
26 26 26 27 
27 27 27 28 
28 28 28 29 
29 29 29 30 
30 30 30 31 
31 31 31 32 
32 32 32 33 
33 33 33 34 
34 34 34 35 
35 35 35 36 
36 36 36 37 
37 37 37 38 
38 38 38 39 
39 39 39 40 
40 40 40 41 
41 41 41 42 

Angles

1 1 1 2 3 
2 2 2 3 4 
3 3 3 4 5 
4 4 4 5 6 
5 5 5 6 7 
6 6 6 7 8 
7 7 7 8 9 
8 8 8 9 10 
9 9 9 10 11 
10 10 10 11 12 
11 11 11 12 13 
12 12 12 13 14 
13 13 13 14 15 
14 14 14 15 16 
15 15 15 16 17 
16 16 16 17 18 
17 17 17 18 19 
18 18 18 19 20 
19 19 19 20 21 
20 20 20 21 22 
21 21 21 22 23 
22 22 22 23 24 
23 23 23 24 25 
24 24 24 25 26 
25 25 25 26 27 
26 26 26 27 28 
27 27 27 28 29 
28 28 28 29 30 
29 29 29 30 31 
30 30 30 31 32 
31 31 31 32 33 
32 32 32 33 34 
33 33 33 34 35 
34 34 34 35 36 
35 35 35 36 37 
36 36 36 37 38 
37 37 37 38 39 
38 38 38 39 40 
39 39 39 40 41 
40 40 40 41 42 
