# Minimized Production Model for dispRatio of 0.98

84 atoms
83 bonds
82 angles
0 dihedrals
0 impropers


Coords

1 -0.0130603 151.622 -11.8584
2 -0.557437 139.681 -5.64231
3 -1.09304 127.713 0.522847
4 -1.61173 115.693 6.58658
5 -2.10586 103.596 12.4987
6 -2.56708 91.4029 18.21
7 -2.98646 79.0953 23.6736
8 -3.35316 66.6605 28.8443
9 -3.65493 54.0899 33.6795
10 -3.882 41.3801 38.1393
11 -4.02804 28.532 42.1867
12 -4.08935 15.5513 45.7886
13 -4.06598 2.44857 48.9181
14 -3.96043 -10.7616 51.5556
15 -3.77434 -24.062 53.6872
16 -3.5099 -37.4333 55.3057
17 -3.17215 -50.8554 56.4109
18 -2.76658 -64.3077 57.0094
19 -2.29839 -77.771 57.1142
20 -1.77465 -91.2277 56.744
21 -1.20342 -104.663 55.9234
22 -0.592836 -118.064 54.681
23 0.0483924 -131.421 53.0496
24 0.710916 -144.731 51.0671
25 1.3862 -157.99 48.7733
26 2.06584 -171.2 46.2104
27 2.73971 -184.364 43.4222
28 3.39613 -197.491 40.4537
29 4.02259 -210.587 37.3496
30 4.60672 -223.664 34.1523
31 5.13708 -236.73 30.9024
32 5.60398 -249.796 27.6397
33 6.00061 -262.87 24.4017
34 6.32336 -275.961 21.2231
35 6.57093 -289.075 18.1362
36 6.74413 -302.219 15.1703
37 6.84491 -315.396 12.3498
38 6.87528 -328.607 9.69616
39 6.83614 -341.855 7.22831
40 6.72695 -355.138 4.96021
41 6.54747 -368.455 2.90063
42 6.29984 -381.801 1.05415
43 5.9885 -395.175 -0.578595
44 5.6193 -408.571 -2.00039
45 5.20089 -421.986 -3.21721
46 4.74285 -435.416 -4.23765
47 4.25519 -448.859 -5.07258
48 3.74964 -462.31 -5.73545
49 3.2377 -475.768 -6.24128
50 2.72948 -489.231 -6.60594
51 2.23276 -502.696 -6.84653
52 1.75333 -516.164 -6.98198
53 1.29578 -529.634 -7.03257
54 0.864375 -543.104 -7.017
55 0.464407 -556.575 -6.95264
56 0.101011 -570.046 -6.85621
57 -0.222 -583.519 -6.74211
58 -0.502305 -596.993 -6.62284
59 -0.738371 -610.467 -6.51005
60 -0.930194 -623.942 -6.4133
61 -1.07934 -637.418 -6.33954
62 -1.18707 -650.895 -6.29511
63 -1.25564 -664.372 -6.28464
64 -1.28894 -677.848 -6.31063
65 -1.29013 -691.325 -6.3752
66 -1.26204 -704.801 -6.47818
67 -1.20804 -718.276 -6.61744
68 -1.13209 -731.751 -6.79157
69 -1.03878 -745.225 -6.99861
70 -0.932954 -758.698 -7.23498
71 -0.820492 -772.17 -7.49741
72 -0.707333 -785.642 -7.78265
73 -0.598221 -799.114 -8.08725
74 -0.496727 -812.585 -8.40772
75 -0.405817 -826.056 -8.74114
76 -0.326418 -839.526 -9.08346
77 -0.25883 -852.997 -9.43109
78 -0.20127 -866.467 -9.77976
79 -0.154158 -879.938 -10.1277
80 -0.114487 -893.409 -10.4745
81 -0.0817749 -906.88 -10.8202
82 -0.0548313 -920.35 -11.1658
83 -0.0330033 -933.821 -11.512
84 -0.0130603 -947.292 -11.8584

Types

1 1
2 2
3 3
4 4
5 5
6 6
7 7
8 8
9 9
10 10
11 11
12 12
13 13
14 14
15 15
16 16
17 17
18 18
19 19
20 20
21 21
22 22
23 23
24 24
25 25
26 26
27 27
28 28
29 29
30 30
31 31
32 32
33 33
34 34
35 35
36 36
37 37
38 38
39 39
40 40
41 41
42 42
43 43
44 44
45 45
46 46
47 47
48 48
49 49
50 50
51 51
52 52
53 53
54 54
55 55
56 56
57 57
58 58
59 59
60 60
61 61
62 62
63 63
64 64
65 65
66 66
67 67
68 68
69 69
70 70
71 71
72 72
73 73
74 74
75 75
76 76
77 77
78 78
79 79
80 80
81 81
82 82
83 83
84 84

Molecules

1 1
2 1
3 1
4 1
5 1
6 1
7 1
8 1
9 1
10 1
11 1
12 1
13 1
14 1
15 1
16 1
17 1
18 1
19 1
20 1
21 1
22 1
23 1
24 1
25 1
26 1
27 1
28 1
29 1
30 1
31 1
32 1
33 1
34 1
35 1
36 1
37 1
38 1
39 1
40 1
41 1
42 1
43 1
44 1
45 1
46 1
47 1
48 1
49 1
50 1
51 1
52 1
53 1
54 1
55 1
56 1
57 1
58 1
59 1
60 1
61 1
62 1
63 1
64 1
65 1
66 1
67 1
68 1
69 1
70 1
71 1
72 1
73 1
74 1
75 1
76 1
77 1
78 1
79 1
80 1
81 1
82 1
83 1
84 1

Bonds

1 1 1 2 
2 2 2 3 
3 3 3 4 
4 4 4 5 
5 5 5 6 
6 6 6 7 
7 7 7 8 
8 8 8 9 
9 9 9 10 
10 10 10 11 
11 11 11 12 
12 12 12 13 
13 13 13 14 
14 14 14 15 
15 15 15 16 
16 16 16 17 
17 17 17 18 
18 18 18 19 
19 19 19 20 
20 20 20 21 
21 21 21 22 
22 22 22 23 
23 23 23 24 
24 24 24 25 
25 25 25 26 
26 26 26 27 
27 27 27 28 
28 28 28 29 
29 29 29 30 
30 30 30 31 
31 31 31 32 
32 32 32 33 
33 33 33 34 
34 34 34 35 
35 35 35 36 
36 36 36 37 
37 37 37 38 
38 38 38 39 
39 39 39 40 
40 40 40 41 
41 41 41 42 
42 42 42 43 
43 43 43 44 
44 44 44 45 
45 45 45 46 
46 46 46 47 
47 47 47 48 
48 48 48 49 
49 49 49 50 
50 50 50 51 
51 51 51 52 
52 52 52 53 
53 53 53 54 
54 54 54 55 
55 55 55 56 
56 56 56 57 
57 57 57 58 
58 58 58 59 
59 59 59 60 
60 60 60 61 
61 61 61 62 
62 62 62 63 
63 63 63 64 
64 64 64 65 
65 65 65 66 
66 66 66 67 
67 67 67 68 
68 68 68 69 
69 69 69 70 
70 70 70 71 
71 71 71 72 
72 72 72 73 
73 73 73 74 
74 74 74 75 
75 75 75 76 
76 76 76 77 
77 77 77 78 
78 78 78 79 
79 79 79 80 
80 80 80 81 
81 81 81 82 
82 82 82 83 
83 83 83 84 

Angles

1 1 1 2 3 
2 2 2 3 4 
3 3 3 4 5 
4 4 4 5 6 
5 5 5 6 7 
6 6 6 7 8 
7 7 7 8 9 
8 8 8 9 10 
9 9 9 10 11 
10 10 10 11 12 
11 11 11 12 13 
12 12 12 13 14 
13 13 13 14 15 
14 14 14 15 16 
15 15 15 16 17 
16 16 16 17 18 
17 17 17 18 19 
18 18 18 19 20 
19 19 19 20 21 
20 20 20 21 22 
21 21 21 22 23 
22 22 22 23 24 
23 23 23 24 25 
24 24 24 25 26 
25 25 25 26 27 
26 26 26 27 28 
27 27 27 28 29 
28 28 28 29 30 
29 29 29 30 31 
30 30 30 31 32 
31 31 31 32 33 
32 32 32 33 34 
33 33 33 34 35 
34 34 34 35 36 
35 35 35 36 37 
36 36 36 37 38 
37 37 37 38 39 
38 38 38 39 40 
39 39 39 40 41 
40 40 40 41 42 
41 41 41 42 43 
42 42 42 43 44 
43 43 43 44 45 
44 44 44 45 46 
45 45 45 46 47 
46 46 46 47 48 
47 47 47 48 49 
48 48 48 49 50 
49 49 49 50 51 
50 50 50 51 52 
51 51 51 52 53 
52 52 52 53 54 
53 53 53 54 55 
54 54 54 55 56 
55 55 55 56 57 
56 56 56 57 58 
57 57 57 58 59 
58 58 58 59 60 
59 59 59 60 61 
60 60 60 61 62 
61 61 61 62 63 
62 62 62 63 64 
63 63 63 64 65 
64 64 64 65 66 
65 65 65 66 67 
66 66 66 67 68 
67 67 67 68 69 
68 68 68 69 70 
69 69 69 70 71 
70 70 70 71 72 
71 71 71 72 73 
72 72 72 73 74 
73 73 73 74 75 
74 74 74 75 76 
75 75 75 76 77 
76 76 76 77 78 
77 77 77 78 79 
78 78 78 79 80 
79 79 79 80 81 
80 80 80 81 82 
81 81 81 82 83 
82 82 82 83 84 
