# Minimized Production Model for dispRatio of 0.17

42 atoms
41 bonds
40 angles
0 dihedrals
0 impropers


Coords

1 -1.51708 68.9327 -83.5037
2 10.851 50.0642 -68.0281
3 23.3657 31.4365 -52.3801
4 36.1848 13.3085 -36.3958
5 49.4574 -4.03612 -19.9201
6 63.3263 -20.2859 -2.83177
7 77.8952 -35.1051 14.9596
8 93.2257 -48.1048 33.5153
9 109.343 -58.8364 52.8365
10 126.205 -66.8115 72.8423
11 143.683 -71.5099 93.349
12 161.543 -72.4153 114.043
13 179.423 -69.0712 134.467
14 196.826 -61.1503 154.019
15 213.139 -48.5248 171.972
16 227.666 -31.3363 187.503
17 239.668 -10.0536 199.774
18 248.444 14.4927 208.019
19 253.417 41.1295 211.657
20 254.232 68.4274 210.394
21 250.826 94.8521 204.266
22 243.438 118.94 193.652
23 232.562 139.454 179.215
24 218.876 155.481 161.795
25 203.146 166.493 142.327
26 186.138 172.316 121.721
27 168.547 173.062 100.795
28 150.976 169.072 80.2229
29 133.896 160.842 60.511
30 117.643 148.944 42.0097
31 102.429 133.948 24.9268
32 88.3736 116.393 9.35427
33 75.5054 96.7721 -4.70712
34 63.7862 75.5185 -17.3278
35 53.1417 52.9905 -28.6225
36 43.4746 29.4792 -38.7319
37 34.6587 5.22133 -47.7993
38 26.558 -19.5927 -55.9868
39 19.0305 -44.8072 -63.4694
40 11.9364 -70.2961 -70.4282
41 5.13496 -95.9543 -77.0499
42 -1.51708 -121.695 -83.5037

Types

1 1
2 2
3 3
4 4
5 5
6 6
7 7
8 8
9 9
10 10
11 11
12 12
13 13
14 14
15 15
16 16
17 17
18 18
19 19
20 20
21 21
22 22
23 23
24 24
25 25
26 26
27 27
28 28
29 29
30 30
31 31
32 32
33 33
34 34
35 35
36 36
37 37
38 38
39 39
40 40
41 41
42 42

Molecules

1 1
2 1
3 1
4 1
5 1
6 1
7 1
8 1
9 1
10 1
11 1
12 1
13 1
14 1
15 1
16 1
17 1
18 1
19 1
20 1
21 1
22 1
23 1
24 1
25 1
26 1
27 1
28 1
29 1
30 1
31 1
32 1
33 1
34 1
35 1
36 1
37 1
38 1
39 1
40 1
41 1
42 1

Bonds

1 1 1 2 
2 2 2 3 
3 3 3 4 
4 4 4 5 
5 5 5 6 
6 6 6 7 
7 7 7 8 
8 8 8 9 
9 9 9 10 
10 10 10 11 
11 11 11 12 
12 12 12 13 
13 13 13 14 
14 14 14 15 
15 15 15 16 
16 16 16 17 
17 17 17 18 
18 18 18 19 
19 19 19 20 
20 20 20 21 
21 21 21 22 
22 22 22 23 
23 23 23 24 
24 24 24 25 
25 25 25 26 
26 26 26 27 
27 27 27 28 
28 28 28 29 
29 29 29 30 
30 30 30 31 
31 31 31 32 
32 32 32 33 
33 33 33 34 
34 34 34 35 
35 35 35 36 
36 36 36 37 
37 37 37 38 
38 38 38 39 
39 39 39 40 
40 40 40 41 
41 41 41 42 

Angles

1 1 1 2 3 
2 2 2 3 4 
3 3 3 4 5 
4 4 4 5 6 
5 5 5 6 7 
6 6 6 7 8 
7 7 7 8 9 
8 8 8 9 10 
9 9 9 10 11 
10 10 10 11 12 
11 11 11 12 13 
12 12 12 13 14 
13 13 13 14 15 
14 14 14 15 16 
15 15 15 16 17 
16 16 16 17 18 
17 17 17 18 19 
18 18 18 19 20 
19 19 19 20 21 
20 20 20 21 22 
21 21 21 22 23 
22 22 22 23 24 
23 23 23 24 25 
24 24 24 25 26 
25 25 25 26 27 
26 26 26 27 28 
27 27 27 28 29 
28 28 28 29 30 
29 29 29 30 31 
30 30 30 31 32 
31 31 31 32 33 
32 32 32 33 34 
33 33 33 34 35 
34 34 34 35 36 
35 35 35 36 37 
36 36 36 37 38 
37 37 37 38 39 
38 38 38 39 40 
39 39 39 40 41 
40 40 40 41 42 
