# Minimized Production Model for dispRatio of 0.02

84 atoms
83 bonds
82 angles
0 dihedrals
0 impropers


Coords

1 -0.0130603 -386.621 -11.8584
2 -0.0141251 -375.531 -4.12267
3 -0.0139144 -364.428 3.59553
4 -0.0142122 -353.301 11.2791
5 -0.0163153 -342.14 18.9127
6 -0.0204233 -330.933 26.4779
7 -0.0247098 -319.667 33.9549
8 -0.0286847 -308.331 41.325
9 -0.0324686 -296.915 48.5689
10 -0.0359109 -285.405 55.6646
11 -0.0374059 -273.791 62.5881
12 -0.0379764 -262.061 69.3133
13 -0.0397922 -250.205 75.813
14 -0.0436579 -238.212 82.0574
15 -0.0484472 -226.074 88.015
16 -0.0519557 -213.784 93.6523
17 -0.0527382 -201.336 98.9284
18 -0.0500136 -188.723 103.8
19 -0.0464621 -175.947 108.222
20 -0.0445151 -163.011 112.148
21 -0.0436044 -149.923 115.529
22 -0.043866 -136.696 118.312
23 -0.0446192 -123.348 120.442
24 -0.0448674 -109.908 121.86
25 -0.0444629 -96.4096 122.508
26 -0.0437507 -82.8982 122.327
27 -0.0452201 -69.4279 121.261
28 -0.0490336 -56.0669 119.257
29 -0.0534187 -42.8922 116.266
30 -0.0541642 -29.9959 112.246
31 -0.0512133 -17.4807 107.167
32 -0.0446339 -5.45928 101.011
33 -0.0364781 5.94314 93.7753
34 -0.027791 16.5971 85.4781
35 -0.0198045 26.3693 76.1612
36 -0.0133028 35.1289 65.8869
37 -0.00831187 42.746 54.7415
38 -0.00560596 49.102 42.8325
39 -0.00380608 54.0924 30.291
40 -0.00180322 57.6329 17.267
41 0.000309662 59.6622 3.92442
42 0.00335404 60.1451 -9.56313
43 0.00554792 59.0753 -23.0175
44 0.00825627 56.4752 -36.2613
45 0.0122214 52.3955 -49.1277
46 0.018085 46.9099 -61.4618
47 0.0243132 40.1119 -73.1252
48 0.0304937 32.1116 -84.0001
49 0.0378837 23.0304 -93.9921
50 0.0436122 12.9975 -103.03
51 0.0459412 2.14448 -111.065
52 0.0466221 -9.40063 -118.073
53 0.0474279 -21.5143 -124.047
54 0.0475487 -34.0837 -128.994
55 0.047673 -47.0042 -132.937
56 0.0476754 -60.1836 -135.909
57 0.0468873 -73.54 -137.954
58 0.0456979 -87.0021 -139.123
59 0.0442078 -100.511 -139.469
60 0.0442751 -114.02 -139.044
61 0.0449962 -127.486 -137.903
62 0.044992 -140.882 -136.1
63 0.0440894 -154.182 -133.692
64 0.0409147 -167.372 -130.732
65 0.0365119 -180.439 -127.267
66 0.0319591 -193.376 -123.344
67 0.0298884 -206.182 -119.009
68 0.0300485 -218.856 -114.301
69 0.0304481 -231.402 -109.261
70 0.0293153 -243.824 -103.92
71 0.0266861 -256.126 -98.313
72 0.0264413 -268.318 -92.4681
73 0.028214 -280.405 -86.4124
74 0.0264442 -292.397 -80.1696
75 0.0219339 -304.303 -73.7632
76 0.0168127 -316.131 -67.2143
77 0.00974022 -327.892 -60.5441
78 0.000855825 -339.595 -53.7726
79 -0.00720381 -351.248 -46.9156
80 -0.0126788 -362.858 -39.9865
81 -0.0144725 -374.434 -33.0002
82 -0.0140011 -385.985 -25.9734
83 -0.0131055 -397.52 -18.9215
84 -0.0130603 -409.048 -11.8584

Types

1 1
2 2
3 3
4 4
5 5
6 6
7 7
8 8
9 9
10 10
11 11
12 12
13 13
14 14
15 15
16 16
17 17
18 18
19 19
20 20
21 21
22 22
23 23
24 24
25 25
26 26
27 27
28 28
29 29
30 30
31 31
32 32
33 33
34 34
35 35
36 36
37 37
38 38
39 39
40 40
41 41
42 42
43 43
44 44
45 45
46 46
47 47
48 48
49 49
50 50
51 51
52 52
53 53
54 54
55 55
56 56
57 57
58 58
59 59
60 60
61 61
62 62
63 63
64 64
65 65
66 66
67 67
68 68
69 69
70 70
71 71
72 72
73 73
74 74
75 75
76 76
77 77
78 78
79 79
80 80
81 81
82 82
83 83
84 84

Molecules

1 1
2 1
3 1
4 1
5 1
6 1
7 1
8 1
9 1
10 1
11 1
12 1
13 1
14 1
15 1
16 1
17 1
18 1
19 1
20 1
21 1
22 1
23 1
24 1
25 1
26 1
27 1
28 1
29 1
30 1
31 1
32 1
33 1
34 1
35 1
36 1
37 1
38 1
39 1
40 1
41 1
42 1
43 1
44 1
45 1
46 1
47 1
48 1
49 1
50 1
51 1
52 1
53 1
54 1
55 1
56 1
57 1
58 1
59 1
60 1
61 1
62 1
63 1
64 1
65 1
66 1
67 1
68 1
69 1
70 1
71 1
72 1
73 1
74 1
75 1
76 1
77 1
78 1
79 1
80 1
81 1
82 1
83 1
84 1

Bonds

1 1 1 2 
2 2 2 3 
3 3 3 4 
4 4 4 5 
5 5 5 6 
6 6 6 7 
7 7 7 8 
8 8 8 9 
9 9 9 10 
10 10 10 11 
11 11 11 12 
12 12 12 13 
13 13 13 14 
14 14 14 15 
15 15 15 16 
16 16 16 17 
17 17 17 18 
18 18 18 19 
19 19 19 20 
20 20 20 21 
21 21 21 22 
22 22 22 23 
23 23 23 24 
24 24 24 25 
25 25 25 26 
26 26 26 27 
27 27 27 28 
28 28 28 29 
29 29 29 30 
30 30 30 31 
31 31 31 32 
32 32 32 33 
33 33 33 34 
34 34 34 35 
35 35 35 36 
36 36 36 37 
37 37 37 38 
38 38 38 39 
39 39 39 40 
40 40 40 41 
41 41 41 42 
42 42 42 43 
43 43 43 44 
44 44 44 45 
45 45 45 46 
46 46 46 47 
47 47 47 48 
48 48 48 49 
49 49 49 50 
50 50 50 51 
51 51 51 52 
52 52 52 53 
53 53 53 54 
54 54 54 55 
55 55 55 56 
56 56 56 57 
57 57 57 58 
58 58 58 59 
59 59 59 60 
60 60 60 61 
61 61 61 62 
62 62 62 63 
63 63 63 64 
64 64 64 65 
65 65 65 66 
66 66 66 67 
67 67 67 68 
68 68 68 69 
69 69 69 70 
70 70 70 71 
71 71 71 72 
72 72 72 73 
73 73 73 74 
74 74 74 75 
75 75 75 76 
76 76 76 77 
77 77 77 78 
78 78 78 79 
79 79 79 80 
80 80 80 81 
81 81 81 82 
82 82 82 83 
83 83 83 84 

Angles

1 1 1 2 3 
2 2 2 3 4 
3 3 3 4 5 
4 4 4 5 6 
5 5 5 6 7 
6 6 6 7 8 
7 7 7 8 9 
8 8 8 9 10 
9 9 9 10 11 
10 10 10 11 12 
11 11 11 12 13 
12 12 12 13 14 
13 13 13 14 15 
14 14 14 15 16 
15 15 15 16 17 
16 16 16 17 18 
17 17 17 18 19 
18 18 18 19 20 
19 19 19 20 21 
20 20 20 21 22 
21 21 21 22 23 
22 22 22 23 24 
23 23 23 24 25 
24 24 24 25 26 
25 25 25 26 27 
26 26 26 27 28 
27 27 27 28 29 
28 28 28 29 30 
29 29 29 30 31 
30 30 30 31 32 
31 31 31 32 33 
32 32 32 33 34 
33 33 33 34 35 
34 34 34 35 36 
35 35 35 36 37 
36 36 36 37 38 
37 37 37 38 39 
38 38 38 39 40 
39 39 39 40 41 
40 40 40 41 42 
41 41 41 42 43 
42 42 42 43 44 
43 43 43 44 45 
44 44 44 45 46 
45 45 45 46 47 
46 46 46 47 48 
47 47 47 48 49 
48 48 48 49 50 
49 49 49 50 51 
50 50 50 51 52 
51 51 51 52 53 
52 52 52 53 54 
53 53 53 54 55 
54 54 54 55 56 
55 55 55 56 57 
56 56 56 57 58 
57 57 57 58 59 
58 58 58 59 60 
59 59 59 60 61 
60 60 60 61 62 
61 61 61 62 63 
62 62 62 63 64 
63 63 63 64 65 
64 64 64 65 66 
65 65 65 66 67 
66 66 66 67 68 
67 67 67 68 69 
68 68 68 69 70 
69 69 69 70 71 
70 70 70 71 72 
71 71 71 72 73 
72 72 72 73 74 
73 73 73 74 75 
74 74 74 75 76 
75 75 75 76 77 
76 76 76 77 78 
77 77 77 78 79 
78 78 78 79 80 
79 79 79 80 81 
80 80 80 81 82 
81 81 81 82 83 
82 82 82 83 84 
