# Minimized Production Model for dispRatio of 0.05

168 atoms
167 bonds
166 angles
0 dihedrals
0 impropers


Coords

1 128.96 -168.777 9.69175
2 122.267 -169.144 9.42152
3 115.572 -169.494 9.15068
4 108.877 -169.811 8.88001
5 102.179 -170.079 8.60901
6 95.4786 -170.284 8.33719
7 88.7768 -170.411 8.06481
8 82.0742 -170.442 7.79143
9 75.3722 -170.367 7.51738
10 68.6727 -170.171 7.24271
11 61.9784 -169.843 6.96722
12 55.2928 -169.372 6.6908
13 48.6201 -168.748 6.41364
14 41.9644 -167.964 6.13547
15 35.3308 -167.011 5.8565
16 28.7246 -165.884 5.57753
17 22.1513 -164.578 5.29812
18 15.6166 -163.091 5.01798
19 9.12621 -161.419 4.7377
20 2.68603 -159.563 4.45732
21 -3.69818 -157.524 4.17667
22 -10.0215 -155.301 3.8963
23 -16.2789 -152.899 3.61628
24 -22.4656 -150.318 3.33623
25 -28.5771 -147.563 3.05654
26 -34.6102 -144.64 2.77705
27 -40.5616 -141.554 2.49782
28 -46.4282 -138.307 2.219
29 -52.2067 -134.906 1.94049
30 -57.895 -131.356 1.66218
31 -63.4915 -127.662 1.38448
32 -68.9949 -123.83 1.10658
33 -74.4034 -119.864 0.828894
34 -79.7147 -115.768 0.551245
35 -84.9265 -111.547 0.273773
36 -90.0377 -107.204 -0.00387038
37 -95.0474 -102.743 -0.281313
38 -99.9522 -98.1673 -0.558733
39 -104.749 -93.4782 -0.836473
40 -109.436 -88.6785 -1.11405
41 -114.008 -83.7702 -1.39177
42 -118.463 -78.7545 -1.66941
43 -122.796 -73.6326 -1.94637
44 -127.001 -68.405 -2.22319
45 -131.071 -63.0727 -2.49959
46 -135.003 -57.6371 -2.77512
47 -138.789 -52.0986 -3.05007
48 -142.421 -46.4583 -3.32323
49 -145.891 -40.7167 -3.59492
50 -149.19 -34.8752 -3.86482
51 -152.31 -28.9362 -4.13227
52 -155.242 -22.9021 -4.39678
53 -157.975 -16.7758 -4.65819
54 -160.5 -10.5606 -4.91581
55 -162.806 -4.26109 -5.16901
56 -164.883 2.11751 -5.41731
57 -166.722 8.56868 -5.66014
58 -168.313 15.0855 -5.89683
59 -169.646 21.6602 -6.12691
60 -170.711 28.2835 -6.34969
61 -171.501 34.9453 -6.56456
62 -172.006 41.6345 -6.77074
63 -172.222 48.3395 -6.96733
64 -172.139 55.0475 -7.15471
65 -171.754 61.7452 -7.33148
66 -171.061 68.4182 -7.49693
67 -170.058 75.0519 -7.65093
68 -168.743 81.631 -7.79295
69 -167.115 88.1398 -7.9221
70 -165.172 94.5617 -8.03872
71 -162.917 100.881 -8.1421
72 -160.352 107.081 -8.23127
73 -157.482 113.146 -8.30616
74 -154.311 119.06 -8.36703
75 -150.845 124.805 -8.41367
76 -147.09 130.367 -8.44564
77 -143.055 135.728 -8.46254
78 -138.75 140.876 -8.46426
79 -134.185 145.793 -8.451
80 -129.37 150.467 -8.42262
81 -124.318 154.884 -8.37972
82 -119.042 159.03 -8.32232
83 -113.557 162.893 -8.24945
84 -107.876 166.462 -8.162
85 -102.014 169.726 -8.06049
86 -95.9876 172.676 -7.94488
87 -89.8144 175.303 -7.81536
88 -83.5118 177.601 -7.67304
89 -77.0966 179.561 -7.51778
90 -70.5867 181.179 -7.3496
91 -64.0003 182.452 -7.16939
92 -57.3568 183.376 -6.97773
93 -50.6745 183.952 -6.77513
94 -43.9715 184.179 -6.56215
95 -37.2656 184.058 -6.34004
96 -30.575 183.592 -6.10854
97 -23.9173 182.785 -5.86828
98 -17.309 181.643 -5.62005
99 -10.7659 180.172 -5.36519
100 -4.30303 178.381 -5.1041
101 2.06505 176.277 -4.83763
102 8.32488 173.87 -4.56622
103 14.4638 171.17 -4.29036
104 20.4712 168.189 -4.01054
105 26.3372 164.937 -3.72824
106 32.053 161.427 -3.44394
107 37.6106 157.672 -3.15793
108 43.0033 153.682 -2.87073
109 48.2244 149.471 -2.58314
110 53.2708 145.051 -2.29531
111 58.1395 140.435 -2.00769
112 62.8272 135.635 -1.72129
113 67.3323 130.662 -1.43626
114 71.6539 125.53 -1.15253
115 75.7926 120.248 -0.871356
116 79.7485 114.827 -0.592525
117 83.5238 109.277 -0.315859
118 87.1198 103.61 -0.0419177
119 90.5395 97.8346 0.228648
120 93.7854 91.9591 0.495989
121 96.8615 85.992 0.759974
122 99.7719 79.9415 1.0204
123 102.519 73.8156 1.27717
124 105.107 67.6203 1.53082
125 107.543 61.363 1.78053
126 109.83 55.0489 2.02609
127 111.974 48.6844 2.26776
128 113.978 42.2745 2.50589
129 115.847 35.8241 2.73993
130 117.587 29.3366 2.9703
131 119.204 22.8169 3.1972
132 120.701 16.2682 3.42036
133 122.084 9.69471 3.63939
134 123.357 3.0985 3.85497
135 124.525 -3.51745 4.0671
136 125.593 -10.1507 4.2755
137 126.566 -16.7987 4.4809
138 127.446 -23.4597 4.68282
139 128.24 -30.1317 4.88134
140 128.952 -36.8136 5.07645
141 129.585 -43.5035 5.26891
142 130.144 -50.2004 5.45835
143 130.632 -56.9027 5.64482
144 131.052 -63.6097 5.82836
145 131.409 -70.3208 6.00953
146 131.706 -77.035 6.18817
147 131.947 -83.7519 6.36433
148 132.134 -90.47 6.53813
149 132.27 -97.1899 6.70954
150 132.36 -103.91 6.87855
151 132.404 -110.632 7.04585
152 132.408 -117.353 7.21185
153 132.373 -124.075 7.37544
154 132.303 -130.796 7.53736
155 132.199 -137.517 7.69779
156 132.065 -144.238 7.85658
157 131.902 -150.958 8.01403
158 131.715 -157.678 8.17081
159 131.504 -164.396 8.3263
160 131.273 -171.115 8.48066
161 131.024 -177.833 8.63394
162 130.759 -184.55 8.78653
163 130.481 -191.266 8.93829
164 130.191 -197.982 9.08967
165 129.891 -204.698 9.2408
166 129.585 -211.414 9.39158
167 129.275 -218.129 9.54177
168 128.96 -224.844 9.69175

Types

1 1
2 2
3 3
4 4
5 5
6 6
7 7
8 8
9 9
10 10
11 11
12 12
13 13
14 14
15 15
16 16
17 17
18 18
19 19
20 20
21 21
22 22
23 23
24 24
25 25
26 26
27 27
28 28
29 29
30 30
31 31
32 32
33 33
34 34
35 35
36 36
37 37
38 38
39 39
40 40
41 41
42 42
43 43
44 44
45 45
46 46
47 47
48 48
49 49
50 50
51 51
52 52
53 53
54 54
55 55
56 56
57 57
58 58
59 59
60 60
61 61
62 62
63 63
64 64
65 65
66 66
67 67
68 68
69 69
70 70
71 71
72 72
73 73
74 74
75 75
76 76
77 77
78 78
79 79
80 80
81 81
82 82
83 83
84 84
85 85
86 86
87 87
88 88
89 89
90 90
91 91
92 92
93 93
94 94
95 95
96 96
97 97
98 98
99 99
100 100
101 101
102 102
103 103
104 104
105 105
106 106
107 107
108 108
109 109
110 110
111 111
112 112
113 113
114 114
115 115
116 116
117 117
118 118
119 119
120 120
121 121
122 122
123 123
124 124
125 125
126 126
127 127
128 128
129 129
130 130
131 131
132 132
133 133
134 134
135 135
136 136
137 137
138 138
139 139
140 140
141 141
142 142
143 143
144 144
145 145
146 146
147 147
148 148
149 149
150 150
151 151
152 152
153 153
154 154
155 155
156 156
157 157
158 158
159 159
160 160
161 161
162 162
163 163
164 164
165 165
166 166
167 167
168 168

Molecules

1 1
2 1
3 1
4 1
5 1
6 1
7 1
8 1
9 1
10 1
11 1
12 1
13 1
14 1
15 1
16 1
17 1
18 1
19 1
20 1
21 1
22 1
23 1
24 1
25 1
26 1
27 1
28 1
29 1
30 1
31 1
32 1
33 1
34 1
35 1
36 1
37 1
38 1
39 1
40 1
41 1
42 1
43 1
44 1
45 1
46 1
47 1
48 1
49 1
50 1
51 1
52 1
53 1
54 1
55 1
56 1
57 1
58 1
59 1
60 1
61 1
62 1
63 1
64 1
65 1
66 1
67 1
68 1
69 1
70 1
71 1
72 1
73 1
74 1
75 1
76 1
77 1
78 1
79 1
80 1
81 1
82 1
83 1
84 1
85 1
86 1
87 1
88 1
89 1
90 1
91 1
92 1
93 1
94 1
95 1
96 1
97 1
98 1
99 1
100 1
101 1
102 1
103 1
104 1
105 1
106 1
107 1
108 1
109 1
110 1
111 1
112 1
113 1
114 1
115 1
116 1
117 1
118 1
119 1
120 1
121 1
122 1
123 1
124 1
125 1
126 1
127 1
128 1
129 1
130 1
131 1
132 1
133 1
134 1
135 1
136 1
137 1
138 1
139 1
140 1
141 1
142 1
143 1
144 1
145 1
146 1
147 1
148 1
149 1
150 1
151 1
152 1
153 1
154 1
155 1
156 1
157 1
158 1
159 1
160 1
161 1
162 1
163 1
164 1
165 1
166 1
167 1
168 1

Bonds

1 1 1 2 
2 2 2 3 
3 3 3 4 
4 4 4 5 
5 5 5 6 
6 6 6 7 
7 7 7 8 
8 8 8 9 
9 9 9 10 
10 10 10 11 
11 11 11 12 
12 12 12 13 
13 13 13 14 
14 14 14 15 
15 15 15 16 
16 16 16 17 
17 17 17 18 
18 18 18 19 
19 19 19 20 
20 20 20 21 
21 21 21 22 
22 22 22 23 
23 23 23 24 
24 24 24 25 
25 25 25 26 
26 26 26 27 
27 27 27 28 
28 28 28 29 
29 29 29 30 
30 30 30 31 
31 31 31 32 
32 32 32 33 
33 33 33 34 
34 34 34 35 
35 35 35 36 
36 36 36 37 
37 37 37 38 
38 38 38 39 
39 39 39 40 
40 40 40 41 
41 41 41 42 
42 42 42 43 
43 43 43 44 
44 44 44 45 
45 45 45 46 
46 46 46 47 
47 47 47 48 
48 48 48 49 
49 49 49 50 
50 50 50 51 
51 51 51 52 
52 52 52 53 
53 53 53 54 
54 54 54 55 
55 55 55 56 
56 56 56 57 
57 57 57 58 
58 58 58 59 
59 59 59 60 
60 60 60 61 
61 61 61 62 
62 62 62 63 
63 63 63 64 
64 64 64 65 
65 65 65 66 
66 66 66 67 
67 67 67 68 
68 68 68 69 
69 69 69 70 
70 70 70 71 
71 71 71 72 
72 72 72 73 
73 73 73 74 
74 74 74 75 
75 75 75 76 
76 76 76 77 
77 77 77 78 
78 78 78 79 
79 79 79 80 
80 80 80 81 
81 81 81 82 
82 82 82 83 
83 83 83 84 
84 84 84 85 
85 85 85 86 
86 86 86 87 
87 87 87 88 
88 88 88 89 
89 89 89 90 
90 90 90 91 
91 91 91 92 
92 92 92 93 
93 93 93 94 
94 94 94 95 
95 95 95 96 
96 96 96 97 
97 97 97 98 
98 98 98 99 
99 99 99 100 
100 100 100 101 
101 101 101 102 
102 102 102 103 
103 103 103 104 
104 104 104 105 
105 105 105 106 
106 106 106 107 
107 107 107 108 
108 108 108 109 
109 109 109 110 
110 110 110 111 
111 111 111 112 
112 112 112 113 
113 113 113 114 
114 114 114 115 
115 115 115 116 
116 116 116 117 
117 117 117 118 
118 118 118 119 
119 119 119 120 
120 120 120 121 
121 121 121 122 
122 122 122 123 
123 123 123 124 
124 124 124 125 
125 125 125 126 
126 126 126 127 
127 127 127 128 
128 128 128 129 
129 129 129 130 
130 130 130 131 
131 131 131 132 
132 132 132 133 
133 133 133 134 
134 134 134 135 
135 135 135 136 
136 136 136 137 
137 137 137 138 
138 138 138 139 
139 139 139 140 
140 140 140 141 
141 141 141 142 
142 142 142 143 
143 143 143 144 
144 144 144 145 
145 145 145 146 
146 146 146 147 
147 147 147 148 
148 148 148 149 
149 149 149 150 
150 150 150 151 
151 151 151 152 
152 152 152 153 
153 153 153 154 
154 154 154 155 
155 155 155 156 
156 156 156 157 
157 157 157 158 
158 158 158 159 
159 159 159 160 
160 160 160 161 
161 161 161 162 
162 162 162 163 
163 163 163 164 
164 164 164 165 
165 165 165 166 
166 166 166 167 
167 167 167 168 

Angles

1 1 1 2 3 
2 2 2 3 4 
3 3 3 4 5 
4 4 4 5 6 
5 5 5 6 7 
6 6 6 7 8 
7 7 7 8 9 
8 8 8 9 10 
9 9 9 10 11 
10 10 10 11 12 
11 11 11 12 13 
12 12 12 13 14 
13 13 13 14 15 
14 14 14 15 16 
15 15 15 16 17 
16 16 16 17 18 
17 17 17 18 19 
18 18 18 19 20 
19 19 19 20 21 
20 20 20 21 22 
21 21 21 22 23 
22 22 22 23 24 
23 23 23 24 25 
24 24 24 25 26 
25 25 25 26 27 
26 26 26 27 28 
27 27 27 28 29 
28 28 28 29 30 
29 29 29 30 31 
30 30 30 31 32 
31 31 31 32 33 
32 32 32 33 34 
33 33 33 34 35 
34 34 34 35 36 
35 35 35 36 37 
36 36 36 37 38 
37 37 37 38 39 
38 38 38 39 40 
39 39 39 40 41 
40 40 40 41 42 
41 41 41 42 43 
42 42 42 43 44 
43 43 43 44 45 
44 44 44 45 46 
45 45 45 46 47 
46 46 46 47 48 
47 47 47 48 49 
48 48 48 49 50 
49 49 49 50 51 
50 50 50 51 52 
51 51 51 52 53 
52 52 52 53 54 
53 53 53 54 55 
54 54 54 55 56 
55 55 55 56 57 
56 56 56 57 58 
57 57 57 58 59 
58 58 58 59 60 
59 59 59 60 61 
60 60 60 61 62 
61 61 61 62 63 
62 62 62 63 64 
63 63 63 64 65 
64 64 64 65 66 
65 65 65 66 67 
66 66 66 67 68 
67 67 67 68 69 
68 68 68 69 70 
69 69 69 70 71 
70 70 70 71 72 
71 71 71 72 73 
72 72 72 73 74 
73 73 73 74 75 
74 74 74 75 76 
75 75 75 76 77 
76 76 76 77 78 
77 77 77 78 79 
78 78 78 79 80 
79 79 79 80 81 
80 80 80 81 82 
81 81 81 82 83 
82 82 82 83 84 
83 83 83 84 85 
84 84 84 85 86 
85 85 85 86 87 
86 86 86 87 88 
87 87 87 88 89 
88 88 88 89 90 
89 89 89 90 91 
90 90 90 91 92 
91 91 91 92 93 
92 92 92 93 94 
93 93 93 94 95 
94 94 94 95 96 
95 95 95 96 97 
96 96 96 97 98 
97 97 97 98 99 
98 98 98 99 100 
99 99 99 100 101 
100 100 100 101 102 
101 101 101 102 103 
102 102 102 103 104 
103 103 103 104 105 
104 104 104 105 106 
105 105 105 106 107 
106 106 106 107 108 
107 107 107 108 109 
108 108 108 109 110 
109 109 109 110 111 
110 110 110 111 112 
111 111 111 112 113 
112 112 112 113 114 
113 113 113 114 115 
114 114 114 115 116 
115 115 115 116 117 
116 116 116 117 118 
117 117 117 118 119 
118 118 118 119 120 
119 119 119 120 121 
120 120 120 121 122 
121 121 121 122 123 
122 122 122 123 124 
123 123 123 124 125 
124 124 124 125 126 
125 125 125 126 127 
126 126 126 127 128 
127 127 127 128 129 
128 128 128 129 130 
129 129 129 130 131 
130 130 130 131 132 
131 131 131 132 133 
132 132 132 133 134 
133 133 133 134 135 
134 134 134 135 136 
135 135 135 136 137 
136 136 136 137 138 
137 137 137 138 139 
138 138 138 139 140 
139 139 139 140 141 
140 140 140 141 142 
141 141 141 142 143 
142 142 142 143 144 
143 143 143 144 145 
144 144 144 145 146 
145 145 145 146 147 
146 146 146 147 148 
147 147 147 148 149 
148 148 148 149 150 
149 149 149 150 151 
150 150 150 151 152 
151 151 151 152 153 
152 152 152 153 154 
153 153 153 154 155 
154 154 154 155 156 
155 155 155 156 157 
156 156 156 157 158 
157 157 157 158 159 
158 158 158 159 160 
159 159 159 160 161 
160 160 160 161 162 
161 161 161 162 163 
162 162 162 163 164 
163 163 163 164 165 
164 164 164 165 166 
165 165 165 166 167 
166 166 166 167 168 
