# Minimized Production Model for dispRatio of 0.10

168 atoms
167 bonds
166 angles
0 dihedrals
0 impropers


Coords

1 128.96 -140.743 9.69175
2 122.511 -142.559 9.43202
3 116.056 -144.355 9.17145
4 109.591 -146.113 8.90977
5 103.11 -147.814 8.64736
6 96.6106 -149.439 8.38401
7 90.0887 -150.969 8.11928
8 83.5417 -152.386 7.85263
9 76.9683 -153.674 7.58339
10 70.3678 -154.816 7.31199
11 63.7417 -155.796 7.03868
12 57.0924 -156.599 6.7631
13 50.4232 -157.212 6.48556
14 43.7391 -157.621 6.20559
15 37.0454 -157.817 5.92307
16 30.3486 -157.79 5.63861
17 23.6568 -157.531 5.3524
18 16.9786 -157.034 5.06505
19 10.323 -156.295 4.77662
20 3.6992 -155.31 4.48675
21 -2.88327 -154.079 4.19583
22 -9.4152 -152.601 3.9043
23 -15.8875 -150.878 3.61276
24 -22.2911 -148.913 3.32164
25 -28.6172 -146.711 3.03082
26 -34.8576 -144.276 2.74038
27 -41.0057 -141.615 2.45045
28 -47.0551 -138.736 2.16134
29 -53.0003 -135.645 1.87325
30 -58.8359 -132.35 1.58654
31 -64.5575 -128.861 1.30125
32 -70.1613 -125.185 1.017
33 -75.6442 -121.33 0.734255
34 -81.0041 -117.304 0.452572
35 -86.2389 -113.116 0.171902
36 -91.3467 -108.773 -0.106683
37 -96.3257 -104.282 -0.383838
38 -101.174 -99.6499 -0.660001
39 -105.89 -94.8834 -0.935282
40 -110.473 -89.9878 -1.20973
41 -114.921 -84.9682 -1.48258
42 -119.232 -79.8299 -1.75365
43 -123.404 -74.5772 -2.02355
44 -127.432 -69.2142 -2.29275
45 -131.315 -63.7447 -2.56056
46 -135.049 -58.172 -2.82688
47 -138.628 -52.499 -3.09159
48 -142.05 -46.7286 -3.3544
49 -145.308 -40.8638 -3.61555
50 -148.396 -34.9077 -3.87451
51 -151.307 -28.8639 -4.13121
52 -154.034 -22.7349 -4.38543
53 -156.571 -16.5239 -4.63628
54 -158.907 -10.2351 -4.88354
55 -161.036 -3.87268 -5.12701
56 -162.948 2.55836 -5.36618
57 -164.633 9.05204 -5.60058
58 -166.081 15.6022 -5.82966
59 -167.285 22.2019 -6.05263
60 -168.233 28.8433 -6.2691
61 -168.916 35.5174 -6.47844
62 -169.325 42.2138 -6.67976
63 -169.45 48.9211 -6.87263
64 -169.283 55.6274 -7.05616
65 -168.816 62.3194 -7.22957
66 -168.043 68.9829 -7.39253
67 -166.956 75.6028 -7.54418
68 -165.551 82.1625 -7.68362
69 -163.823 88.6444 -7.81053
70 -161.77 95.0306 -7.92393
71 -159.391 101.302 -8.0231
72 -156.687 107.441 -8.10781
73 -153.659 113.426 -8.17739
74 -150.31 119.239 -8.23163
75 -146.647 124.858 -8.27008
76 -142.677 130.264 -8.29226
77 -138.409 135.438 -8.29801
78 -133.853 140.36 -8.28706
79 -129.022 145.012 -8.2589
80 -123.93 149.377 -8.21364
81 -118.593 153.439 -8.15216
82 -113.029 157.182 -8.07435
83 -107.255 160.592 -7.97995
84 -101.292 163.658 -7.86917
85 -95.1587 166.367 -7.74264
86 -88.8774 168.713 -7.60146
87 -82.4696 170.688 -7.44622
88 -75.9578 172.286 -7.27695
89 -69.3651 173.505 -7.09432
90 -62.714 174.341 -6.89913
91 -56.0261 174.796 -6.69185
92 -49.3228 174.873 -6.47362
93 -42.6254 174.574 -6.24559
94 -35.955 173.906 -6.00876
95 -29.331 172.876 -5.76347
96 -22.7726 171.491 -5.50997
97 -16.2963 169.763 -5.24982
98 -9.918 167.701 -4.98438
99 -3.65221 165.317 -4.7145
100 2.48745 162.624 -4.44062
101 8.48884 159.636 -4.16273
102 14.3411 156.367 -3.8821
103 20.0354 152.829 -3.59996
104 25.5651 149.037 -3.31713
105 30.9238 145.007 -3.03393
106 36.1064 140.752 -2.75043
107 41.109 136.287 -2.46736
108 45.9292 131.625 -2.18526
109 50.5659 126.78 -1.90466
110 55.0191 121.766 -1.6258
111 59.2898 116.594 -1.34919
112 63.3791 111.277 -1.07536
113 67.2889 105.827 -0.804058
114 71.0218 100.253 -0.535628
115 74.5819 94.5679 -0.270544
116 77.9735 88.7799 -0.00917152
117 81.2005 82.8984 0.248348
118 84.2674 76.9312 0.502315
119 87.1792 70.8864 0.753023
120 89.9408 64.7711 1.00053
121 92.5571 58.5922 1.24415
122 95.0343 52.3563 1.48368
123 97.3778 46.069 1.71946
124 99.5924 39.7343 1.95162
125 101.683 33.3575 2.18058
126 103.655 26.9429 2.40609
127 105.514 20.4946 2.62753
128 107.265 14.0161 2.8453
129 108.912 7.51044 3.05973
130 110.461 0.98044 3.27079
131 111.915 -5.57149 3.47892
132 113.279 -12.1429 3.68399
133 114.558 -18.7316 3.88557
134 115.755 -25.3353 4.08367
135 116.875 -31.9526 4.27898
136 117.921 -38.582 4.47218
137 118.896 -45.2225 4.66292
138 119.804 -51.8723 4.85093
139 120.649 -58.5307 5.03595
140 121.434 -65.1966 5.21831
141 122.162 -71.8686 5.39867
142 122.836 -78.5458 5.57713
143 123.459 -85.2283 5.75339
144 124.032 -91.9156 5.92713
145 124.56 -98.607 6.09846
146 125.044 -105.301 6.2676
147 125.488 -111.998 6.43501
148 125.893 -118.697 6.60107
149 126.262 -125.399 6.76591
150 126.595 -132.102 6.92927
151 126.896 -138.807 7.09082
152 127.168 -145.514 7.25087
153 127.411 -152.221 7.40969
154 127.629 -158.928 7.56786
155 127.823 -165.637 7.72503
156 127.995 -172.347 7.88053
157 128.146 -179.057 8.03467
158 128.279 -185.767 8.18787
159 128.395 -192.477 8.34072
160 128.496 -199.188 8.49283
161 128.584 -205.899 8.64386
162 128.66 -212.61 8.79419
163 128.726 -219.321 8.94426
164 128.783 -226.032 9.09392
165 128.835 -232.744 9.24338
166 128.88 -239.455 9.39365
167 128.922 -246.166 9.54296
168 128.96 -252.877 9.69175

Types

1 1
2 2
3 3
4 4
5 5
6 6
7 7
8 8
9 9
10 10
11 11
12 12
13 13
14 14
15 15
16 16
17 17
18 18
19 19
20 20
21 21
22 22
23 23
24 24
25 25
26 26
27 27
28 28
29 29
30 30
31 31
32 32
33 33
34 34
35 35
36 36
37 37
38 38
39 39
40 40
41 41
42 42
43 43
44 44
45 45
46 46
47 47
48 48
49 49
50 50
51 51
52 52
53 53
54 54
55 55
56 56
57 57
58 58
59 59
60 60
61 61
62 62
63 63
64 64
65 65
66 66
67 67
68 68
69 69
70 70
71 71
72 72
73 73
74 74
75 75
76 76
77 77
78 78
79 79
80 80
81 81
82 82
83 83
84 84
85 85
86 86
87 87
88 88
89 89
90 90
91 91
92 92
93 93
94 94
95 95
96 96
97 97
98 98
99 99
100 100
101 101
102 102
103 103
104 104
105 105
106 106
107 107
108 108
109 109
110 110
111 111
112 112
113 113
114 114
115 115
116 116
117 117
118 118
119 119
120 120
121 121
122 122
123 123
124 124
125 125
126 126
127 127
128 128
129 129
130 130
131 131
132 132
133 133
134 134
135 135
136 136
137 137
138 138
139 139
140 140
141 141
142 142
143 143
144 144
145 145
146 146
147 147
148 148
149 149
150 150
151 151
152 152
153 153
154 154
155 155
156 156
157 157
158 158
159 159
160 160
161 161
162 162
163 163
164 164
165 165
166 166
167 167
168 168

Molecules

1 1
2 1
3 1
4 1
5 1
6 1
7 1
8 1
9 1
10 1
11 1
12 1
13 1
14 1
15 1
16 1
17 1
18 1
19 1
20 1
21 1
22 1
23 1
24 1
25 1
26 1
27 1
28 1
29 1
30 1
31 1
32 1
33 1
34 1
35 1
36 1
37 1
38 1
39 1
40 1
41 1
42 1
43 1
44 1
45 1
46 1
47 1
48 1
49 1
50 1
51 1
52 1
53 1
54 1
55 1
56 1
57 1
58 1
59 1
60 1
61 1
62 1
63 1
64 1
65 1
66 1
67 1
68 1
69 1
70 1
71 1
72 1
73 1
74 1
75 1
76 1
77 1
78 1
79 1
80 1
81 1
82 1
83 1
84 1
85 1
86 1
87 1
88 1
89 1
90 1
91 1
92 1
93 1
94 1
95 1
96 1
97 1
98 1
99 1
100 1
101 1
102 1
103 1
104 1
105 1
106 1
107 1
108 1
109 1
110 1
111 1
112 1
113 1
114 1
115 1
116 1
117 1
118 1
119 1
120 1
121 1
122 1
123 1
124 1
125 1
126 1
127 1
128 1
129 1
130 1
131 1
132 1
133 1
134 1
135 1
136 1
137 1
138 1
139 1
140 1
141 1
142 1
143 1
144 1
145 1
146 1
147 1
148 1
149 1
150 1
151 1
152 1
153 1
154 1
155 1
156 1
157 1
158 1
159 1
160 1
161 1
162 1
163 1
164 1
165 1
166 1
167 1
168 1

Bonds

1 1 1 2 
2 2 2 3 
3 3 3 4 
4 4 4 5 
5 5 5 6 
6 6 6 7 
7 7 7 8 
8 8 8 9 
9 9 9 10 
10 10 10 11 
11 11 11 12 
12 12 12 13 
13 13 13 14 
14 14 14 15 
15 15 15 16 
16 16 16 17 
17 17 17 18 
18 18 18 19 
19 19 19 20 
20 20 20 21 
21 21 21 22 
22 22 22 23 
23 23 23 24 
24 24 24 25 
25 25 25 26 
26 26 26 27 
27 27 27 28 
28 28 28 29 
29 29 29 30 
30 30 30 31 
31 31 31 32 
32 32 32 33 
33 33 33 34 
34 34 34 35 
35 35 35 36 
36 36 36 37 
37 37 37 38 
38 38 38 39 
39 39 39 40 
40 40 40 41 
41 41 41 42 
42 42 42 43 
43 43 43 44 
44 44 44 45 
45 45 45 46 
46 46 46 47 
47 47 47 48 
48 48 48 49 
49 49 49 50 
50 50 50 51 
51 51 51 52 
52 52 52 53 
53 53 53 54 
54 54 54 55 
55 55 55 56 
56 56 56 57 
57 57 57 58 
58 58 58 59 
59 59 59 60 
60 60 60 61 
61 61 61 62 
62 62 62 63 
63 63 63 64 
64 64 64 65 
65 65 65 66 
66 66 66 67 
67 67 67 68 
68 68 68 69 
69 69 69 70 
70 70 70 71 
71 71 71 72 
72 72 72 73 
73 73 73 74 
74 74 74 75 
75 75 75 76 
76 76 76 77 
77 77 77 78 
78 78 78 79 
79 79 79 80 
80 80 80 81 
81 81 81 82 
82 82 82 83 
83 83 83 84 
84 84 84 85 
85 85 85 86 
86 86 86 87 
87 87 87 88 
88 88 88 89 
89 89 89 90 
90 90 90 91 
91 91 91 92 
92 92 92 93 
93 93 93 94 
94 94 94 95 
95 95 95 96 
96 96 96 97 
97 97 97 98 
98 98 98 99 
99 99 99 100 
100 100 100 101 
101 101 101 102 
102 102 102 103 
103 103 103 104 
104 104 104 105 
105 105 105 106 
106 106 106 107 
107 107 107 108 
108 108 108 109 
109 109 109 110 
110 110 110 111 
111 111 111 112 
112 112 112 113 
113 113 113 114 
114 114 114 115 
115 115 115 116 
116 116 116 117 
117 117 117 118 
118 118 118 119 
119 119 119 120 
120 120 120 121 
121 121 121 122 
122 122 122 123 
123 123 123 124 
124 124 124 125 
125 125 125 126 
126 126 126 127 
127 127 127 128 
128 128 128 129 
129 129 129 130 
130 130 130 131 
131 131 131 132 
132 132 132 133 
133 133 133 134 
134 134 134 135 
135 135 135 136 
136 136 136 137 
137 137 137 138 
138 138 138 139 
139 139 139 140 
140 140 140 141 
141 141 141 142 
142 142 142 143 
143 143 143 144 
144 144 144 145 
145 145 145 146 
146 146 146 147 
147 147 147 148 
148 148 148 149 
149 149 149 150 
150 150 150 151 
151 151 151 152 
152 152 152 153 
153 153 153 154 
154 154 154 155 
155 155 155 156 
156 156 156 157 
157 157 157 158 
158 158 158 159 
159 159 159 160 
160 160 160 161 
161 161 161 162 
162 162 162 163 
163 163 163 164 
164 164 164 165 
165 165 165 166 
166 166 166 167 
167 167 167 168 

Angles

1 1 1 2 3 
2 2 2 3 4 
3 3 3 4 5 
4 4 4 5 6 
5 5 5 6 7 
6 6 6 7 8 
7 7 7 8 9 
8 8 8 9 10 
9 9 9 10 11 
10 10 10 11 12 
11 11 11 12 13 
12 12 12 13 14 
13 13 13 14 15 
14 14 14 15 16 
15 15 15 16 17 
16 16 16 17 18 
17 17 17 18 19 
18 18 18 19 20 
19 19 19 20 21 
20 20 20 21 22 
21 21 21 22 23 
22 22 22 23 24 
23 23 23 24 25 
24 24 24 25 26 
25 25 25 26 27 
26 26 26 27 28 
27 27 27 28 29 
28 28 28 29 30 
29 29 29 30 31 
30 30 30 31 32 
31 31 31 32 33 
32 32 32 33 34 
33 33 33 34 35 
34 34 34 35 36 
35 35 35 36 37 
36 36 36 37 38 
37 37 37 38 39 
38 38 38 39 40 
39 39 39 40 41 
40 40 40 41 42 
41 41 41 42 43 
42 42 42 43 44 
43 43 43 44 45 
44 44 44 45 46 
45 45 45 46 47 
46 46 46 47 48 
47 47 47 48 49 
48 48 48 49 50 
49 49 49 50 51 
50 50 50 51 52 
51 51 51 52 53 
52 52 52 53 54 
53 53 53 54 55 
54 54 54 55 56 
55 55 55 56 57 
56 56 56 57 58 
57 57 57 58 59 
58 58 58 59 60 
59 59 59 60 61 
60 60 60 61 62 
61 61 61 62 63 
62 62 62 63 64 
63 63 63 64 65 
64 64 64 65 66 
65 65 65 66 67 
66 66 66 67 68 
67 67 67 68 69 
68 68 68 69 70 
69 69 69 70 71 
70 70 70 71 72 
71 71 71 72 73 
72 72 72 73 74 
73 73 73 74 75 
74 74 74 75 76 
75 75 75 76 77 
76 76 76 77 78 
77 77 77 78 79 
78 78 78 79 80 
79 79 79 80 81 
80 80 80 81 82 
81 81 81 82 83 
82 82 82 83 84 
83 83 83 84 85 
84 84 84 85 86 
85 85 85 86 87 
86 86 86 87 88 
87 87 87 88 89 
88 88 88 89 90 
89 89 89 90 91 
90 90 90 91 92 
91 91 91 92 93 
92 92 92 93 94 
93 93 93 94 95 
94 94 94 95 96 
95 95 95 96 97 
96 96 96 97 98 
97 97 97 98 99 
98 98 98 99 100 
99 99 99 100 101 
100 100 100 101 102 
101 101 101 102 103 
102 102 102 103 104 
103 103 103 104 105 
104 104 104 105 106 
105 105 105 106 107 
106 106 106 107 108 
107 107 107 108 109 
108 108 108 109 110 
109 109 109 110 111 
110 110 110 111 112 
111 111 111 112 113 
112 112 112 113 114 
113 113 113 114 115 
114 114 114 115 116 
115 115 115 116 117 
116 116 116 117 118 
117 117 117 118 119 
118 118 118 119 120 
119 119 119 120 121 
120 120 120 121 122 
121 121 121 122 123 
122 122 122 123 124 
123 123 123 124 125 
124 124 124 125 126 
125 125 125 126 127 
126 126 126 127 128 
127 127 127 128 129 
128 128 128 129 130 
129 129 129 130 131 
130 130 130 131 132 
131 131 131 132 133 
132 132 132 133 134 
133 133 133 134 135 
134 134 134 135 136 
135 135 135 136 137 
136 136 136 137 138 
137 137 137 138 139 
138 138 138 139 140 
139 139 139 140 141 
140 140 140 141 142 
141 141 141 142 143 
142 142 142 143 144 
143 143 143 144 145 
144 144 144 145 146 
145 145 145 146 147 
146 146 146 147 148 
147 147 147 148 149 
148 148 148 149 150 
149 149 149 150 151 
150 150 150 151 152 
151 151 151 152 153 
152 152 152 153 154 
153 153 153 154 155 
154 154 154 155 156 
155 155 155 156 157 
156 156 156 157 158 
157 157 157 158 159 
158 158 158 159 160 
159 159 159 160 161 
160 160 160 161 162 
161 161 161 162 163 
162 162 162 163 164 
163 163 163 164 165 
164 164 164 165 166 
165 165 165 166 167 
166 166 166 167 168 
