# Minimized Production Model for dispRatio of 0.40

42 atoms
41 bonds
40 angles
0 dihedrals
0 impropers


Coords

1 -1.51708 197.887 -83.5037
2 11.6379 204.595 -60.4845
3 24.9158 211.036 -37.4594
4 38.4354 216.932 -14.4285
5 52.2826 222.002 8.60245
6 66.5317 225.96 31.6051
7 81.229 228.524 54.5222
8 96.3819 229.415 77.2684
9 111.963 228.362 99.7171
10 127.907 225.103 121.693
11 144.113 219.404 142.968
12 160.436 211.089 163.269
13 176.678 200.05 182.295
14 192.605 186.256 199.723
15 207.926 169.736 215.216
16 222.335 150.636 228.452
17 235.521 129.204 239.149
18 247.163 105.771 247.088
19 256.965 80.7436 252.111
20 264.679 54.5869 254.135
21 270.117 27.8061 253.179
22 273.165 0.903072 249.342
23 273.769 -25.6403 242.791
24 271.948 -51.3814 233.744
25 267.786 -75.9457 222.471
26 261.421 -99.0309 209.264
27 253.03 -120.415 194.424
28 242.787 -139.945 178.252
29 230.882 -157.536 161.026
30 217.518 -173.183 143.011
31 202.878 -186.929 124.446
32 187.133 -198.856 105.529
33 170.444 -209.08 86.4234
34 152.966 -217.741 67.2512
35 134.835 -224.988 48.0995
36 116.173 -230.98 29.0232
37 97.0985 -235.894 10.046
38 77.7054 -239.918 -8.82081
39 58.0805 -243.229 -27.5858
40 38.2978 -245.998 -46.2733
41 18.4147 -248.412 -64.903
42 -1.51708 -250.649 -83.5037

Types

1 1
2 2
3 3
4 4
5 5
6 6
7 7
8 8
9 9
10 10
11 11
12 12
13 13
14 14
15 15
16 16
17 17
18 18
19 19
20 20
21 21
22 22
23 23
24 24
25 25
26 26
27 27
28 28
29 29
30 30
31 31
32 32
33 33
34 34
35 35
36 36
37 37
38 38
39 39
40 40
41 41
42 42

Molecules

1 1
2 1
3 1
4 1
5 1
6 1
7 1
8 1
9 1
10 1
11 1
12 1
13 1
14 1
15 1
16 1
17 1
18 1
19 1
20 1
21 1
22 1
23 1
24 1
25 1
26 1
27 1
28 1
29 1
30 1
31 1
32 1
33 1
34 1
35 1
36 1
37 1
38 1
39 1
40 1
41 1
42 1

Bonds

1 1 1 2 
2 2 2 3 
3 3 3 4 
4 4 4 5 
5 5 5 6 
6 6 6 7 
7 7 7 8 
8 8 8 9 
9 9 9 10 
10 10 10 11 
11 11 11 12 
12 12 12 13 
13 13 13 14 
14 14 14 15 
15 15 15 16 
16 16 16 17 
17 17 17 18 
18 18 18 19 
19 19 19 20 
20 20 20 21 
21 21 21 22 
22 22 22 23 
23 23 23 24 
24 24 24 25 
25 25 25 26 
26 26 26 27 
27 27 27 28 
28 28 28 29 
29 29 29 30 
30 30 30 31 
31 31 31 32 
32 32 32 33 
33 33 33 34 
34 34 34 35 
35 35 35 36 
36 36 36 37 
37 37 37 38 
38 38 38 39 
39 39 39 40 
40 40 40 41 
41 41 41 42 

Angles

1 1 1 2 3 
2 2 2 3 4 
3 3 3 4 5 
4 4 4 5 6 
5 5 5 6 7 
6 6 6 7 8 
7 7 7 8 9 
8 8 8 9 10 
9 9 9 10 11 
10 10 10 11 12 
11 11 11 12 13 
12 12 12 13 14 
13 13 13 14 15 
14 14 14 15 16 
15 15 15 16 17 
16 16 16 17 18 
17 17 17 18 19 
18 18 18 19 20 
19 19 19 20 21 
20 20 20 21 22 
21 21 21 22 23 
22 22 22 23 24 
23 23 23 24 25 
24 24 24 25 26 
25 25 25 26 27 
26 26 26 27 28 
27 27 27 28 29 
28 28 28 29 30 
29 29 29 30 31 
30 30 30 31 32 
31 31 31 32 33 
32 32 32 33 34 
33 33 33 34 35 
34 34 34 35 36 
35 35 35 36 37 
36 36 36 37 38 
37 37 37 38 39 
38 38 38 39 40 
39 39 39 40 41 
40 40 40 41 42 
