# Minimized Production Model for dispRatio of 0.97

84 atoms
83 bonds
82 angles
0 dihedrals
0 impropers


Coords

1 -0.0130603 146.016 -11.8584
2 -0.0463638 134.323 -5.11713
3 -0.073141 122.607 1.58397
4 -0.0888129 110.846 8.20421
5 -0.0868982 99.0187 14.7048
6 -0.0646448 87.1067 21.0481
7 -0.0192866 75.0944 27.1989
8 0.0495528 62.9698 33.1239
9 0.139665 50.7239 38.7925
10 0.249577 38.3495 44.1751
11 0.377115 25.8434 49.2439
12 0.521242 13.2047 53.972
13 0.682656 0.435592 58.3356
14 0.859845 -12.4593 62.3131
15 1.0529 -25.4719 65.8856
16 1.26057 -38.5929 69.038
17 1.48093 -51.8105 71.7563
18 1.71382 -65.1117 74.03
19 1.95761 -78.4819 75.852
20 2.21091 -91.9064 77.2192
21 2.47128 -105.369 78.134
22 2.73405 -118.855 78.6027
23 2.99524 -132.348 78.6351
24 3.25024 -145.836 78.2441
25 3.49664 -159.307 77.4441
26 3.73269 -172.749 76.2534
27 3.95629 -186.153 74.6923
28 4.16532 -199.513 72.7839
29 4.35632 -212.823 70.5529
30 4.52733 -226.081 68.0239
31 4.67733 -239.283 65.2224
32 4.80615 -252.431 62.1728
33 4.9141 -265.526 58.9017
34 5.00044 -278.57 55.4342
35 5.06476 -291.568 51.7986
36 5.10648 -304.527 48.0211
37 5.12546 -317.45 44.1284
38 5.12339 -330.347 40.1463
39 5.10103 -343.224 36.0984
40 5.0599 -356.087 32.0091
41 5.00195 -368.945 27.9024
42 4.92718 -381.805 23.8011
43 4.83657 -394.675 19.7295
44 4.72958 -407.561 15.711
45 4.60546 -420.47 11.7665
46 4.46335 -433.408 7.91887
47 4.30315 -446.379 4.18694
48 4.12351 -459.388 0.590099
49 3.92629 -472.438 -2.85363
50 3.71131 -485.53 -6.12963
51 3.48105 -498.665 -9.22297
52 3.23771 -511.845 -12.1248
53 2.98417 -525.067 -14.8267
54 2.72423 -538.329 -17.3214
55 2.46076 -551.629 -19.6042
56 2.19544 -564.965 -21.6697
57 1.92982 -578.334 -23.5137
58 1.66241 -591.731 -25.1343
59 1.39386 -605.155 -26.5299
60 1.12481 -618.6 -27.7016
61 0.857205 -632.063 -28.6514
62 0.593319 -645.539 -29.384
63 0.336267 -659.026 -29.9053
64 0.0874081 -672.519 -30.225
65 -0.149034 -686.015 -30.3532
66 -0.369212 -699.513 -30.3033
67 -0.569446 -713.009 -30.0889
68 -0.743745 -726.501 -29.7233
69 -0.890468 -739.99 -29.2198
70 -1.00667 -753.473 -28.5903
71 -1.09205 -766.951 -27.8468
72 -1.14643 -780.423 -27.0002
73 -1.17058 -793.889 -26.0605
74 -1.16502 -807.349 -25.0375
75 -1.13173 -820.803 -23.94
76 -1.07185 -834.252 -22.7748
77 -0.988233 -847.695 -21.5507
78 -0.884117 -861.133 -20.2708
79 -0.762417 -874.566 -18.9439
80 -0.627814 -887.995 -17.5758
81 -0.482331 -901.42 -16.1744
82 -0.330123 -914.844 -14.7493
83 -0.173051 -928.265 -13.3088
84 -0.0130603 -941.685 -11.8584

Types

1 1
2 2
3 3
4 4
5 5
6 6
7 7
8 8
9 9
10 10
11 11
12 12
13 13
14 14
15 15
16 16
17 17
18 18
19 19
20 20
21 21
22 22
23 23
24 24
25 25
26 26
27 27
28 28
29 29
30 30
31 31
32 32
33 33
34 34
35 35
36 36
37 37
38 38
39 39
40 40
41 41
42 42
43 43
44 44
45 45
46 46
47 47
48 48
49 49
50 50
51 51
52 52
53 53
54 54
55 55
56 56
57 57
58 58
59 59
60 60
61 61
62 62
63 63
64 64
65 65
66 66
67 67
68 68
69 69
70 70
71 71
72 72
73 73
74 74
75 75
76 76
77 77
78 78
79 79
80 80
81 81
82 82
83 83
84 84

Molecules

1 1
2 1
3 1
4 1
5 1
6 1
7 1
8 1
9 1
10 1
11 1
12 1
13 1
14 1
15 1
16 1
17 1
18 1
19 1
20 1
21 1
22 1
23 1
24 1
25 1
26 1
27 1
28 1
29 1
30 1
31 1
32 1
33 1
34 1
35 1
36 1
37 1
38 1
39 1
40 1
41 1
42 1
43 1
44 1
45 1
46 1
47 1
48 1
49 1
50 1
51 1
52 1
53 1
54 1
55 1
56 1
57 1
58 1
59 1
60 1
61 1
62 1
63 1
64 1
65 1
66 1
67 1
68 1
69 1
70 1
71 1
72 1
73 1
74 1
75 1
76 1
77 1
78 1
79 1
80 1
81 1
82 1
83 1
84 1

Bonds

1 1 1 2 
2 2 2 3 
3 3 3 4 
4 4 4 5 
5 5 5 6 
6 6 6 7 
7 7 7 8 
8 8 8 9 
9 9 9 10 
10 10 10 11 
11 11 11 12 
12 12 12 13 
13 13 13 14 
14 14 14 15 
15 15 15 16 
16 16 16 17 
17 17 17 18 
18 18 18 19 
19 19 19 20 
20 20 20 21 
21 21 21 22 
22 22 22 23 
23 23 23 24 
24 24 24 25 
25 25 25 26 
26 26 26 27 
27 27 27 28 
28 28 28 29 
29 29 29 30 
30 30 30 31 
31 31 31 32 
32 32 32 33 
33 33 33 34 
34 34 34 35 
35 35 35 36 
36 36 36 37 
37 37 37 38 
38 38 38 39 
39 39 39 40 
40 40 40 41 
41 41 41 42 
42 42 42 43 
43 43 43 44 
44 44 44 45 
45 45 45 46 
46 46 46 47 
47 47 47 48 
48 48 48 49 
49 49 49 50 
50 50 50 51 
51 51 51 52 
52 52 52 53 
53 53 53 54 
54 54 54 55 
55 55 55 56 
56 56 56 57 
57 57 57 58 
58 58 58 59 
59 59 59 60 
60 60 60 61 
61 61 61 62 
62 62 62 63 
63 63 63 64 
64 64 64 65 
65 65 65 66 
66 66 66 67 
67 67 67 68 
68 68 68 69 
69 69 69 70 
70 70 70 71 
71 71 71 72 
72 72 72 73 
73 73 73 74 
74 74 74 75 
75 75 75 76 
76 76 76 77 
77 77 77 78 
78 78 78 79 
79 79 79 80 
80 80 80 81 
81 81 81 82 
82 82 82 83 
83 83 83 84 

Angles

1 1 1 2 3 
2 2 2 3 4 
3 3 3 4 5 
4 4 4 5 6 
5 5 5 6 7 
6 6 6 7 8 
7 7 7 8 9 
8 8 8 9 10 
9 9 9 10 11 
10 10 10 11 12 
11 11 11 12 13 
12 12 12 13 14 
13 13 13 14 15 
14 14 14 15 16 
15 15 15 16 17 
16 16 16 17 18 
17 17 17 18 19 
18 18 18 19 20 
19 19 19 20 21 
20 20 20 21 22 
21 21 21 22 23 
22 22 22 23 24 
23 23 23 24 25 
24 24 24 25 26 
25 25 25 26 27 
26 26 26 27 28 
27 27 27 28 29 
28 28 28 29 30 
29 29 29 30 31 
30 30 30 31 32 
31 31 31 32 33 
32 32 32 33 34 
33 33 33 34 35 
34 34 34 35 36 
35 35 35 36 37 
36 36 36 37 38 
37 37 37 38 39 
38 38 38 39 40 
39 39 39 40 41 
40 40 40 41 42 
41 41 41 42 43 
42 42 42 43 44 
43 43 43 44 45 
44 44 44 45 46 
45 45 45 46 47 
46 46 46 47 48 
47 47 47 48 49 
48 48 48 49 50 
49 49 49 50 51 
50 50 50 51 52 
51 51 51 52 53 
52 52 52 53 54 
53 53 53 54 55 
54 54 54 55 56 
55 55 55 56 57 
56 56 56 57 58 
57 57 57 58 59 
58 58 58 59 60 
59 59 59 60 61 
60 60 60 61 62 
61 61 61 62 63 
62 62 62 63 64 
63 63 63 64 65 
64 64 64 65 66 
65 65 65 66 67 
66 66 66 67 68 
67 67 67 68 69 
68 68 68 69 70 
69 69 69 70 71 
70 70 70 71 72 
71 71 71 72 73 
72 72 72 73 74 
73 73 73 74 75 
74 74 74 75 76 
75 75 75 76 77 
76 76 76 77 78 
77 77 77 78 79 
78 78 78 79 80 
79 79 79 80 81 
80 80 80 81 82 
81 81 81 82 83 
82 82 82 83 84 
