# Minimized Production Model for dispRatio of 0.10

84 atoms
83 bonds
82 angles
0 dihedrals
0 impropers


Coords

1 -0.0130603 -341.768 -11.8584
2 -0.0221683 -331.725 -2.80733
3 -0.0302376 -321.659 6.21917
4 -0.0362038 -311.547 15.1928
5 -0.040013 -301.366 24.087
6 -0.040777 -291.093 32.8743
7 -0.0395086 -280.704 41.5258
8 -0.0363079 -270.179 50.0107
9 -0.0321741 -259.497 58.2941
10 -0.0299116 -248.636 66.342
11 -0.0301381 -237.578 74.1155
12 -0.0324728 -226.304 81.5743
13 -0.0373005 -214.802 88.6723
14 -0.04341 -203.058 95.364
15 -0.0508625 -191.067 101.599
16 -0.0560812 -178.824 107.324
17 -0.0583977 -166.333 112.484
18 -0.0590239 -153.604 117.022
19 -0.0573118 -140.652 120.877
20 -0.0557851 -127.502 123.986
21 -0.0541942 -114.188 126.287
22 -0.0535445 -100.754 127.715
23 -0.0554783 -87.2527 128.209
24 -0.0566394 -73.7535 127.708
25 -0.0558272 -60.3351 126.158
26 -0.0529334 -47.0904 123.513
27 -0.0457941 -34.1237 119.741
28 -0.0371151 -21.5488 114.819
29 -0.0283623 -9.49027 108.743
30 -0.0221022 1.92173 101.528
31 -0.0209158 12.5516 93.2048
32 -0.0239324 22.2672 83.8317
33 -0.029829 30.9361 73.4844
34 -0.0367094 38.4364 62.2622
35 -0.041073 44.6587 50.2842
36 -0.03971 49.5087 37.6889
37 -0.0316827 52.9152 24.6282
38 -0.0177425 54.8302 11.2682
39 -0.000504333 55.2313 -2.22347
40 0.0168375 54.1223 -15.6751
41 0.0322112 51.5324 -28.9223
42 0.0429279 47.515 -41.8103
43 0.0473553 42.1449 -54.1952
44 0.0472119 35.5122 -65.9553
45 0.0430817 27.7225 -76.9821
46 0.0364717 18.8866 -87.1937
47 0.0301055 9.12463 -96.5233
48 0.025116 -1.44609 -104.928
49 0.0234016 -12.709 -112.382
50 0.0254925 -24.5518 -118.878
51 0.0297175 -36.8711 -124.421
52 0.0358832 -49.5696 -129.029
53 0.0436817 -62.563 -132.733
54 0.0509233 -75.7745 -135.566
55 0.0577834 -89.1374 -137.569
56 0.0645332 -102.597 -138.787
57 0.0686048 -116.103 -139.263
58 0.0703374 -129.617 -139.048
59 0.0686194 -143.105 -138.189
60 0.0613259 -156.543 -136.733
61 0.0513816 -169.911 -134.728
62 0.0389601 -183.193 -132.217
63 0.0259181 -196.38 -129.242
64 0.0161444 -209.464 -125.847
65 0.00985312 -222.444 -122.067
66 0.00864106 -235.315 -117.938
67 0.0130883 -248.08 -113.491
68 0.0202989 -260.743 -108.757
69 0.0304924 -273.306 -103.767
70 0.0406574 -285.773 -98.542
71 0.0480593 -298.15 -93.1088
72 0.05165 -310.444 -87.4885
73 0.0490266 -322.662 -81.7029
74 0.0414975 -334.808 -75.7722
75 0.0299086 -346.892 -69.7136
76 0.0141012 -358.92 -63.5433
77 -0.0020761 -370.898 -57.2794
78 -0.0163568 -382.834 -50.935
79 -0.0265681 -394.733 -44.5228
80 -0.0309463 -406.603 -38.0549
81 -0.0311761 -418.449 -31.5432
82 -0.0276154 -430.277 -24.9998
83 -0.0210788 -442.092 -18.4346
84 -0.0130603 -453.902 -11.8584

Types

1 1
2 2
3 3
4 4
5 5
6 6
7 7
8 8
9 9
10 10
11 11
12 12
13 13
14 14
15 15
16 16
17 17
18 18
19 19
20 20
21 21
22 22
23 23
24 24
25 25
26 26
27 27
28 28
29 29
30 30
31 31
32 32
33 33
34 34
35 35
36 36
37 37
38 38
39 39
40 40
41 41
42 42
43 43
44 44
45 45
46 46
47 47
48 48
49 49
50 50
51 51
52 52
53 53
54 54
55 55
56 56
57 57
58 58
59 59
60 60
61 61
62 62
63 63
64 64
65 65
66 66
67 67
68 68
69 69
70 70
71 71
72 72
73 73
74 74
75 75
76 76
77 77
78 78
79 79
80 80
81 81
82 82
83 83
84 84

Molecules

1 1
2 1
3 1
4 1
5 1
6 1
7 1
8 1
9 1
10 1
11 1
12 1
13 1
14 1
15 1
16 1
17 1
18 1
19 1
20 1
21 1
22 1
23 1
24 1
25 1
26 1
27 1
28 1
29 1
30 1
31 1
32 1
33 1
34 1
35 1
36 1
37 1
38 1
39 1
40 1
41 1
42 1
43 1
44 1
45 1
46 1
47 1
48 1
49 1
50 1
51 1
52 1
53 1
54 1
55 1
56 1
57 1
58 1
59 1
60 1
61 1
62 1
63 1
64 1
65 1
66 1
67 1
68 1
69 1
70 1
71 1
72 1
73 1
74 1
75 1
76 1
77 1
78 1
79 1
80 1
81 1
82 1
83 1
84 1

Bonds

1 1 1 2 
2 2 2 3 
3 3 3 4 
4 4 4 5 
5 5 5 6 
6 6 6 7 
7 7 7 8 
8 8 8 9 
9 9 9 10 
10 10 10 11 
11 11 11 12 
12 12 12 13 
13 13 13 14 
14 14 14 15 
15 15 15 16 
16 16 16 17 
17 17 17 18 
18 18 18 19 
19 19 19 20 
20 20 20 21 
21 21 21 22 
22 22 22 23 
23 23 23 24 
24 24 24 25 
25 25 25 26 
26 26 26 27 
27 27 27 28 
28 28 28 29 
29 29 29 30 
30 30 30 31 
31 31 31 32 
32 32 32 33 
33 33 33 34 
34 34 34 35 
35 35 35 36 
36 36 36 37 
37 37 37 38 
38 38 38 39 
39 39 39 40 
40 40 40 41 
41 41 41 42 
42 42 42 43 
43 43 43 44 
44 44 44 45 
45 45 45 46 
46 46 46 47 
47 47 47 48 
48 48 48 49 
49 49 49 50 
50 50 50 51 
51 51 51 52 
52 52 52 53 
53 53 53 54 
54 54 54 55 
55 55 55 56 
56 56 56 57 
57 57 57 58 
58 58 58 59 
59 59 59 60 
60 60 60 61 
61 61 61 62 
62 62 62 63 
63 63 63 64 
64 64 64 65 
65 65 65 66 
66 66 66 67 
67 67 67 68 
68 68 68 69 
69 69 69 70 
70 70 70 71 
71 71 71 72 
72 72 72 73 
73 73 73 74 
74 74 74 75 
75 75 75 76 
76 76 76 77 
77 77 77 78 
78 78 78 79 
79 79 79 80 
80 80 80 81 
81 81 81 82 
82 82 82 83 
83 83 83 84 

Angles

1 1 1 2 3 
2 2 2 3 4 
3 3 3 4 5 
4 4 4 5 6 
5 5 5 6 7 
6 6 6 7 8 
7 7 7 8 9 
8 8 8 9 10 
9 9 9 10 11 
10 10 10 11 12 
11 11 11 12 13 
12 12 12 13 14 
13 13 13 14 15 
14 14 14 15 16 
15 15 15 16 17 
16 16 16 17 18 
17 17 17 18 19 
18 18 18 19 20 
19 19 19 20 21 
20 20 20 21 22 
21 21 21 22 23 
22 22 22 23 24 
23 23 23 24 25 
24 24 24 25 26 
25 25 25 26 27 
26 26 26 27 28 
27 27 27 28 29 
28 28 28 29 30 
29 29 29 30 31 
30 30 30 31 32 
31 31 31 32 33 
32 32 32 33 34 
33 33 33 34 35 
34 34 34 35 36 
35 35 35 36 37 
36 36 36 37 38 
37 37 37 38 39 
38 38 38 39 40 
39 39 39 40 41 
40 40 40 41 42 
41 41 41 42 43 
42 42 42 43 44 
43 43 43 44 45 
44 44 44 45 46 
45 45 45 46 47 
46 46 46 47 48 
47 47 47 48 49 
48 48 48 49 50 
49 49 49 50 51 
50 50 50 51 52 
51 51 51 52 53 
52 52 52 53 54 
53 53 53 54 55 
54 54 54 55 56 
55 55 55 56 57 
56 56 56 57 58 
57 57 57 58 59 
58 58 58 59 60 
59 59 59 60 61 
60 60 60 61 62 
61 61 61 62 63 
62 62 62 63 64 
63 63 63 64 65 
64 64 64 65 66 
65 65 65 66 67 
66 66 66 67 68 
67 67 67 68 69 
68 68 68 69 70 
69 69 69 70 71 
70 70 70 71 72 
71 71 71 72 73 
72 72 72 73 74 
73 73 73 74 75 
74 74 74 75 76 
75 75 75 76 77 
76 76 76 77 78 
77 77 77 78 79 
78 78 78 79 80 
79 79 79 80 81 
80 80 80 81 82 
81 81 81 82 83 
82 82 82 83 84 
