# Minimized Production Model for dispRatio of 0.55

84 atoms
83 bonds
82 angles
0 dihedrals
0 impropers


Coords

1 -0.0130603 -89.466 -11.8584
2 0.00724356 -81.9544 -23.0826
3 0.0262807 -74.5022 -34.3463
4 0.0436505 -67.1721 -45.6891
5 0.0598554 -60.0258 -57.1486
6 0.0749208 -53.1266 -68.7579
7 0.0900536 -46.5371 -80.5458
8 0.107043 -40.3223 -92.535
9 0.127657 -34.5513 -104.744
10 0.149426 -29.2906 -117.18
11 0.173265 -24.6082 -129.845
12 0.199585 -20.5749 -142.73
13 0.227407 -17.2589 -155.818
14 0.255743 -14.7254 -169.078
15 0.283127 -13.0362 -182.472
16 0.310599 -12.2478 -195.949
17 0.336295 -12.4103 -209.447
18 0.360746 -13.562 -222.896
19 0.384071 -15.7353 -236.218
20 0.405933 -18.9521 -249.327
21 0.427537 -23.2165 -262.132
22 0.448759 -28.5204 -274.543
23 0.469596 -34.8439 -286.467
24 0.488439 -42.1508 -297.814
25 0.505934 -50.3917 -308.504
26 0.522183 -59.5055 -318.459
27 0.534724 -69.4225 -327.615
28 0.543743 -80.0671 -335.914
29 0.550515 -91.3542 -343.316
30 0.555516 -103.2 -349.789
31 0.55928 -115.517 -355.313
32 0.563093 -128.221 -359.879
33 0.567584 -141.229 -363.49
34 0.572048 -154.463 -366.157
35 0.576232 -167.851 -367.903
36 0.579599 -181.326 -368.756
37 0.580051 -194.829 -368.754
38 0.578757 -208.307 -367.935
39 0.576893 -221.717 -366.343
40 0.574598 -235.02 -364.024
41 0.571565 -248.186 -361.024
42 0.56751 -261.192 -357.388
43 0.564885 -274.02 -353.164
44 0.560995 -286.656 -348.398
45 0.555023 -299.094 -343.137
46 0.548227 -311.332 -337.424
47 0.540593 -323.371 -331.304
48 0.532237 -335.215 -324.814
49 0.520668 -346.872 -317.993
50 0.506288 -358.35 -310.875
51 0.489097 -369.658 -303.489
52 0.470082 -380.805 -295.863
53 0.450065 -391.802 -288.022
54 0.430771 -402.661 -279.992
55 0.41391 -413.394 -271.793
56 0.398898 -424.012 -263.446
57 0.385228 -434.526 -254.969
58 0.37154 -444.948 -246.379
59 0.358126 -455.288 -237.692
60 0.34282 -465.555 -228.918
61 0.325382 -475.758 -220.069
62 0.307109 -485.905 -211.157
63 0.288766 -496.004 -202.191
64 0.270253 -506.063 -193.18
65 0.25214 -516.09 -184.135
66 0.236821 -526.094 -175.063
67 0.224368 -536.083 -165.976
68 0.214022 -546.063 -156.878
69 0.206162 -556.036 -147.774
70 0.200736 -566.007 -138.667
71 0.191755 -575.981 -129.564
72 0.181894 -585.961 -120.466
73 0.171236 -595.946 -111.375
74 0.157862 -605.938 -102.294
75 0.141648 -615.938 -93.2203
76 0.125086 -625.946 -84.1555
77 0.108732 -635.961 -75.098
78 0.0902844 -645.984 -66.0504
79 0.0737277 -656.014 -57.01
80 0.0586735 -666.047 -47.9742
81 0.0425656 -676.084 -38.9433
82 0.0281164 -686.125 -29.9164
83 0.00926936 -696.164 -20.8873
84 -0.0130603 -706.204 -11.8584

Types

1 1
2 2
3 3
4 4
5 5
6 6
7 7
8 8
9 9
10 10
11 11
12 12
13 13
14 14
15 15
16 16
17 17
18 18
19 19
20 20
21 21
22 22
23 23
24 24
25 25
26 26
27 27
28 28
29 29
30 30
31 31
32 32
33 33
34 34
35 35
36 36
37 37
38 38
39 39
40 40
41 41
42 42
43 43
44 44
45 45
46 46
47 47
48 48
49 49
50 50
51 51
52 52
53 53
54 54
55 55
56 56
57 57
58 58
59 59
60 60
61 61
62 62
63 63
64 64
65 65
66 66
67 67
68 68
69 69
70 70
71 71
72 72
73 73
74 74
75 75
76 76
77 77
78 78
79 79
80 80
81 81
82 82
83 83
84 84

Molecules

1 1
2 1
3 1
4 1
5 1
6 1
7 1
8 1
9 1
10 1
11 1
12 1
13 1
14 1
15 1
16 1
17 1
18 1
19 1
20 1
21 1
22 1
23 1
24 1
25 1
26 1
27 1
28 1
29 1
30 1
31 1
32 1
33 1
34 1
35 1
36 1
37 1
38 1
39 1
40 1
41 1
42 1
43 1
44 1
45 1
46 1
47 1
48 1
49 1
50 1
51 1
52 1
53 1
54 1
55 1
56 1
57 1
58 1
59 1
60 1
61 1
62 1
63 1
64 1
65 1
66 1
67 1
68 1
69 1
70 1
71 1
72 1
73 1
74 1
75 1
76 1
77 1
78 1
79 1
80 1
81 1
82 1
83 1
84 1

Bonds

1 1 1 2 
2 2 2 3 
3 3 3 4 
4 4 4 5 
5 5 5 6 
6 6 6 7 
7 7 7 8 
8 8 8 9 
9 9 9 10 
10 10 10 11 
11 11 11 12 
12 12 12 13 
13 13 13 14 
14 14 14 15 
15 15 15 16 
16 16 16 17 
17 17 17 18 
18 18 18 19 
19 19 19 20 
20 20 20 21 
21 21 21 22 
22 22 22 23 
23 23 23 24 
24 24 24 25 
25 25 25 26 
26 26 26 27 
27 27 27 28 
28 28 28 29 
29 29 29 30 
30 30 30 31 
31 31 31 32 
32 32 32 33 
33 33 33 34 
34 34 34 35 
35 35 35 36 
36 36 36 37 
37 37 37 38 
38 38 38 39 
39 39 39 40 
40 40 40 41 
41 41 41 42 
42 42 42 43 
43 43 43 44 
44 44 44 45 
45 45 45 46 
46 46 46 47 
47 47 47 48 
48 48 48 49 
49 49 49 50 
50 50 50 51 
51 51 51 52 
52 52 52 53 
53 53 53 54 
54 54 54 55 
55 55 55 56 
56 56 56 57 
57 57 57 58 
58 58 58 59 
59 59 59 60 
60 60 60 61 
61 61 61 62 
62 62 62 63 
63 63 63 64 
64 64 64 65 
65 65 65 66 
66 66 66 67 
67 67 67 68 
68 68 68 69 
69 69 69 70 
70 70 70 71 
71 71 71 72 
72 72 72 73 
73 73 73 74 
74 74 74 75 
75 75 75 76 
76 76 76 77 
77 77 77 78 
78 78 78 79 
79 79 79 80 
80 80 80 81 
81 81 81 82 
82 82 82 83 
83 83 83 84 

Angles

1 1 1 2 3 
2 2 2 3 4 
3 3 3 4 5 
4 4 4 5 6 
5 5 5 6 7 
6 6 6 7 8 
7 7 7 8 9 
8 8 8 9 10 
9 9 9 10 11 
10 10 10 11 12 
11 11 11 12 13 
12 12 12 13 14 
13 13 13 14 15 
14 14 14 15 16 
15 15 15 16 17 
16 16 16 17 18 
17 17 17 18 19 
18 18 18 19 20 
19 19 19 20 21 
20 20 20 21 22 
21 21 21 22 23 
22 22 22 23 24 
23 23 23 24 25 
24 24 24 25 26 
25 25 25 26 27 
26 26 26 27 28 
27 27 27 28 29 
28 28 28 29 30 
29 29 29 30 31 
30 30 30 31 32 
31 31 31 32 33 
32 32 32 33 34 
33 33 33 34 35 
34 34 34 35 36 
35 35 35 36 37 
36 36 36 37 38 
37 37 37 38 39 
38 38 38 39 40 
39 39 39 40 41 
40 40 40 41 42 
41 41 41 42 43 
42 42 42 43 44 
43 43 43 44 45 
44 44 44 45 46 
45 45 45 46 47 
46 46 46 47 48 
47 47 47 48 49 
48 48 48 49 50 
49 49 49 50 51 
50 50 50 51 52 
51 51 51 52 53 
52 52 52 53 54 
53 53 53 54 55 
54 54 54 55 56 
55 55 55 56 57 
56 56 56 57 58 
57 57 57 58 59 
58 58 58 59 60 
59 59 59 60 61 
60 60 60 61 62 
61 61 61 62 63 
62 62 62 63 64 
63 63 63 64 65 
64 64 64 65 66 
65 65 65 66 67 
66 66 66 67 68 
67 67 67 68 69 
68 68 68 69 70 
69 69 69 70 71 
70 70 70 71 72 
71 71 71 72 73 
72 72 72 73 74 
73 73 73 74 75 
74 74 74 75 76 
75 75 75 76 77 
76 76 76 77 78 
77 77 77 78 79 
78 78 78 79 80 
79 79 79 80 81 
80 80 80 81 82 
81 81 81 82 83 
82 82 82 83 84 
