# Minimized Production Model for dispRatio of 0.16

84 atoms
83 bonds
82 angles
0 dihedrals
0 impropers


Coords

1 -0.0130603 -308.128 -11.8584
2 -0.0160737 -298.779 -2.09107
3 -0.0185292 -289.394 7.64184
4 -0.022527 -279.939 17.306
5 -0.0266838 -270.38 26.8686
6 -0.0289702 -260.686 36.2936
7 -0.0309158 -250.824 45.5429
8 -0.0330111 -240.764 54.5754
9 -0.0341922 -230.476 63.3476
10 -0.0353342 -219.935 71.8127
11 -0.03746 -209.117 79.921
12 -0.0401699 -198.006 87.6212
13 -0.0433391 -186.588 94.8567
14 -0.0470299 -174.854 101.566
15 -0.0499429 -162.802 107.683
16 -0.052001 -150.438 113.141
17 -0.0551615 -137.779 117.871
18 -0.059594 -124.85 121.799
19 -0.0633055 -111.687 124.853
20 -0.0665671 -98.3419 126.96
21 -0.0690658 -84.8763 128.048
22 -0.0683159 -71.368 128.05
23 -0.065294 -57.9091 126.906
24 -0.0614793 -44.6064 124.571
25 -0.0568627 -31.5792 121.009
26 -0.0525709 -18.9597 116.204
27 -0.0494452 -6.88763 110.155
28 -0.0446168 4.49057 102.887
29 -0.0372494 15.0284 94.4477
30 -0.0290535 24.5812 84.909
31 -0.021073 33.014 74.3682
32 -0.0148621 40.2048 62.9446
33 -0.0107823 46.0486 50.7773
34 -0.00799409 50.4618 38.0213
35 -0.00386224 53.3847 24.8437
36 0.00135832 54.7835 11.4188
37 0.00673308 54.6508 -2.0788
38 0.0119269 53.0068 -15.477
39 0.0161093 49.8986 -28.614
40 0.0186699 45.3947 -41.3411
41 0.0207185 39.5813 -53.5268
42 0.0235638 32.5583 -65.0592
43 0.026158 24.4347 -75.8461
44 0.0299412 15.3251 -85.8154
45 0.0346575 5.34573 -94.9164
46 0.039397 -5.3868 -103.116
47 0.0444748 -16.7628 -110.4
48 0.0497578 -28.6769 -116.767
49 0.0535315 -41.0333 -122.229
50 0.0549075 -53.7457 -126.805
51 0.0546034 -66.7349 -130.523
52 0.0527596 -79.9332 -133.42
53 0.0506342 -93.2791 -135.537
54 0.0481121 -106.722 -136.919
55 0.0456343 -120.219 -137.611
56 0.0430647 -133.734 -137.66
57 0.0407233 -147.239 -137.11
58 0.0408831 -160.71 -136.006
59 0.0435818 -174.13 -134.388
60 0.0477649 -187.485 -132.296
61 0.0526038 -200.764 -129.77
62 0.0560253 -213.962 -126.847
63 0.0559838 -227.075 -123.562
64 0.053747 -240.1 -119.944
65 0.0499773 -253.038 -116.026
66 0.0448106 -265.891 -111.834
67 0.0398202 -278.66 -107.395
68 0.0350125 -291.35 -102.734
69 0.0290663 -303.965 -97.8742
70 0.0218398 -316.511 -92.8354
71 0.0143741 -328.991 -87.6368
72 0.00736321 -341.411 -82.2959
73 0.00229903 -353.776 -76.8275
74 -0.000158949 -366.09 -71.2456
75 0.000471267 -378.358 -65.5631
76 0.00254798 -390.585 -59.7914
77 0.00574457 -402.776 -53.9453
78 0.0096609 -414.937 -48.0358
79 0.0119025 -427.073 -42.0767
80 0.0116464 -439.19 -36.0792
81 0.00947121 -451.292 -30.0513
82 0.00468814 -463.383 -24.0013
83 -0.00364217 -475.465 -17.9356
84 -0.0130603 -487.542 -11.8584

Types

1 1
2 2
3 3
4 4
5 5
6 6
7 7
8 8
9 9
10 10
11 11
12 12
13 13
14 14
15 15
16 16
17 17
18 18
19 19
20 20
21 21
22 22
23 23
24 24
25 25
26 26
27 27
28 28
29 29
30 30
31 31
32 32
33 33
34 34
35 35
36 36
37 37
38 38
39 39
40 40
41 41
42 42
43 43
44 44
45 45
46 46
47 47
48 48
49 49
50 50
51 51
52 52
53 53
54 54
55 55
56 56
57 57
58 58
59 59
60 60
61 61
62 62
63 63
64 64
65 65
66 66
67 67
68 68
69 69
70 70
71 71
72 72
73 73
74 74
75 75
76 76
77 77
78 78
79 79
80 80
81 81
82 82
83 83
84 84

Molecules

1 1
2 1
3 1
4 1
5 1
6 1
7 1
8 1
9 1
10 1
11 1
12 1
13 1
14 1
15 1
16 1
17 1
18 1
19 1
20 1
21 1
22 1
23 1
24 1
25 1
26 1
27 1
28 1
29 1
30 1
31 1
32 1
33 1
34 1
35 1
36 1
37 1
38 1
39 1
40 1
41 1
42 1
43 1
44 1
45 1
46 1
47 1
48 1
49 1
50 1
51 1
52 1
53 1
54 1
55 1
56 1
57 1
58 1
59 1
60 1
61 1
62 1
63 1
64 1
65 1
66 1
67 1
68 1
69 1
70 1
71 1
72 1
73 1
74 1
75 1
76 1
77 1
78 1
79 1
80 1
81 1
82 1
83 1
84 1

Bonds

1 1 1 2 
2 2 2 3 
3 3 3 4 
4 4 4 5 
5 5 5 6 
6 6 6 7 
7 7 7 8 
8 8 8 9 
9 9 9 10 
10 10 10 11 
11 11 11 12 
12 12 12 13 
13 13 13 14 
14 14 14 15 
15 15 15 16 
16 16 16 17 
17 17 17 18 
18 18 18 19 
19 19 19 20 
20 20 20 21 
21 21 21 22 
22 22 22 23 
23 23 23 24 
24 24 24 25 
25 25 25 26 
26 26 26 27 
27 27 27 28 
28 28 28 29 
29 29 29 30 
30 30 30 31 
31 31 31 32 
32 32 32 33 
33 33 33 34 
34 34 34 35 
35 35 35 36 
36 36 36 37 
37 37 37 38 
38 38 38 39 
39 39 39 40 
40 40 40 41 
41 41 41 42 
42 42 42 43 
43 43 43 44 
44 44 44 45 
45 45 45 46 
46 46 46 47 
47 47 47 48 
48 48 48 49 
49 49 49 50 
50 50 50 51 
51 51 51 52 
52 52 52 53 
53 53 53 54 
54 54 54 55 
55 55 55 56 
56 56 56 57 
57 57 57 58 
58 58 58 59 
59 59 59 60 
60 60 60 61 
61 61 61 62 
62 62 62 63 
63 63 63 64 
64 64 64 65 
65 65 65 66 
66 66 66 67 
67 67 67 68 
68 68 68 69 
69 69 69 70 
70 70 70 71 
71 71 71 72 
72 72 72 73 
73 73 73 74 
74 74 74 75 
75 75 75 76 
76 76 76 77 
77 77 77 78 
78 78 78 79 
79 79 79 80 
80 80 80 81 
81 81 81 82 
82 82 82 83 
83 83 83 84 

Angles

1 1 1 2 3 
2 2 2 3 4 
3 3 3 4 5 
4 4 4 5 6 
5 5 5 6 7 
6 6 6 7 8 
7 7 7 8 9 
8 8 8 9 10 
9 9 9 10 11 
10 10 10 11 12 
11 11 11 12 13 
12 12 12 13 14 
13 13 13 14 15 
14 14 14 15 16 
15 15 15 16 17 
16 16 16 17 18 
17 17 17 18 19 
18 18 18 19 20 
19 19 19 20 21 
20 20 20 21 22 
21 21 21 22 23 
22 22 22 23 24 
23 23 23 24 25 
24 24 24 25 26 
25 25 25 26 27 
26 26 26 27 28 
27 27 27 28 29 
28 28 28 29 30 
29 29 29 30 31 
30 30 30 31 32 
31 31 31 32 33 
32 32 32 33 34 
33 33 33 34 35 
34 34 34 35 36 
35 35 35 36 37 
36 36 36 37 38 
37 37 37 38 39 
38 38 38 39 40 
39 39 39 40 41 
40 40 40 41 42 
41 41 41 42 43 
42 42 42 43 44 
43 43 43 44 45 
44 44 44 45 46 
45 45 45 46 47 
46 46 46 47 48 
47 47 47 48 49 
48 48 48 49 50 
49 49 49 50 51 
50 50 50 51 52 
51 51 51 52 53 
52 52 52 53 54 
53 53 53 54 55 
54 54 54 55 56 
55 55 55 56 57 
56 56 56 57 58 
57 57 57 58 59 
58 58 58 59 60 
59 59 59 60 61 
60 60 60 61 62 
61 61 61 62 63 
62 62 62 63 64 
63 63 63 64 65 
64 64 64 65 66 
65 65 65 66 67 
66 66 66 67 68 
67 67 67 68 69 
68 68 68 69 70 
69 69 69 70 71 
70 70 70 71 72 
71 71 71 72 73 
72 72 72 73 74 
73 73 73 74 75 
74 74 74 75 76 
75 75 75 76 77 
76 76 76 77 78 
77 77 77 78 79 
78 78 78 79 80 
79 79 79 80 81 
80 80 80 81 82 
81 81 81 82 83 
82 82 82 83 84 
