# Minimized Production Model for dispRatio of 0.99

168 atoms
167 bonds
166 angles
0 dihedrals
0 impropers


Coords

1 128.96 358.253 9.69175
2 126.155 352.041 9.59798
3 123.353 345.827 9.50412
4 120.555 339.611 9.41013
5 117.763 333.393 9.31595
6 114.979 327.171 9.22153
7 112.203 320.946 9.12681
8 109.438 314.715 9.03173
9 106.685 308.48 8.93627
10 103.946 302.238 8.84037
11 101.224 295.989 8.74397
12 98.5185 289.732 8.64702
13 95.833 283.468 8.54948
14 93.1687 277.194 8.4513
15 90.5273 270.91 8.35246
16 87.9105 264.616 8.25293
17 85.3199 258.312 8.15266
18 82.7572 251.996 8.05163
19 80.2238 245.668 7.94981
20 77.7215 239.328 7.84719
21 75.2516 232.976 7.74379
22 72.8157 226.61 7.63958
23 70.4156 220.231 7.53454
24 68.0526 213.838 7.42865
25 65.7282 207.431 7.32195
26 63.4437 201.009 7.21442
27 61.2007 194.574 7.10614
28 59.0005 188.123 6.99709
29 56.8442 181.657 6.88731
30 54.7333 175.177 6.77681
31 52.6686 168.682 6.6656
32 50.6515 162.172 6.55374
33 48.6833 155.647 6.44131
34 46.7649 149.107 6.32832
35 44.8974 142.552 6.21488
36 43.0816 135.983 6.10099
37 41.3185 129.399 5.98671
38 39.6091 122.802 5.87215
39 37.9541 116.19 5.75735
40 36.3542 109.565 5.64241
41 34.8101 102.927 5.52743
42 33.3223 96.2757 5.41246
43 31.8915 89.6119 5.29759
44 30.5182 82.936 5.18291
45 29.203 76.2484 5.06852
46 27.9461 69.5494 4.95452
47 26.7479 62.8397 4.84099
48 25.6085 56.1196 4.72804
49 24.5282 49.3897 4.61574
50 23.5072 42.6504 4.50424
51 22.5455 35.9023 4.39367
52 21.6431 29.1458 4.2841
53 20.7999 22.3817 4.17565
54 20.0159 15.6102 4.06843
55 19.2908 8.83208 3.96254
56 18.6246 2.04775 3.85808
57 18.017 -4.74222 3.75512
58 17.4675 -11.5373 3.65382
59 16.9758 -18.337 3.55425
60 16.5413 -25.1408 3.45654
61 16.1637 -31.9481 3.36082
62 15.8424 -38.7585 3.26718
63 15.5768 -45.5716 3.17577
64 15.3663 -52.3867 3.08661
65 15.21 -59.2035 2.99975
66 15.1076 -66.0216 2.91532
67 15.0582 -72.8404 2.83343
68 15.061 -79.6596 2.75414
69 15.1152 -86.4789 2.67762
70 15.2198 -93.2977 2.60392
71 15.374 -100.116 2.53313
72 15.5768 -106.933 2.46534
73 15.8273 -113.749 2.40053
74 16.1247 -120.563 2.33885
75 16.4679 -127.375 2.28024
76 16.8559 -134.185 2.22478
77 17.2878 -140.993 2.17264
78 17.7624 -147.798 2.12379
79 18.2788 -154.6 2.07843
80 18.8359 -161.399 2.03648
81 19.4325 -168.196 1.998
82 20.0677 -174.988 1.96311
83 20.7402 -181.778 1.93169
84 21.4491 -188.564 1.90385
85 22.1931 -195.347 1.87956
86 22.9716 -202.126 1.85889
87 23.7832 -208.901 1.84187
88 24.6269 -215.672 1.82845
89 25.5016 -222.44 1.81876
90 26.4061 -229.204 1.81272
91 27.3394 -235.965 1.81046
92 28.3005 -242.722 1.81188
93 29.2884 -249.475 1.81692
94 30.3019 -256.224 1.82563
95 31.34 -262.97 1.8379
96 32.4018 -269.713 1.85389
97 33.4862 -276.452 1.87353
98 34.5926 -283.188 1.8969
99 35.7198 -289.921 1.92383
100 36.8666 -296.65 1.95417
101 38.0322 -303.376 1.98813
102 39.2157 -310.1 2.02564
103 40.4162 -316.82 2.06656
104 41.6327 -323.538 2.11085
105 42.8646 -330.254 2.15853
106 44.1106 -336.966 2.20948
107 45.3703 -343.677 2.26378
108 46.6431 -350.385 2.32151
109 47.9279 -357.091 2.38242
110 49.2241 -363.795 2.44658
111 50.5308 -370.497 2.51377
112 51.8468 -377.198 2.58368
113 53.1721 -383.896 2.65665
114 54.506 -390.593 2.73247
115 55.8473 -397.289 2.81091
116 57.1956 -403.984 2.89202
117 58.5512 -410.677 2.97617
118 59.9124 -417.369 3.06287
119 61.2786 -424.061 3.15208
120 62.6514 -430.751 3.24444
121 64.0278 -437.44 3.33889
122 65.4095 -444.129 3.43648
123 66.7944 -450.816 3.53582
124 68.1832 -457.504 3.63831
125 69.5741 -464.191 3.742
126 70.9679 -470.877 3.84791
127 72.3646 -477.563 3.95704
128 73.7627 -484.248 4.06784
129 75.1627 -490.934 4.18216
130 76.5636 -497.619 4.29895
131 77.9651 -504.304 4.41702
132 79.368 -510.989 4.53797
133 80.7705 -517.674 4.66158
134 82.1729 -524.36 4.78731
135 83.5743 -531.045 4.91423
136 84.9744 -537.731 5.04358
137 86.3736 -544.417 5.17323
138 87.7714 -551.104 5.30541
139 89.1681 -557.791 5.4388
140 90.5633 -564.478 5.57394
141 91.9558 -571.166 5.71066
142 93.3484 -577.853 5.84779
143 94.7376 -584.542 5.98666
144 96.127 -591.231 6.12548
145 97.5129 -597.92 6.26643
146 98.8972 -604.61 6.40776
147 100.279 -611.3 6.5503
148 101.661 -617.991 6.69423
149 103.04 -624.682 6.83883
150 104.417 -631.373 6.98401
151 105.791 -638.065 7.13041
152 107.164 -644.758 7.27704
153 108.536 -651.45 7.42509
154 109.908 -658.143 7.57296
155 111.276 -664.836 7.72124
156 112.642 -671.53 7.87068
157 114.006 -678.225 8.02129
158 115.371 -684.919 8.17158
159 116.734 -691.614 8.32235
160 118.096 -698.308 8.47227
161 119.456 -705.004 8.62476
162 120.815 -711.699 8.77682
163 122.175 -718.394 8.92826
164 123.534 -725.09 9.08011
165 124.891 -731.786 9.23371
166 126.248 -738.482 9.38629
167 127.604 -745.178 9.53816
168 128.96 -751.874 9.69175

Types

1 1
2 2
3 3
4 4
5 5
6 6
7 7
8 8
9 9
10 10
11 11
12 12
13 13
14 14
15 15
16 16
17 17
18 18
19 19
20 20
21 21
22 22
23 23
24 24
25 25
26 26
27 27
28 28
29 29
30 30
31 31
32 32
33 33
34 34
35 35
36 36
37 37
38 38
39 39
40 40
41 41
42 42
43 43
44 44
45 45
46 46
47 47
48 48
49 49
50 50
51 51
52 52
53 53
54 54
55 55
56 56
57 57
58 58
59 59
60 60
61 61
62 62
63 63
64 64
65 65
66 66
67 67
68 68
69 69
70 70
71 71
72 72
73 73
74 74
75 75
76 76
77 77
78 78
79 79
80 80
81 81
82 82
83 83
84 84
85 85
86 86
87 87
88 88
89 89
90 90
91 91
92 92
93 93
94 94
95 95
96 96
97 97
98 98
99 99
100 100
101 101
102 102
103 103
104 104
105 105
106 106
107 107
108 108
109 109
110 110
111 111
112 112
113 113
114 114
115 115
116 116
117 117
118 118
119 119
120 120
121 121
122 122
123 123
124 124
125 125
126 126
127 127
128 128
129 129
130 130
131 131
132 132
133 133
134 134
135 135
136 136
137 137
138 138
139 139
140 140
141 141
142 142
143 143
144 144
145 145
146 146
147 147
148 148
149 149
150 150
151 151
152 152
153 153
154 154
155 155
156 156
157 157
158 158
159 159
160 160
161 161
162 162
163 163
164 164
165 165
166 166
167 167
168 168

Molecules

1 1
2 1
3 1
4 1
5 1
6 1
7 1
8 1
9 1
10 1
11 1
12 1
13 1
14 1
15 1
16 1
17 1
18 1
19 1
20 1
21 1
22 1
23 1
24 1
25 1
26 1
27 1
28 1
29 1
30 1
31 1
32 1
33 1
34 1
35 1
36 1
37 1
38 1
39 1
40 1
41 1
42 1
43 1
44 1
45 1
46 1
47 1
48 1
49 1
50 1
51 1
52 1
53 1
54 1
55 1
56 1
57 1
58 1
59 1
60 1
61 1
62 1
63 1
64 1
65 1
66 1
67 1
68 1
69 1
70 1
71 1
72 1
73 1
74 1
75 1
76 1
77 1
78 1
79 1
80 1
81 1
82 1
83 1
84 1
85 1
86 1
87 1
88 1
89 1
90 1
91 1
92 1
93 1
94 1
95 1
96 1
97 1
98 1
99 1
100 1
101 1
102 1
103 1
104 1
105 1
106 1
107 1
108 1
109 1
110 1
111 1
112 1
113 1
114 1
115 1
116 1
117 1
118 1
119 1
120 1
121 1
122 1
123 1
124 1
125 1
126 1
127 1
128 1
129 1
130 1
131 1
132 1
133 1
134 1
135 1
136 1
137 1
138 1
139 1
140 1
141 1
142 1
143 1
144 1
145 1
146 1
147 1
148 1
149 1
150 1
151 1
152 1
153 1
154 1
155 1
156 1
157 1
158 1
159 1
160 1
161 1
162 1
163 1
164 1
165 1
166 1
167 1
168 1

Bonds

1 1 1 2 
2 2 2 3 
3 3 3 4 
4 4 4 5 
5 5 5 6 
6 6 6 7 
7 7 7 8 
8 8 8 9 
9 9 9 10 
10 10 10 11 
11 11 11 12 
12 12 12 13 
13 13 13 14 
14 14 14 15 
15 15 15 16 
16 16 16 17 
17 17 17 18 
18 18 18 19 
19 19 19 20 
20 20 20 21 
21 21 21 22 
22 22 22 23 
23 23 23 24 
24 24 24 25 
25 25 25 26 
26 26 26 27 
27 27 27 28 
28 28 28 29 
29 29 29 30 
30 30 30 31 
31 31 31 32 
32 32 32 33 
33 33 33 34 
34 34 34 35 
35 35 35 36 
36 36 36 37 
37 37 37 38 
38 38 38 39 
39 39 39 40 
40 40 40 41 
41 41 41 42 
42 42 42 43 
43 43 43 44 
44 44 44 45 
45 45 45 46 
46 46 46 47 
47 47 47 48 
48 48 48 49 
49 49 49 50 
50 50 50 51 
51 51 51 52 
52 52 52 53 
53 53 53 54 
54 54 54 55 
55 55 55 56 
56 56 56 57 
57 57 57 58 
58 58 58 59 
59 59 59 60 
60 60 60 61 
61 61 61 62 
62 62 62 63 
63 63 63 64 
64 64 64 65 
65 65 65 66 
66 66 66 67 
67 67 67 68 
68 68 68 69 
69 69 69 70 
70 70 70 71 
71 71 71 72 
72 72 72 73 
73 73 73 74 
74 74 74 75 
75 75 75 76 
76 76 76 77 
77 77 77 78 
78 78 78 79 
79 79 79 80 
80 80 80 81 
81 81 81 82 
82 82 82 83 
83 83 83 84 
84 84 84 85 
85 85 85 86 
86 86 86 87 
87 87 87 88 
88 88 88 89 
89 89 89 90 
90 90 90 91 
91 91 91 92 
92 92 92 93 
93 93 93 94 
94 94 94 95 
95 95 95 96 
96 96 96 97 
97 97 97 98 
98 98 98 99 
99 99 99 100 
100 100 100 101 
101 101 101 102 
102 102 102 103 
103 103 103 104 
104 104 104 105 
105 105 105 106 
106 106 106 107 
107 107 107 108 
108 108 108 109 
109 109 109 110 
110 110 110 111 
111 111 111 112 
112 112 112 113 
113 113 113 114 
114 114 114 115 
115 115 115 116 
116 116 116 117 
117 117 117 118 
118 118 118 119 
119 119 119 120 
120 120 120 121 
121 121 121 122 
122 122 122 123 
123 123 123 124 
124 124 124 125 
125 125 125 126 
126 126 126 127 
127 127 127 128 
128 128 128 129 
129 129 129 130 
130 130 130 131 
131 131 131 132 
132 132 132 133 
133 133 133 134 
134 134 134 135 
135 135 135 136 
136 136 136 137 
137 137 137 138 
138 138 138 139 
139 139 139 140 
140 140 140 141 
141 141 141 142 
142 142 142 143 
143 143 143 144 
144 144 144 145 
145 145 145 146 
146 146 146 147 
147 147 147 148 
148 148 148 149 
149 149 149 150 
150 150 150 151 
151 151 151 152 
152 152 152 153 
153 153 153 154 
154 154 154 155 
155 155 155 156 
156 156 156 157 
157 157 157 158 
158 158 158 159 
159 159 159 160 
160 160 160 161 
161 161 161 162 
162 162 162 163 
163 163 163 164 
164 164 164 165 
165 165 165 166 
166 166 166 167 
167 167 167 168 

Angles

1 1 1 2 3 
2 2 2 3 4 
3 3 3 4 5 
4 4 4 5 6 
5 5 5 6 7 
6 6 6 7 8 
7 7 7 8 9 
8 8 8 9 10 
9 9 9 10 11 
10 10 10 11 12 
11 11 11 12 13 
12 12 12 13 14 
13 13 13 14 15 
14 14 14 15 16 
15 15 15 16 17 
16 16 16 17 18 
17 17 17 18 19 
18 18 18 19 20 
19 19 19 20 21 
20 20 20 21 22 
21 21 21 22 23 
22 22 22 23 24 
23 23 23 24 25 
24 24 24 25 26 
25 25 25 26 27 
26 26 26 27 28 
27 27 27 28 29 
28 28 28 29 30 
29 29 29 30 31 
30 30 30 31 32 
31 31 31 32 33 
32 32 32 33 34 
33 33 33 34 35 
34 34 34 35 36 
35 35 35 36 37 
36 36 36 37 38 
37 37 37 38 39 
38 38 38 39 40 
39 39 39 40 41 
40 40 40 41 42 
41 41 41 42 43 
42 42 42 43 44 
43 43 43 44 45 
44 44 44 45 46 
45 45 45 46 47 
46 46 46 47 48 
47 47 47 48 49 
48 48 48 49 50 
49 49 49 50 51 
50 50 50 51 52 
51 51 51 52 53 
52 52 52 53 54 
53 53 53 54 55 
54 54 54 55 56 
55 55 55 56 57 
56 56 56 57 58 
57 57 57 58 59 
58 58 58 59 60 
59 59 59 60 61 
60 60 60 61 62 
61 61 61 62 63 
62 62 62 63 64 
63 63 63 64 65 
64 64 64 65 66 
65 65 65 66 67 
66 66 66 67 68 
67 67 67 68 69 
68 68 68 69 70 
69 69 69 70 71 
70 70 70 71 72 
71 71 71 72 73 
72 72 72 73 74 
73 73 73 74 75 
74 74 74 75 76 
75 75 75 76 77 
76 76 76 77 78 
77 77 77 78 79 
78 78 78 79 80 
79 79 79 80 81 
80 80 80 81 82 
81 81 81 82 83 
82 82 82 83 84 
83 83 83 84 85 
84 84 84 85 86 
85 85 85 86 87 
86 86 86 87 88 
87 87 87 88 89 
88 88 88 89 90 
89 89 89 90 91 
90 90 90 91 92 
91 91 91 92 93 
92 92 92 93 94 
93 93 93 94 95 
94 94 94 95 96 
95 95 95 96 97 
96 96 96 97 98 
97 97 97 98 99 
98 98 98 99 100 
99 99 99 100 101 
100 100 100 101 102 
101 101 101 102 103 
102 102 102 103 104 
103 103 103 104 105 
104 104 104 105 106 
105 105 105 106 107 
106 106 106 107 108 
107 107 107 108 109 
108 108 108 109 110 
109 109 109 110 111 
110 110 110 111 112 
111 111 111 112 113 
112 112 112 113 114 
113 113 113 114 115 
114 114 114 115 116 
115 115 115 116 117 
116 116 116 117 118 
117 117 117 118 119 
118 118 118 119 120 
119 119 119 120 121 
120 120 120 121 122 
121 121 121 122 123 
122 122 122 123 124 
123 123 123 124 125 
124 124 124 125 126 
125 125 125 126 127 
126 126 126 127 128 
127 127 127 128 129 
128 128 128 129 130 
129 129 129 130 131 
130 130 130 131 132 
131 131 131 132 133 
132 132 132 133 134 
133 133 133 134 135 
134 134 134 135 136 
135 135 135 136 137 
136 136 136 137 138 
137 137 137 138 139 
138 138 138 139 140 
139 139 139 140 141 
140 140 140 141 142 
141 141 141 142 143 
142 142 142 143 144 
143 143 143 144 145 
144 144 144 145 146 
145 145 145 146 147 
146 146 146 147 148 
147 147 147 148 149 
148 148 148 149 150 
149 149 149 150 151 
150 150 150 151 152 
151 151 151 152 153 
152 152 152 153 154 
153 153 153 154 155 
154 154 154 155 156 
155 155 155 156 157 
156 156 156 157 158 
157 157 157 158 159 
158 158 158 159 160 
159 159 159 160 161 
160 160 160 161 162 
161 161 161 162 163 
162 162 162 163 164 
163 163 163 164 165 
164 164 164 165 166 
165 165 165 166 167 
166 166 166 167 168 
