# Minimized Production Model for dispRatio of 0.65

42 atoms
41 bonds
40 angles
0 dihedrals
0 impropers


Coords

1 -1.51708 338.054 -83.5037
2 -11.1412 317.245 -68.4557
3 -20.5491 296.443 -53.2581
4 -29.5331 275.661 -37.7813
5 -37.8114 254.892 -21.8962
6 -45.0814 234.112 -5.53848
7 -50.9894 213.289 11.3018
8 -55.0885 192.381 28.5684
9 -56.8943 171.348 46.0677
10 -55.8676 150.186 63.4699
11 -51.4735 128.962 80.2562
12 -43.2482 107.832 95.6588
13 -30.9006 87.127 108.695
14 -14.4923 67.3543 118.219
15 5.43558 49.1673 122.986
16 27.7505 33.3132 121.942
17 50.7628 20.4728 114.476
18 72.4063 11.0612 100.583
19 90.5943 5.07653 81.0017
20 103.604 2.07609 57.0898
21 110.29 1.18564 30.5428
22 110.225 1.24786 3.15182
23 103.66 1.01599 -23.4433
24 91.3639 -0.718044 -47.8624
25 74.5385 -4.96833 -69.0599
26 54.6543 -12.5074 -86.331
27 33.3144 -23.7623 -99.304
28 12.0995 -38.7653 -107.983
29 -7.55562 -57.2567 -112.686
30 -24.5318 -78.7204 -113.988
31 -38.1 -102.484 -112.63
32 -47.8966 -127.871 -109.414
33 -53.9096 -154.263 -105.137
34 -56.3798 -181.156 -100.473
35 -55.6941 -208.181 -95.9473
36 -52.3322 -235.088 -91.9509
37 -46.7985 -261.74 -88.713
38 -39.5726 -288.073 -86.331
39 -31.0703 -314.09 -84.7837
40 -21.6789 -339.83 -83.9274
41 -11.735 -365.377 -83.5721
42 -1.51708 -390.817 -83.5037

Types

1 1
2 2
3 3
4 4
5 5
6 6
7 7
8 8
9 9
10 10
11 11
12 12
13 13
14 14
15 15
16 16
17 17
18 18
19 19
20 20
21 21
22 22
23 23
24 24
25 25
26 26
27 27
28 28
29 29
30 30
31 31
32 32
33 33
34 34
35 35
36 36
37 37
38 38
39 39
40 40
41 41
42 42

Molecules

1 1
2 1
3 1
4 1
5 1
6 1
7 1
8 1
9 1
10 1
11 1
12 1
13 1
14 1
15 1
16 1
17 1
18 1
19 1
20 1
21 1
22 1
23 1
24 1
25 1
26 1
27 1
28 1
29 1
30 1
31 1
32 1
33 1
34 1
35 1
36 1
37 1
38 1
39 1
40 1
41 1
42 1

Bonds

1 1 1 2 
2 2 2 3 
3 3 3 4 
4 4 4 5 
5 5 5 6 
6 6 6 7 
7 7 7 8 
8 8 8 9 
9 9 9 10 
10 10 10 11 
11 11 11 12 
12 12 12 13 
13 13 13 14 
14 14 14 15 
15 15 15 16 
16 16 16 17 
17 17 17 18 
18 18 18 19 
19 19 19 20 
20 20 20 21 
21 21 21 22 
22 22 22 23 
23 23 23 24 
24 24 24 25 
25 25 25 26 
26 26 26 27 
27 27 27 28 
28 28 28 29 
29 29 29 30 
30 30 30 31 
31 31 31 32 
32 32 32 33 
33 33 33 34 
34 34 34 35 
35 35 35 36 
36 36 36 37 
37 37 37 38 
38 38 38 39 
39 39 39 40 
40 40 40 41 
41 41 41 42 

Angles

1 1 1 2 3 
2 2 2 3 4 
3 3 3 4 5 
4 4 4 5 6 
5 5 5 6 7 
6 6 6 7 8 
7 7 7 8 9 
8 8 8 9 10 
9 9 9 10 11 
10 10 10 11 12 
11 11 11 12 13 
12 12 12 13 14 
13 13 13 14 15 
14 14 14 15 16 
15 15 15 16 17 
16 16 16 17 18 
17 17 17 18 19 
18 18 18 19 20 
19 19 19 20 21 
20 20 20 21 22 
21 21 21 22 23 
22 22 22 23 24 
23 23 23 24 25 
24 24 24 25 26 
25 25 25 26 27 
26 26 26 27 28 
27 27 27 28 29 
28 28 28 29 30 
29 29 29 30 31 
30 30 30 31 32 
31 31 31 32 33 
32 32 32 33 34 
33 33 33 34 35 
34 34 34 35 36 
35 35 35 36 37 
36 36 36 37 38 
37 37 37 38 39 
38 38 38 39 40 
39 39 39 40 41 
40 40 40 41 42 
