# Minimized Production Model for dispRatio of 0.00

42 atoms
41 bonds
40 angles
0 dihedrals
0 impropers


Coords

1 -1.51708 -26.3813 -83.5037
2 -30.0977 -5.47276 -53.8714
3 -41.0014 1.93892 -34.4201
4 -52.15 9.30572 -11.133
5 -59.6002 13.8873 10.536
6 -65.9862 17.4591 35.6999
7 -67.8595 17.6617 58.7851
8 -68.3218 16.5901 85.2687
9 -62.7314 11.1026 107.068
10 -51.6783 1.41313 129.743
11 -40.093 -8.3089 147.026
12 -20.0692 -23.1674 151.788
13 -9.21319 -29.9904 133.807
14 -6.34039 -33.0448 107.577
15 3.66513 -32.7979 86.0424
16 14.3778 -36.0316 64.3352
17 25.4109 -40.8657 47.4197
18 -4.43332 -18.5342 62.6954
19 17.0673 -30.5185 45.7965
20 45.7587 -29.6407 14.7324
21 63.574 -21.3366 2.59767
22 76.5168 -1.7382 -3.92779
23 54.8985 7.81 -4.61927
24 28.2367 14.5371 -5.91582
25 4.43475 17.6015 -7.86105
26 -22.0746 18.5992 -10.9295
27 -44.854 16.4732 -14.962
28 -67.3291 7.71031 -22.5446
29 -59.425 -10.1278 -32.7336
30 -41.8569 -25.6334 -41.374
31 -18.7229 -29.6714 -45.2518
32 6.13519 -24.8511 -47.4462
33 29.4608 -14.2795 -50.159
34 50.7614 -2.29301 -53.6035
35 67.9466 14.2458 -60.9729
36 81.7184 34.9301 -73.1475
37 84.2173 54.916 -90.8564
38 75.3308 76.22 -117.479
39 55.2022 60.7251 -118.228
40 35.3694 42.4812 -116.335
41 16.7895 15.4582 -106.14
42 -1.51708 -26.3813 -83.5037

Types

1 1
2 2
3 3
4 4
5 5
6 6
7 7
8 8
9 9
10 10
11 11
12 12
13 13
14 14
15 15
16 16
17 17
18 18
19 19
20 20
21 21
22 22
23 23
24 24
25 25
26 26
27 27
28 28
29 29
30 30
31 31
32 32
33 33
34 34
35 35
36 36
37 37
38 38
39 39
40 40
41 41
42 42

Molecules

1 1
2 1
3 1
4 1
5 1
6 1
7 1
8 1
9 1
10 1
11 1
12 1
13 1
14 1
15 1
16 1
17 1
18 1
19 1
20 1
21 1
22 1
23 1
24 1
25 1
26 1
27 1
28 1
29 1
30 1
31 1
32 1
33 1
34 1
35 1
36 1
37 1
38 1
39 1
40 1
41 1
42 1

Bonds

1 1 1 2 
2 2 2 3 
3 3 3 4 
4 4 4 5 
5 5 5 6 
6 6 6 7 
7 7 7 8 
8 8 8 9 
9 9 9 10 
10 10 10 11 
11 11 11 12 
12 12 12 13 
13 13 13 14 
14 14 14 15 
15 15 15 16 
16 16 16 17 
17 17 17 18 
18 18 18 19 
19 19 19 20 
20 20 20 21 
21 21 21 22 
22 22 22 23 
23 23 23 24 
24 24 24 25 
25 25 25 26 
26 26 26 27 
27 27 27 28 
28 28 28 29 
29 29 29 30 
30 30 30 31 
31 31 31 32 
32 32 32 33 
33 33 33 34 
34 34 34 35 
35 35 35 36 
36 36 36 37 
37 37 37 38 
38 38 38 39 
39 39 39 40 
40 40 40 41 
41 41 41 42 

Angles

1 1 1 2 3 
2 2 2 3 4 
3 3 3 4 5 
4 4 4 5 6 
5 5 5 6 7 
6 6 6 7 8 
7 7 7 8 9 
8 8 8 9 10 
9 9 9 10 11 
10 10 10 11 12 
11 11 11 12 13 
12 12 12 13 14 
13 13 13 14 15 
14 14 14 15 16 
15 15 15 16 17 
16 16 16 17 18 
17 17 17 18 19 
18 18 18 19 20 
19 19 19 20 21 
20 20 20 21 22 
21 21 21 22 23 
22 22 22 23 24 
23 23 23 24 25 
24 24 24 25 26 
25 25 25 26 27 
26 26 26 27 28 
27 27 27 28 29 
28 28 28 29 30 
29 29 29 30 31 
30 30 30 31 32 
31 31 31 32 33 
32 32 32 33 34 
33 33 33 34 35 
34 34 34 35 36 
35 35 35 36 37 
36 36 36 37 38 
37 37 37 38 39 
38 38 38 39 40 
39 39 39 40 41 
40 40 40 41 42 
