# Minimized Production Model for dispRatio of 0.01

84 atoms
83 bonds
82 angles
0 dihedrals
0 impropers


Coords

1 -0.0130603 -392.228 -11.8584
2 -0.028848 -381.799 -3.2555
3 -0.0423662 -371.35 5.32212
4 -0.0529358 -360.86 13.8513
5 -0.0604531 -350.313 22.3092
6 -0.0647274 -339.69 30.6715
7 -0.0648996 -328.974 38.9138
8 -0.0615374 -318.148 47.0112
9 -0.0551475 -307.196 54.9365
10 -0.0476637 -296.104 62.6632
11 -0.0410676 -284.857 70.1624
12 -0.0366206 -273.443 77.4041
13 -0.0340252 -261.85 84.356
14 -0.0325944 -250.069 90.9847
15 -0.0330183 -238.094 97.2535
16 -0.0343296 -225.92 103.124
17 -0.0349782 -213.543 108.555
18 -0.0362473 -200.966 113.501
19 -0.0375444 -188.192 117.917
20 -0.0375508 -175.234 121.755
21 -0.0375574 -162.108 124.967
22 -0.0390913 -148.835 127.505
23 -0.0412189 -135.443 129.316
24 -0.0430482 -121.97 130.35
25 -0.0457176 -108.46 130.557
26 -0.0499267 -94.9656 129.89
27 -0.0536834 -81.549 128.304
28 -0.0564765 -68.2817 125.761
29 -0.0572713 -55.2437 122.227
30 -0.056214 -42.5253 117.677
31 -0.0550201 -30.2248 112.098
32 -0.0541287 -18.446 105.49
33 -0.0529264 -7.29929 97.8659
34 -0.0491598 3.10353 89.255
35 -0.0440563 12.6477 79.7027
36 -0.0373124 21.2223 69.2713
37 -0.0288822 28.7198 58.042
38 -0.0202104 35.0444 46.1122
39 -0.0119513 40.1114 33.597
40 -0.00480606 43.8511 20.6239
41 0.00195756 46.2112 7.33025
42 0.00962942 47.1597 -6.13776
43 0.0189596 46.6873 -19.631
44 0.0296223 44.8028 -33.0004
45 0.0406978 41.5347 -46.1005
46 0.0513762 36.9313 -58.7928
47 0.0583095 31.0597 -70.951
48 0.0589859 24.0022 -82.4614
49 0.0545728 15.85 -93.2265
50 0.0472924 6.70457 -103.162
51 0.0373522 -3.32746 -112.202
52 0.0264062 -14.1369 -120.297
53 0.0164379 -25.6164 -127.411
54 0.0106924 -37.6582 -133.528
55 0.00873192 -50.159 -138.645
56 0.0115518 -63.0215 -142.769
57 0.0199965 -76.1569 -145.921
58 0.0320936 -89.4843 -148.13
59 0.0459638 -102.931 -149.428
60 0.0603795 -116.435 -149.857
61 0.0729933 -129.939 -149.458
62 0.0801295 -143.399 -148.279
63 0.0817698 -156.774 -146.367
64 0.0770858 -170.035 -143.775
65 0.0660784 -183.157 -140.549
66 0.0529564 -196.122 -136.74
67 0.0412821 -208.917 -132.393
68 0.0310472 -221.535 -127.552
69 0.0231032 -233.97 -122.26
70 0.0188435 -246.222 -116.559
71 0.0167143 -258.295 -110.484
72 0.0158154 -270.193 -104.074
73 0.015154 -281.923 -97.3621
74 0.0157143 -293.497 -90.381
75 0.0170252 -304.923 -83.162
76 0.0170184 -316.215 -75.7343
77 0.0144152 -327.386 -68.1255
78 0.0095771 -338.449 -60.3617
79 0.00427526 -349.42 -52.4677
80 -0.00201956 -360.315 -44.4679
81 -0.00695216 -371.149 -36.3864
82 -0.00958016 -381.939 -28.244
83 -0.0112045 -392.698 -20.0616
84 -0.0130603 -403.441 -11.8584

Types

1 1
2 2
3 3
4 4
5 5
6 6
7 7
8 8
9 9
10 10
11 11
12 12
13 13
14 14
15 15
16 16
17 17
18 18
19 19
20 20
21 21
22 22
23 23
24 24
25 25
26 26
27 27
28 28
29 29
30 30
31 31
32 32
33 33
34 34
35 35
36 36
37 37
38 38
39 39
40 40
41 41
42 42
43 43
44 44
45 45
46 46
47 47
48 48
49 49
50 50
51 51
52 52
53 53
54 54
55 55
56 56
57 57
58 58
59 59
60 60
61 61
62 62
63 63
64 64
65 65
66 66
67 67
68 68
69 69
70 70
71 71
72 72
73 73
74 74
75 75
76 76
77 77
78 78
79 79
80 80
81 81
82 82
83 83
84 84

Molecules

1 1
2 1
3 1
4 1
5 1
6 1
7 1
8 1
9 1
10 1
11 1
12 1
13 1
14 1
15 1
16 1
17 1
18 1
19 1
20 1
21 1
22 1
23 1
24 1
25 1
26 1
27 1
28 1
29 1
30 1
31 1
32 1
33 1
34 1
35 1
36 1
37 1
38 1
39 1
40 1
41 1
42 1
43 1
44 1
45 1
46 1
47 1
48 1
49 1
50 1
51 1
52 1
53 1
54 1
55 1
56 1
57 1
58 1
59 1
60 1
61 1
62 1
63 1
64 1
65 1
66 1
67 1
68 1
69 1
70 1
71 1
72 1
73 1
74 1
75 1
76 1
77 1
78 1
79 1
80 1
81 1
82 1
83 1
84 1

Bonds

1 1 1 2 
2 2 2 3 
3 3 3 4 
4 4 4 5 
5 5 5 6 
6 6 6 7 
7 7 7 8 
8 8 8 9 
9 9 9 10 
10 10 10 11 
11 11 11 12 
12 12 12 13 
13 13 13 14 
14 14 14 15 
15 15 15 16 
16 16 16 17 
17 17 17 18 
18 18 18 19 
19 19 19 20 
20 20 20 21 
21 21 21 22 
22 22 22 23 
23 23 23 24 
24 24 24 25 
25 25 25 26 
26 26 26 27 
27 27 27 28 
28 28 28 29 
29 29 29 30 
30 30 30 31 
31 31 31 32 
32 32 32 33 
33 33 33 34 
34 34 34 35 
35 35 35 36 
36 36 36 37 
37 37 37 38 
38 38 38 39 
39 39 39 40 
40 40 40 41 
41 41 41 42 
42 42 42 43 
43 43 43 44 
44 44 44 45 
45 45 45 46 
46 46 46 47 
47 47 47 48 
48 48 48 49 
49 49 49 50 
50 50 50 51 
51 51 51 52 
52 52 52 53 
53 53 53 54 
54 54 54 55 
55 55 55 56 
56 56 56 57 
57 57 57 58 
58 58 58 59 
59 59 59 60 
60 60 60 61 
61 61 61 62 
62 62 62 63 
63 63 63 64 
64 64 64 65 
65 65 65 66 
66 66 66 67 
67 67 67 68 
68 68 68 69 
69 69 69 70 
70 70 70 71 
71 71 71 72 
72 72 72 73 
73 73 73 74 
74 74 74 75 
75 75 75 76 
76 76 76 77 
77 77 77 78 
78 78 78 79 
79 79 79 80 
80 80 80 81 
81 81 81 82 
82 82 82 83 
83 83 83 84 

Angles

1 1 1 2 3 
2 2 2 3 4 
3 3 3 4 5 
4 4 4 5 6 
5 5 5 6 7 
6 6 6 7 8 
7 7 7 8 9 
8 8 8 9 10 
9 9 9 10 11 
10 10 10 11 12 
11 11 11 12 13 
12 12 12 13 14 
13 13 13 14 15 
14 14 14 15 16 
15 15 15 16 17 
16 16 16 17 18 
17 17 17 18 19 
18 18 18 19 20 
19 19 19 20 21 
20 20 20 21 22 
21 21 21 22 23 
22 22 22 23 24 
23 23 23 24 25 
24 24 24 25 26 
25 25 25 26 27 
26 26 26 27 28 
27 27 27 28 29 
28 28 28 29 30 
29 29 29 30 31 
30 30 30 31 32 
31 31 31 32 33 
32 32 32 33 34 
33 33 33 34 35 
34 34 34 35 36 
35 35 35 36 37 
36 36 36 37 38 
37 37 37 38 39 
38 38 38 39 40 
39 39 39 40 41 
40 40 40 41 42 
41 41 41 42 43 
42 42 42 43 44 
43 43 43 44 45 
44 44 44 45 46 
45 45 45 46 47 
46 46 46 47 48 
47 47 47 48 49 
48 48 48 49 50 
49 49 49 50 51 
50 50 50 51 52 
51 51 51 52 53 
52 52 52 53 54 
53 53 53 54 55 
54 54 54 55 56 
55 55 55 56 57 
56 56 56 57 58 
57 57 57 58 59 
58 58 58 59 60 
59 59 59 60 61 
60 60 60 61 62 
61 61 61 62 63 
62 62 62 63 64 
63 63 63 64 65 
64 64 64 65 66 
65 65 65 66 67 
66 66 66 67 68 
67 67 67 68 69 
68 68 68 69 70 
69 69 69 70 71 
70 70 70 71 72 
71 71 71 72 73 
72 72 72 73 74 
73 73 73 74 75 
74 74 74 75 76 
75 75 75 76 77 
76 76 76 77 78 
77 77 77 78 79 
78 78 78 79 80 
79 79 79 80 81 
80 80 80 81 82 
81 81 81 82 83 
82 82 82 83 84 
