# Minimized Production Model for dispRatio of 0.19

84 atoms
83 bonds
82 angles
0 dihedrals
0 impropers


Coords

1 -0.0130603 -291.307 -11.8584
2 -0.0128358 -281.816 -2.23341
3 -0.0149675 -272.29 7.35678
4 -0.0208887 -262.692 16.8756
5 -0.0290476 -252.99 26.2873
6 -0.0363097 -243.151 35.5564
7 -0.04113 -233.146 44.6451
8 -0.0440397 -222.945 53.5137
9 -0.0441822 -212.526 62.1232
10 -0.042115 -201.864 70.4304
11 -0.0399485 -190.939 78.3879
12 -0.0379527 -179.734 85.9453
13 -0.0377161 -168.235 93.0449
14 -0.0414837 -156.431 99.6238
15 -0.0480917 -144.318 105.615
16 -0.0554997 -131.901 110.945
17 -0.0628885 -119.193 115.535
18 -0.0669628 -106.219 119.304
19 -0.0657982 -93.016 122.169
20 -0.0609761 -79.6385 124.048
21 -0.0544546 -66.1551 124.863
22 -0.0483812 -52.6521 124.54
23 -0.0445728 -39.2324 123.018
24 -0.0436438 -26.0154 120.246
25 -0.0446926 -13.1352 116.192
26 -0.0457308 -0.737571 110.842
27 -0.0450939 11.0218 104.209
28 -0.0430072 21.9806 96.3251
29 -0.0388998 31.9759 87.2526
30 -0.0326014 40.8477 77.0802
31 -0.0254289 48.4455 65.9251
32 -0.0188747 54.6373 53.9334
33 -0.0137755 59.3128 41.2737
34 -0.010529 62.3925 28.1347
35 -0.00851052 63.8312 14.7158
36 -0.00496987 63.6191 1.22165
37 0.00163606 61.7828 -12.1498
38 0.0109257 58.3827 -25.2128
39 0.0213565 53.5052 -37.8006
40 0.0307773 47.2582 -49.7696
41 0.037547 39.7635 -61.0008
42 0.0414081 31.1515 -71.4022
43 0.0430467 21.5554 -80.9053
44 0.042641 11.1084 -89.4664
45 0.0413905 -0.0622795 -97.061
46 0.0404549 -11.8362 -103.684
47 0.0396738 -24.103 -109.346
48 0.0403382 -36.7618 -114.07
49 0.0430696 -49.7226 -117.891
50 0.0471409 -62.9073 -120.856
51 0.051092 -76.2487 -123.013
52 0.0543831 -89.691 -124.421
53 0.0552533 -103.188 -125.139
54 0.052744 -116.706 -125.223
55 0.0490671 -130.215 -124.73
56 0.0453848 -143.695 -123.715
57 0.0418607 -157.132 -122.226
58 0.0394991 -170.516 -120.311
59 0.0380195 -183.839 -118.018
60 0.0366332 -197.1 -115.383
61 0.0350724 -210.297 -112.444
62 0.0334269 -223.431 -109.236
63 0.0321768 -236.505 -105.788
64 0.0300674 -249.52 -102.129
65 0.0267762 -262.483 -98.2845
66 0.0235205 -275.396 -94.2784
67 0.0204939 -288.265 -90.1321
68 0.01868 -301.096 -85.8688
69 0.0193614 -313.893 -81.5076
70 0.0211386 -326.664 -77.0683
71 0.0215579 -339.413 -72.568
72 0.020266 -352.146 -68.0197
73 0.0169553 -364.865 -63.4338
74 0.0115747 -377.574 -58.8201
75 0.00648279 -390.274 -54.1826
76 0.00150019 -402.968 -49.5286
77 -0.00258008 -415.656 -44.8584
78 -0.00511884 -428.34 -40.1757
79 -0.00492294 -441.019 -35.4804
80 -0.00356251 -453.694 -30.7731
81 -0.00160319 -466.364 -26.0547
82 -0.00220025 -479.032 -21.3274
83 -0.00554806 -491.698 -16.595
84 -0.0130603 -504.362 -11.8584

Types

1 1
2 2
3 3
4 4
5 5
6 6
7 7
8 8
9 9
10 10
11 11
12 12
13 13
14 14
15 15
16 16
17 17
18 18
19 19
20 20
21 21
22 22
23 23
24 24
25 25
26 26
27 27
28 28
29 29
30 30
31 31
32 32
33 33
34 34
35 35
36 36
37 37
38 38
39 39
40 40
41 41
42 42
43 43
44 44
45 45
46 46
47 47
48 48
49 49
50 50
51 51
52 52
53 53
54 54
55 55
56 56
57 57
58 58
59 59
60 60
61 61
62 62
63 63
64 64
65 65
66 66
67 67
68 68
69 69
70 70
71 71
72 72
73 73
74 74
75 75
76 76
77 77
78 78
79 79
80 80
81 81
82 82
83 83
84 84

Molecules

1 1
2 1
3 1
4 1
5 1
6 1
7 1
8 1
9 1
10 1
11 1
12 1
13 1
14 1
15 1
16 1
17 1
18 1
19 1
20 1
21 1
22 1
23 1
24 1
25 1
26 1
27 1
28 1
29 1
30 1
31 1
32 1
33 1
34 1
35 1
36 1
37 1
38 1
39 1
40 1
41 1
42 1
43 1
44 1
45 1
46 1
47 1
48 1
49 1
50 1
51 1
52 1
53 1
54 1
55 1
56 1
57 1
58 1
59 1
60 1
61 1
62 1
63 1
64 1
65 1
66 1
67 1
68 1
69 1
70 1
71 1
72 1
73 1
74 1
75 1
76 1
77 1
78 1
79 1
80 1
81 1
82 1
83 1
84 1

Bonds

1 1 1 2 
2 2 2 3 
3 3 3 4 
4 4 4 5 
5 5 5 6 
6 6 6 7 
7 7 7 8 
8 8 8 9 
9 9 9 10 
10 10 10 11 
11 11 11 12 
12 12 12 13 
13 13 13 14 
14 14 14 15 
15 15 15 16 
16 16 16 17 
17 17 17 18 
18 18 18 19 
19 19 19 20 
20 20 20 21 
21 21 21 22 
22 22 22 23 
23 23 23 24 
24 24 24 25 
25 25 25 26 
26 26 26 27 
27 27 27 28 
28 28 28 29 
29 29 29 30 
30 30 30 31 
31 31 31 32 
32 32 32 33 
33 33 33 34 
34 34 34 35 
35 35 35 36 
36 36 36 37 
37 37 37 38 
38 38 38 39 
39 39 39 40 
40 40 40 41 
41 41 41 42 
42 42 42 43 
43 43 43 44 
44 44 44 45 
45 45 45 46 
46 46 46 47 
47 47 47 48 
48 48 48 49 
49 49 49 50 
50 50 50 51 
51 51 51 52 
52 52 52 53 
53 53 53 54 
54 54 54 55 
55 55 55 56 
56 56 56 57 
57 57 57 58 
58 58 58 59 
59 59 59 60 
60 60 60 61 
61 61 61 62 
62 62 62 63 
63 63 63 64 
64 64 64 65 
65 65 65 66 
66 66 66 67 
67 67 67 68 
68 68 68 69 
69 69 69 70 
70 70 70 71 
71 71 71 72 
72 72 72 73 
73 73 73 74 
74 74 74 75 
75 75 75 76 
76 76 76 77 
77 77 77 78 
78 78 78 79 
79 79 79 80 
80 80 80 81 
81 81 81 82 
82 82 82 83 
83 83 83 84 

Angles

1 1 1 2 3 
2 2 2 3 4 
3 3 3 4 5 
4 4 4 5 6 
5 5 5 6 7 
6 6 6 7 8 
7 7 7 8 9 
8 8 8 9 10 
9 9 9 10 11 
10 10 10 11 12 
11 11 11 12 13 
12 12 12 13 14 
13 13 13 14 15 
14 14 14 15 16 
15 15 15 16 17 
16 16 16 17 18 
17 17 17 18 19 
18 18 18 19 20 
19 19 19 20 21 
20 20 20 21 22 
21 21 21 22 23 
22 22 22 23 24 
23 23 23 24 25 
24 24 24 25 26 
25 25 25 26 27 
26 26 26 27 28 
27 27 27 28 29 
28 28 28 29 30 
29 29 29 30 31 
30 30 30 31 32 
31 31 31 32 33 
32 32 32 33 34 
33 33 33 34 35 
34 34 34 35 36 
35 35 35 36 37 
36 36 36 37 38 
37 37 37 38 39 
38 38 38 39 40 
39 39 39 40 41 
40 40 40 41 42 
41 41 41 42 43 
42 42 42 43 44 
43 43 43 44 45 
44 44 44 45 46 
45 45 45 46 47 
46 46 46 47 48 
47 47 47 48 49 
48 48 48 49 50 
49 49 49 50 51 
50 50 50 51 52 
51 51 51 52 53 
52 52 52 53 54 
53 53 53 54 55 
54 54 54 55 56 
55 55 55 56 57 
56 56 56 57 58 
57 57 57 58 59 
58 58 58 59 60 
59 59 59 60 61 
60 60 60 61 62 
61 61 61 62 63 
62 62 62 63 64 
63 63 63 64 65 
64 64 64 65 66 
65 65 65 66 67 
66 66 66 67 68 
67 67 67 68 69 
68 68 68 69 70 
69 69 69 70 71 
70 70 70 71 72 
71 71 71 72 73 
72 72 72 73 74 
73 73 73 74 75 
74 74 74 75 76 
75 75 75 76 77 
76 76 76 77 78 
77 77 77 78 79 
78 78 78 79 80 
79 79 79 80 81 
80 80 80 81 82 
81 81 81 82 83 
82 82 82 83 84 
