# Minimized Production Model for dispRatio of 0.98

168 atoms
167 bonds
166 angles
0 dihedrals
0 impropers


Coords

1 128.96 352.647 9.69175
2 125.665 346.699 9.63981
3 122.373 340.749 9.58696
4 119.086 334.797 9.53339
5 115.805 328.842 9.47849
6 112.533 322.881 9.42224
7 109.272 316.915 9.36441
8 106.024 310.941 9.30545
9 102.791 304.959 9.24522
10 99.5758 298.968 9.18365
11 96.381 292.965 9.12074
12 93.2089 286.951 9.05614
13 90.0614 280.924 8.98963
14 86.9409 274.882 8.92075
15 83.8493 268.826 8.84908
16 80.789 262.754 8.77439
17 77.7617 256.666 8.69642
18 74.7697 250.56 8.61493
19 71.8149 244.436 8.53008
20 68.8993 238.294 8.44195
21 66.0249 232.132 8.35083
22 63.1931 225.95 8.25693
23 60.4062 219.749 8.16012
24 57.6658 213.526 8.06051
25 54.9741 207.283 7.9579
26 52.3326 201.018 7.85217
27 49.7431 194.732 7.74307
28 47.2074 188.424 7.63035
29 44.7273 182.094 7.51367
30 42.3047 175.742 7.39319
31 39.9411 169.368 7.26915
32 37.6382 162.972 7.14184
33 35.3972 156.554 7.0118
34 33.2195 150.115 6.87901
35 31.1062 143.654 6.74405
36 29.0581 137.172 6.60711
37 27.0764 130.669 6.46839
38 25.1617 124.147 6.328
39 23.315 117.605 6.18563
40 21.537 111.044 6.04126
41 19.8287 104.464 5.89483
42 18.1911 97.8663 5.74645
43 16.6249 91.2514 5.59613
44 15.1315 84.6196 5.44411
45 13.7113 77.9717 5.2907
46 12.3649 71.3083 5.13653
47 11.0932 64.6302 4.98212
48 9.89589 57.9382 4.82789
49 8.77327 51.2331 4.67404
50 7.72482 44.5158 4.52094
51 6.75013 37.7873 4.36873
52 5.84938 31.0482 4.21724
53 5.02168 24.2997 4.06643
54 4.26689 17.5425 3.91618
55 3.58483 10.7773 3.76675
56 2.97513 4.0051 3.61814
57 2.43791 -2.77347 3.4708
58 1.97228 -9.55752 3.32489
59 1.5783 -16.3463 3.18122
60 1.25548 -23.1391 3.04021
61 1.00311 -29.9352 2.90215
62 0.820159 -36.7338 2.76759
63 0.705544 -43.5341 2.63598
64 0.658535 -50.3356 2.50768
65 0.677458 -57.1375 2.38283
66 0.760869 -63.9392 2.26109
67 0.907794 -70.7402 2.14237
68 1.11699 -77.5399 2.02639
69 1.38751 -84.3378 1.91336
70 1.71769 -91.1333 1.80349
71 2.10648 -97.9262 1.697
72 2.55292 -104.716 1.59457
73 3.05542 -111.502 1.49724
74 3.61251 -118.284 1.40487
75 4.22317 -125.062 1.31775
76 4.88511 -131.836 1.23573
77 5.59697 -138.605 1.15881
78 6.35756 -145.369 1.08703
79 7.16457 -152.129 1.01927
80 8.01713 -158.882 0.956385
81 8.91256 -165.631 0.897509
82 9.8503 -172.375 0.842669
83 10.8287 -179.112 0.792302
84 11.8457 -185.845 0.74664
85 12.9001 -192.572 0.70582
86 13.9905 -199.294 0.669619
87 15.1154 -206.01 0.638438
88 16.2729 -212.721 0.613546
89 17.4611 -219.427 0.595151
90 18.679 -226.128 0.582683
91 19.925 -232.824 0.575562
92 21.1971 -239.515 0.573458
93 22.4931 -246.202 0.576402
94 23.8121 -252.885 0.583644
95 25.1531 -259.563 0.595667
96 26.5143 -266.238 0.611712
97 27.8946 -272.909 0.632578
98 29.292 -279.576 0.658093
99 30.7063 -286.241 0.688386
100 32.1357 -292.902 0.723831
101 33.5785 -299.56 0.764625
102 35.0338 -306.217 0.810889
103 36.5008 -312.87 0.861942
104 37.9785 -319.522 0.917849
105 39.4647 -326.172 0.97755
106 40.958 -332.821 1.04114
107 42.4576 -339.468 1.1083
108 43.9636 -346.115 1.17849
109 45.4755 -352.76 1.25264
110 46.9923 -359.404 1.33059
111 48.5124 -366.048 1.41316
112 50.0357 -372.691 1.50008
113 51.5611 -379.334 1.59247
114 53.0866 -385.978 1.69008
115 54.6118 -392.621 1.79304
116 56.1367 -399.265 1.90088
117 57.6612 -405.909 2.01396
118 59.184 -412.553 2.1303
119 60.703 -419.198 2.25012
120 62.2176 -425.845 2.37225
121 63.7291 -432.492 2.49578
122 65.2361 -439.141 2.62061
123 66.7394 -445.79 2.74579
124 68.2379 -452.441 2.87168
125 69.7319 -459.093 2.9992
126 71.2213 -465.746 3.12976
127 72.7055 -472.4 3.26271
128 74.186 -479.055 3.40012
129 75.6604 -485.712 3.53972
130 77.1301 -492.369 3.68343
131 78.5933 -499.028 3.82945
132 80.0497 -505.689 3.97789
133 81.5002 -512.351 4.12757
134 82.9428 -519.015 4.27767
135 84.3785 -525.68 4.42849
136 85.8071 -532.347 4.58004
137 87.2295 -539.015 4.73208
138 88.646 -545.685 4.88504
139 90.0557 -552.356 5.03849
140 91.4589 -559.029 5.19369
141 92.8562 -565.703 5.34987
142 94.2471 -572.379 5.50852
143 95.6322 -579.055 5.66776
144 97.012 -585.734 5.82869
145 98.3852 -592.413 5.98914
146 99.7533 -599.094 6.14843
147 101.117 -605.776 6.30724
148 102.475 -612.459 6.46566
149 103.831 -619.142 6.6238
150 105.185 -625.827 6.78136
151 106.536 -632.512 6.93949
152 107.883 -639.197 7.09822
153 109.228 -645.883 7.25859
154 110.569 -652.57 7.42063
155 111.907 -659.258 7.58398
156 113.24 -665.947 7.74787
157 114.57 -672.636 7.91222
158 115.893 -679.327 8.07644
159 117.212 -686.018 8.23983
160 118.526 -692.711 8.40191
161 119.835 -699.404 8.56346
162 121.142 -706.099 8.72593
163 122.445 -712.793 8.88686
164 123.747 -719.488 9.04664
165 125.049 -726.183 9.20625
166 126.352 -732.878 9.36791
167 127.655 -739.573 9.52941
168 128.96 -746.267 9.69175

Types

1 1
2 2
3 3
4 4
5 5
6 6
7 7
8 8
9 9
10 10
11 11
12 12
13 13
14 14
15 15
16 16
17 17
18 18
19 19
20 20
21 21
22 22
23 23
24 24
25 25
26 26
27 27
28 28
29 29
30 30
31 31
32 32
33 33
34 34
35 35
36 36
37 37
38 38
39 39
40 40
41 41
42 42
43 43
44 44
45 45
46 46
47 47
48 48
49 49
50 50
51 51
52 52
53 53
54 54
55 55
56 56
57 57
58 58
59 59
60 60
61 61
62 62
63 63
64 64
65 65
66 66
67 67
68 68
69 69
70 70
71 71
72 72
73 73
74 74
75 75
76 76
77 77
78 78
79 79
80 80
81 81
82 82
83 83
84 84
85 85
86 86
87 87
88 88
89 89
90 90
91 91
92 92
93 93
94 94
95 95
96 96
97 97
98 98
99 99
100 100
101 101
102 102
103 103
104 104
105 105
106 106
107 107
108 108
109 109
110 110
111 111
112 112
113 113
114 114
115 115
116 116
117 117
118 118
119 119
120 120
121 121
122 122
123 123
124 124
125 125
126 126
127 127
128 128
129 129
130 130
131 131
132 132
133 133
134 134
135 135
136 136
137 137
138 138
139 139
140 140
141 141
142 142
143 143
144 144
145 145
146 146
147 147
148 148
149 149
150 150
151 151
152 152
153 153
154 154
155 155
156 156
157 157
158 158
159 159
160 160
161 161
162 162
163 163
164 164
165 165
166 166
167 167
168 168

Molecules

1 1
2 1
3 1
4 1
5 1
6 1
7 1
8 1
9 1
10 1
11 1
12 1
13 1
14 1
15 1
16 1
17 1
18 1
19 1
20 1
21 1
22 1
23 1
24 1
25 1
26 1
27 1
28 1
29 1
30 1
31 1
32 1
33 1
34 1
35 1
36 1
37 1
38 1
39 1
40 1
41 1
42 1
43 1
44 1
45 1
46 1
47 1
48 1
49 1
50 1
51 1
52 1
53 1
54 1
55 1
56 1
57 1
58 1
59 1
60 1
61 1
62 1
63 1
64 1
65 1
66 1
67 1
68 1
69 1
70 1
71 1
72 1
73 1
74 1
75 1
76 1
77 1
78 1
79 1
80 1
81 1
82 1
83 1
84 1
85 1
86 1
87 1
88 1
89 1
90 1
91 1
92 1
93 1
94 1
95 1
96 1
97 1
98 1
99 1
100 1
101 1
102 1
103 1
104 1
105 1
106 1
107 1
108 1
109 1
110 1
111 1
112 1
113 1
114 1
115 1
116 1
117 1
118 1
119 1
120 1
121 1
122 1
123 1
124 1
125 1
126 1
127 1
128 1
129 1
130 1
131 1
132 1
133 1
134 1
135 1
136 1
137 1
138 1
139 1
140 1
141 1
142 1
143 1
144 1
145 1
146 1
147 1
148 1
149 1
150 1
151 1
152 1
153 1
154 1
155 1
156 1
157 1
158 1
159 1
160 1
161 1
162 1
163 1
164 1
165 1
166 1
167 1
168 1

Bonds

1 1 1 2 
2 2 2 3 
3 3 3 4 
4 4 4 5 
5 5 5 6 
6 6 6 7 
7 7 7 8 
8 8 8 9 
9 9 9 10 
10 10 10 11 
11 11 11 12 
12 12 12 13 
13 13 13 14 
14 14 14 15 
15 15 15 16 
16 16 16 17 
17 17 17 18 
18 18 18 19 
19 19 19 20 
20 20 20 21 
21 21 21 22 
22 22 22 23 
23 23 23 24 
24 24 24 25 
25 25 25 26 
26 26 26 27 
27 27 27 28 
28 28 28 29 
29 29 29 30 
30 30 30 31 
31 31 31 32 
32 32 32 33 
33 33 33 34 
34 34 34 35 
35 35 35 36 
36 36 36 37 
37 37 37 38 
38 38 38 39 
39 39 39 40 
40 40 40 41 
41 41 41 42 
42 42 42 43 
43 43 43 44 
44 44 44 45 
45 45 45 46 
46 46 46 47 
47 47 47 48 
48 48 48 49 
49 49 49 50 
50 50 50 51 
51 51 51 52 
52 52 52 53 
53 53 53 54 
54 54 54 55 
55 55 55 56 
56 56 56 57 
57 57 57 58 
58 58 58 59 
59 59 59 60 
60 60 60 61 
61 61 61 62 
62 62 62 63 
63 63 63 64 
64 64 64 65 
65 65 65 66 
66 66 66 67 
67 67 67 68 
68 68 68 69 
69 69 69 70 
70 70 70 71 
71 71 71 72 
72 72 72 73 
73 73 73 74 
74 74 74 75 
75 75 75 76 
76 76 76 77 
77 77 77 78 
78 78 78 79 
79 79 79 80 
80 80 80 81 
81 81 81 82 
82 82 82 83 
83 83 83 84 
84 84 84 85 
85 85 85 86 
86 86 86 87 
87 87 87 88 
88 88 88 89 
89 89 89 90 
90 90 90 91 
91 91 91 92 
92 92 92 93 
93 93 93 94 
94 94 94 95 
95 95 95 96 
96 96 96 97 
97 97 97 98 
98 98 98 99 
99 99 99 100 
100 100 100 101 
101 101 101 102 
102 102 102 103 
103 103 103 104 
104 104 104 105 
105 105 105 106 
106 106 106 107 
107 107 107 108 
108 108 108 109 
109 109 109 110 
110 110 110 111 
111 111 111 112 
112 112 112 113 
113 113 113 114 
114 114 114 115 
115 115 115 116 
116 116 116 117 
117 117 117 118 
118 118 118 119 
119 119 119 120 
120 120 120 121 
121 121 121 122 
122 122 122 123 
123 123 123 124 
124 124 124 125 
125 125 125 126 
126 126 126 127 
127 127 127 128 
128 128 128 129 
129 129 129 130 
130 130 130 131 
131 131 131 132 
132 132 132 133 
133 133 133 134 
134 134 134 135 
135 135 135 136 
136 136 136 137 
137 137 137 138 
138 138 138 139 
139 139 139 140 
140 140 140 141 
141 141 141 142 
142 142 142 143 
143 143 143 144 
144 144 144 145 
145 145 145 146 
146 146 146 147 
147 147 147 148 
148 148 148 149 
149 149 149 150 
150 150 150 151 
151 151 151 152 
152 152 152 153 
153 153 153 154 
154 154 154 155 
155 155 155 156 
156 156 156 157 
157 157 157 158 
158 158 158 159 
159 159 159 160 
160 160 160 161 
161 161 161 162 
162 162 162 163 
163 163 163 164 
164 164 164 165 
165 165 165 166 
166 166 166 167 
167 167 167 168 

Angles

1 1 1 2 3 
2 2 2 3 4 
3 3 3 4 5 
4 4 4 5 6 
5 5 5 6 7 
6 6 6 7 8 
7 7 7 8 9 
8 8 8 9 10 
9 9 9 10 11 
10 10 10 11 12 
11 11 11 12 13 
12 12 12 13 14 
13 13 13 14 15 
14 14 14 15 16 
15 15 15 16 17 
16 16 16 17 18 
17 17 17 18 19 
18 18 18 19 20 
19 19 19 20 21 
20 20 20 21 22 
21 21 21 22 23 
22 22 22 23 24 
23 23 23 24 25 
24 24 24 25 26 
25 25 25 26 27 
26 26 26 27 28 
27 27 27 28 29 
28 28 28 29 30 
29 29 29 30 31 
30 30 30 31 32 
31 31 31 32 33 
32 32 32 33 34 
33 33 33 34 35 
34 34 34 35 36 
35 35 35 36 37 
36 36 36 37 38 
37 37 37 38 39 
38 38 38 39 40 
39 39 39 40 41 
40 40 40 41 42 
41 41 41 42 43 
42 42 42 43 44 
43 43 43 44 45 
44 44 44 45 46 
45 45 45 46 47 
46 46 46 47 48 
47 47 47 48 49 
48 48 48 49 50 
49 49 49 50 51 
50 50 50 51 52 
51 51 51 52 53 
52 52 52 53 54 
53 53 53 54 55 
54 54 54 55 56 
55 55 55 56 57 
56 56 56 57 58 
57 57 57 58 59 
58 58 58 59 60 
59 59 59 60 61 
60 60 60 61 62 
61 61 61 62 63 
62 62 62 63 64 
63 63 63 64 65 
64 64 64 65 66 
65 65 65 66 67 
66 66 66 67 68 
67 67 67 68 69 
68 68 68 69 70 
69 69 69 70 71 
70 70 70 71 72 
71 71 71 72 73 
72 72 72 73 74 
73 73 73 74 75 
74 74 74 75 76 
75 75 75 76 77 
76 76 76 77 78 
77 77 77 78 79 
78 78 78 79 80 
79 79 79 80 81 
80 80 80 81 82 
81 81 81 82 83 
82 82 82 83 84 
83 83 83 84 85 
84 84 84 85 86 
85 85 85 86 87 
86 86 86 87 88 
87 87 87 88 89 
88 88 88 89 90 
89 89 89 90 91 
90 90 90 91 92 
91 91 91 92 93 
92 92 92 93 94 
93 93 93 94 95 
94 94 94 95 96 
95 95 95 96 97 
96 96 96 97 98 
97 97 97 98 99 
98 98 98 99 100 
99 99 99 100 101 
100 100 100 101 102 
101 101 101 102 103 
102 102 102 103 104 
103 103 103 104 105 
104 104 104 105 106 
105 105 105 106 107 
106 106 106 107 108 
107 107 107 108 109 
108 108 108 109 110 
109 109 109 110 111 
110 110 110 111 112 
111 111 111 112 113 
112 112 112 113 114 
113 113 113 114 115 
114 114 114 115 116 
115 115 115 116 117 
116 116 116 117 118 
117 117 117 118 119 
118 118 118 119 120 
119 119 119 120 121 
120 120 120 121 122 
121 121 121 122 123 
122 122 122 123 124 
123 123 123 124 125 
124 124 124 125 126 
125 125 125 126 127 
126 126 126 127 128 
127 127 127 128 129 
128 128 128 129 130 
129 129 129 130 131 
130 130 130 131 132 
131 131 131 132 133 
132 132 132 133 134 
133 133 133 134 135 
134 134 134 135 136 
135 135 135 136 137 
136 136 136 137 138 
137 137 137 138 139 
138 138 138 139 140 
139 139 139 140 141 
140 140 140 141 142 
141 141 141 142 143 
142 142 142 143 144 
143 143 143 144 145 
144 144 144 145 146 
145 145 145 146 147 
146 146 146 147 148 
147 147 147 148 149 
148 148 148 149 150 
149 149 149 150 151 
150 150 150 151 152 
151 151 151 152 153 
152 152 152 153 154 
153 153 153 154 155 
154 154 154 155 156 
155 155 155 156 157 
156 156 156 157 158 
157 157 157 158 159 
158 158 158 159 160 
159 159 159 160 161 
160 160 160 161 162 
161 161 161 162 163 
162 162 162 163 164 
163 163 163 164 165 
164 164 164 165 166 
165 165 165 166 167 
166 166 166 167 168 
