# Minimized Production Model for dispRatio of 0.00

84 atoms
83 bonds
82 angles
0 dihedrals
0 impropers


Coords

1 -0.0130603 -397.835 -11.8584
2 -0.0158481 -387.645 -2.97842
3 -0.0186261 -377.435 5.87735
4 -0.0213845 -367.182 14.6845
5 -0.0241135 -356.868 23.4183
6 -0.0268029 -346.47 32.0532
7 -0.0294422 -335.97 40.5632
8 -0.0320209 -325.348 48.921
9 -0.0345277 -314.587 57.0984
10 -0.0369512 -303.67 65.0657
11 -0.0392793 -292.581 72.7918
12 -0.0414996 -281.307 80.244
13 -0.0435988 -269.834 87.3876
14 -0.0455633 -258.154 94.1864
15 -0.047379 -246.26 100.602
16 -0.0490309 -234.147 106.594
17 -0.0505037 -221.815 112.121
18 -0.0517816 -209.268 117.139
19 -0.0528483 -196.513 121.602
20 -0.0536874 -183.564 125.463
21 -0.0542823 -170.439 128.674
22 -0.0546164 -157.163 131.188
23 -0.0546737 -143.768 132.955
24 -0.0544385 -130.293 133.93
25 -0.0538964 -116.783 134.066
26 -0.0530342 -103.294 133.32
27 -0.0518407 -89.8883 131.654
28 -0.0503068 -76.6362 129.036
29 -0.0484263 -63.6165 125.437
30 -0.0461964 -50.9154 120.841
31 -0.0436182 -38.6256 115.239
32 -0.0406969 -26.8451 108.634
33 -0.0374428 -15.6764 101.042
34 -0.0338712 -5.22385 92.491
35 -0.0300025 4.40785 83.026
36 -0.0258629 13.1162 72.7058
37 -0.0214836 20.8036 61.6049
38 -0.016901 27.3797 49.8121
39 -0.012156 32.7642 37.4302
40 -0.00729349 36.8892 24.574
41 -0.00236127 39.7015 11.3686
42 0.00259072 41.1642 -2.05327
43 0.00751157 41.2582 -15.5543
44 0.0123506 39.9823 -28.9952
45 0.0170584 37.354 -42.2384
46 0.021588 33.4083 -55.1508
47 0.0258958 28.1966 -67.6064
48 0.0299427 21.7853 -79.4896
49 0.0336941 14.2531 -90.6964
50 0.0371213 5.68914 -101.137
51 0.0402007 -3.80993 -110.735
52 0.042915 -14.1425 -119.43
53 0.045252 -25.2045 -127.177
54 0.0472051 -36.8919 -133.946
55 0.0487727 -49.1026 -139.718
56 0.0499574 -61.7385 -144.491
57 0.0507658 -74.7069 -148.27
58 0.0512079 -87.9212 -151.073
59 0.0512964 -101.303 -152.925
60 0.0510462 -114.78 -153.858
61 0.0504737 -128.29 -153.91
62 0.0495965 -141.778 -153.123
63 0.0484332 -155.196 -151.542
64 0.0470024 -168.506 -149.213
65 0.0453228 -181.674 -146.185
66 0.0434132 -194.676 -142.504
67 0.0412916 -207.491 -138.219
68 0.0389757 -220.107 -133.377
69 0.0364824 -232.515 -128.022
70 0.0338277 -244.71 -122.199
71 0.0310271 -256.692 -115.949
72 0.0280951 -268.466 -109.314
73 0.0250453 -280.036 -102.33
74 0.0218907 -291.414 -95.0359
75 0.0186433 -302.609 -87.4648
76 0.0153145 -313.636 -79.6502
77 0.0119152 -324.51 -71.6233
78 0.0084555 -335.246 -63.4141
79 0.00494498 -345.864 -55.051
80 0.00139284 -356.381 -46.5616
81 -0.00219213 -366.816 -37.9722
82 -0.00580146 -377.19 -29.3086
83 -0.00942689 -387.523 -20.5957
84 -0.0130603 -397.835 -11.8584

Types

1 1
2 2
3 3
4 4
5 5
6 6
7 7
8 8
9 9
10 10
11 11
12 12
13 13
14 14
15 15
16 16
17 17
18 18
19 19
20 20
21 21
22 22
23 23
24 24
25 25
26 26
27 27
28 28
29 29
30 30
31 31
32 32
33 33
34 34
35 35
36 36
37 37
38 38
39 39
40 40
41 41
42 42
43 43
44 44
45 45
46 46
47 47
48 48
49 49
50 50
51 51
52 52
53 53
54 54
55 55
56 56
57 57
58 58
59 59
60 60
61 61
62 62
63 63
64 64
65 65
66 66
67 67
68 68
69 69
70 70
71 71
72 72
73 73
74 74
75 75
76 76
77 77
78 78
79 79
80 80
81 81
82 82
83 83
84 84

Molecules

1 1
2 1
3 1
4 1
5 1
6 1
7 1
8 1
9 1
10 1
11 1
12 1
13 1
14 1
15 1
16 1
17 1
18 1
19 1
20 1
21 1
22 1
23 1
24 1
25 1
26 1
27 1
28 1
29 1
30 1
31 1
32 1
33 1
34 1
35 1
36 1
37 1
38 1
39 1
40 1
41 1
42 1
43 1
44 1
45 1
46 1
47 1
48 1
49 1
50 1
51 1
52 1
53 1
54 1
55 1
56 1
57 1
58 1
59 1
60 1
61 1
62 1
63 1
64 1
65 1
66 1
67 1
68 1
69 1
70 1
71 1
72 1
73 1
74 1
75 1
76 1
77 1
78 1
79 1
80 1
81 1
82 1
83 1
84 1

Bonds

1 1 1 2 
2 2 2 3 
3 3 3 4 
4 4 4 5 
5 5 5 6 
6 6 6 7 
7 7 7 8 
8 8 8 9 
9 9 9 10 
10 10 10 11 
11 11 11 12 
12 12 12 13 
13 13 13 14 
14 14 14 15 
15 15 15 16 
16 16 16 17 
17 17 17 18 
18 18 18 19 
19 19 19 20 
20 20 20 21 
21 21 21 22 
22 22 22 23 
23 23 23 24 
24 24 24 25 
25 25 25 26 
26 26 26 27 
27 27 27 28 
28 28 28 29 
29 29 29 30 
30 30 30 31 
31 31 31 32 
32 32 32 33 
33 33 33 34 
34 34 34 35 
35 35 35 36 
36 36 36 37 
37 37 37 38 
38 38 38 39 
39 39 39 40 
40 40 40 41 
41 41 41 42 
42 42 42 43 
43 43 43 44 
44 44 44 45 
45 45 45 46 
46 46 46 47 
47 47 47 48 
48 48 48 49 
49 49 49 50 
50 50 50 51 
51 51 51 52 
52 52 52 53 
53 53 53 54 
54 54 54 55 
55 55 55 56 
56 56 56 57 
57 57 57 58 
58 58 58 59 
59 59 59 60 
60 60 60 61 
61 61 61 62 
62 62 62 63 
63 63 63 64 
64 64 64 65 
65 65 65 66 
66 66 66 67 
67 67 67 68 
68 68 68 69 
69 69 69 70 
70 70 70 71 
71 71 71 72 
72 72 72 73 
73 73 73 74 
74 74 74 75 
75 75 75 76 
76 76 76 77 
77 77 77 78 
78 78 78 79 
79 79 79 80 
80 80 80 81 
81 81 81 82 
82 82 82 83 
83 83 83 84 

Angles

1 1 1 2 3 
2 2 2 3 4 
3 3 3 4 5 
4 4 4 5 6 
5 5 5 6 7 
6 6 6 7 8 
7 7 7 8 9 
8 8 8 9 10 
9 9 9 10 11 
10 10 10 11 12 
11 11 11 12 13 
12 12 12 13 14 
13 13 13 14 15 
14 14 14 15 16 
15 15 15 16 17 
16 16 16 17 18 
17 17 17 18 19 
18 18 18 19 20 
19 19 19 20 21 
20 20 20 21 22 
21 21 21 22 23 
22 22 22 23 24 
23 23 23 24 25 
24 24 24 25 26 
25 25 25 26 27 
26 26 26 27 28 
27 27 27 28 29 
28 28 28 29 30 
29 29 29 30 31 
30 30 30 31 32 
31 31 31 32 33 
32 32 32 33 34 
33 33 33 34 35 
34 34 34 35 36 
35 35 35 36 37 
36 36 36 37 38 
37 37 37 38 39 
38 38 38 39 40 
39 39 39 40 41 
40 40 40 41 42 
41 41 41 42 43 
42 42 42 43 44 
43 43 43 44 45 
44 44 44 45 46 
45 45 45 46 47 
46 46 46 47 48 
47 47 47 48 49 
48 48 48 49 50 
49 49 49 50 51 
50 50 50 51 52 
51 51 51 52 53 
52 52 52 53 54 
53 53 53 54 55 
54 54 54 55 56 
55 55 55 56 57 
56 56 56 57 58 
57 57 57 58 59 
58 58 58 59 60 
59 59 59 60 61 
60 60 60 61 62 
61 61 61 62 63 
62 62 62 63 64 
63 63 63 64 65 
64 64 64 65 66 
65 65 65 66 67 
66 66 66 67 68 
67 67 67 68 69 
68 68 68 69 70 
69 69 69 70 71 
70 70 70 71 72 
71 71 71 72 73 
72 72 72 73 74 
73 73 73 74 75 
74 74 74 75 76 
75 75 75 76 77 
76 76 76 77 78 
77 77 77 78 79 
78 78 78 79 80 
79 79 79 80 81 
80 80 80 81 82 
81 81 81 82 83 
82 82 82 83 84 
