# Minimized Production Model for dispRatio of 0.65

84 atoms
83 bonds
82 angles
0 dihedrals
0 impropers


Coords

1 -0.0130603 -33.399 -11.8584
2 0.217448 -30.781 -25.1064
3 0.446278 -28.2223 -38.3658
4 0.671282 -25.7834 -51.6478
5 0.891641 -23.5243 -64.9614
6 1.10748 -21.5035 -78.3134
7 1.31884 -19.777 -91.7065
8 1.52633 -18.4004 -105.14
9 1.73035 -17.4294 -118.607
10 1.93034 -16.9181 -132.1
11 2.12614 -16.9176 -145.601
12 2.31946 -17.4768 -159.09
13 2.51181 -18.6431 -172.54
14 2.70435 -20.4619 -185.916
15 2.89872 -22.9753 -199.179
16 3.09547 -26.219 -212.282
17 3.29578 -30.2194 -225.175
18 3.50159 -34.9946 -237.8
19 3.71222 -40.5566 -250.099
20 3.92275 -46.9097 -262.008
21 4.12715 -54.0468 -273.464
22 4.32068 -61.9491 -284.408
23 4.49783 -70.5899 -294.778
24 4.65548 -79.9351 -304.52
25 4.79286 -89.9426 -313.58
26 4.90947 -100.564 -321.912
27 5.0057 -111.749 -329.473
28 5.08396 -123.439 -336.227
29 5.14775 -135.571 -342.15
30 5.20007 -148.082 -347.226
31 5.24605 -160.907 -351.449
32 5.28907 -173.981 -354.819
33 5.32839 -187.245 -357.344
34 5.36049 -200.641 -359.037
35 5.38221 -214.115 -359.92
36 5.39095 -227.618 -360.021
37 5.384 -241.107 -359.371
38 5.36196 -254.543 -358.005
39 5.32722 -267.895 -355.962
40 5.28219 -281.133 -353.28
41 5.22859 -294.235 -349.996
42 5.16678 -307.182 -346.144
43 5.09567 -319.959 -341.762
44 5.01479 -332.559 -336.89
45 4.92474 -344.975 -331.568
46 4.82618 -357.206 -325.834
47 4.71972 -369.255 -319.723
48 4.6061 -381.122 -313.268
49 4.48709 -392.816 -306.5
50 4.36517 -404.345 -299.453
51 4.2425 -415.716 -292.155
52 4.11944 -426.94 -284.632
53 3.99571 -438.028 -276.909
54 3.87251 -448.993 -269.011
55 3.75126 -459.845 -260.959
56 3.63221 -470.596 -252.775
57 3.51408 -481.258 -244.473
58 3.39413 -491.84 -236.071
59 3.2701 -502.356 -227.586
60 3.14215 -512.82 -219.036
61 3.01178 -523.242 -210.435
62 2.88107 -533.629 -201.792
63 2.75132 -543.987 -193.114
64 2.6215 -554.325 -184.412
65 2.48953 -564.648 -175.694
66 2.35347 -574.962 -166.965
67 2.21022 -585.27 -158.23
68 2.0607 -595.582 -149.499
69 1.91143 -605.9 -140.776
70 1.767 -616.229 -132.065
71 1.62885 -626.568 -123.366
72 1.49565 -636.921 -114.684
73 1.36742 -647.289 -106.021
74 1.24341 -657.675 -97.379
75 1.12167 -668.077 -88.7573
76 0.99796 -678.496 -80.1565
77 0.871367 -688.932 -71.5751
78 0.743469 -699.381 -63.0112
79 0.61574 -709.842 -54.4622
80 0.489016 -720.315 -45.926
81 0.362525 -730.795 -37.3989
82 0.236183 -741.284 -28.8812
83 0.109884 -751.776 -20.3685
84 -0.0130603 -762.271 -11.8584

Types

1 1
2 2
3 3
4 4
5 5
6 6
7 7
8 8
9 9
10 10
11 11
12 12
13 13
14 14
15 15
16 16
17 17
18 18
19 19
20 20
21 21
22 22
23 23
24 24
25 25
26 26
27 27
28 28
29 29
30 30
31 31
32 32
33 33
34 34
35 35
36 36
37 37
38 38
39 39
40 40
41 41
42 42
43 43
44 44
45 45
46 46
47 47
48 48
49 49
50 50
51 51
52 52
53 53
54 54
55 55
56 56
57 57
58 58
59 59
60 60
61 61
62 62
63 63
64 64
65 65
66 66
67 67
68 68
69 69
70 70
71 71
72 72
73 73
74 74
75 75
76 76
77 77
78 78
79 79
80 80
81 81
82 82
83 83
84 84

Molecules

1 1
2 1
3 1
4 1
5 1
6 1
7 1
8 1
9 1
10 1
11 1
12 1
13 1
14 1
15 1
16 1
17 1
18 1
19 1
20 1
21 1
22 1
23 1
24 1
25 1
26 1
27 1
28 1
29 1
30 1
31 1
32 1
33 1
34 1
35 1
36 1
37 1
38 1
39 1
40 1
41 1
42 1
43 1
44 1
45 1
46 1
47 1
48 1
49 1
50 1
51 1
52 1
53 1
54 1
55 1
56 1
57 1
58 1
59 1
60 1
61 1
62 1
63 1
64 1
65 1
66 1
67 1
68 1
69 1
70 1
71 1
72 1
73 1
74 1
75 1
76 1
77 1
78 1
79 1
80 1
81 1
82 1
83 1
84 1

Bonds

1 1 1 2 
2 2 2 3 
3 3 3 4 
4 4 4 5 
5 5 5 6 
6 6 6 7 
7 7 7 8 
8 8 8 9 
9 9 9 10 
10 10 10 11 
11 11 11 12 
12 12 12 13 
13 13 13 14 
14 14 14 15 
15 15 15 16 
16 16 16 17 
17 17 17 18 
18 18 18 19 
19 19 19 20 
20 20 20 21 
21 21 21 22 
22 22 22 23 
23 23 23 24 
24 24 24 25 
25 25 25 26 
26 26 26 27 
27 27 27 28 
28 28 28 29 
29 29 29 30 
30 30 30 31 
31 31 31 32 
32 32 32 33 
33 33 33 34 
34 34 34 35 
35 35 35 36 
36 36 36 37 
37 37 37 38 
38 38 38 39 
39 39 39 40 
40 40 40 41 
41 41 41 42 
42 42 42 43 
43 43 43 44 
44 44 44 45 
45 45 45 46 
46 46 46 47 
47 47 47 48 
48 48 48 49 
49 49 49 50 
50 50 50 51 
51 51 51 52 
52 52 52 53 
53 53 53 54 
54 54 54 55 
55 55 55 56 
56 56 56 57 
57 57 57 58 
58 58 58 59 
59 59 59 60 
60 60 60 61 
61 61 61 62 
62 62 62 63 
63 63 63 64 
64 64 64 65 
65 65 65 66 
66 66 66 67 
67 67 67 68 
68 68 68 69 
69 69 69 70 
70 70 70 71 
71 71 71 72 
72 72 72 73 
73 73 73 74 
74 74 74 75 
75 75 75 76 
76 76 76 77 
77 77 77 78 
78 78 78 79 
79 79 79 80 
80 80 80 81 
81 81 81 82 
82 82 82 83 
83 83 83 84 

Angles

1 1 1 2 3 
2 2 2 3 4 
3 3 3 4 5 
4 4 4 5 6 
5 5 5 6 7 
6 6 6 7 8 
7 7 7 8 9 
8 8 8 9 10 
9 9 9 10 11 
10 10 10 11 12 
11 11 11 12 13 
12 12 12 13 14 
13 13 13 14 15 
14 14 14 15 16 
15 15 15 16 17 
16 16 16 17 18 
17 17 17 18 19 
18 18 18 19 20 
19 19 19 20 21 
20 20 20 21 22 
21 21 21 22 23 
22 22 22 23 24 
23 23 23 24 25 
24 24 24 25 26 
25 25 25 26 27 
26 26 26 27 28 
27 27 27 28 29 
28 28 28 29 30 
29 29 29 30 31 
30 30 30 31 32 
31 31 31 32 33 
32 32 32 33 34 
33 33 33 34 35 
34 34 34 35 36 
35 35 35 36 37 
36 36 36 37 38 
37 37 37 38 39 
38 38 38 39 40 
39 39 39 40 41 
40 40 40 41 42 
41 41 41 42 43 
42 42 42 43 44 
43 43 43 44 45 
44 44 44 45 46 
45 45 45 46 47 
46 46 46 47 48 
47 47 47 48 49 
48 48 48 49 50 
49 49 49 50 51 
50 50 50 51 52 
51 51 51 52 53 
52 52 52 53 54 
53 53 53 54 55 
54 54 54 55 56 
55 55 55 56 57 
56 56 56 57 58 
57 57 57 58 59 
58 58 58 59 60 
59 59 59 60 61 
60 60 60 61 62 
61 61 61 62 63 
62 62 62 63 64 
63 63 63 64 65 
64 64 64 65 66 
65 65 65 66 67 
66 66 66 67 68 
67 67 67 68 69 
68 68 68 69 70 
69 69 69 70 71 
70 70 70 71 72 
71 71 71 72 73 
72 72 72 73 74 
73 73 73 74 75 
74 74 74 75 76 
75 75 75 76 77 
76 76 76 77 78 
77 77 77 78 79 
78 78 78 79 80 
79 79 79 80 81 
80 80 80 81 82 
81 81 81 82 83 
82 82 82 83 84 
