# Minimized Production Model for dispRatio of 0.17

84 atoms
83 bonds
82 angles
0 dihedrals
0 impropers


Coords

1 -0.0130603 -302.521 -11.8584
2 -0.0147266 -292.441 -2.84836
3 -0.0159176 -282.337 6.13378
4 -0.017514 -272.183 15.0605
5 -0.0218459 -261.958 23.9037
6 -0.0274249 -251.635 32.6338
7 -0.031694 -241.193 41.2217
8 -0.0348557 -230.608 49.6305
9 -0.037627 -219.854 57.8234
10 -0.0405605 -208.911 65.7612
11 -0.0428564 -197.76 73.4041
12 -0.0434005 -186.385 80.7101
13 -0.0446482 -174.773 87.6297
14 -0.0473481 -162.908 94.1087
15 -0.0502486 -150.784 100.085
16 -0.0518976 -138.398 105.497
17 -0.0516401 -125.756 110.279
18 -0.051995 -112.872 114.363
19 -0.0529509 -99.7694 117.676
20 -0.0535593 -86.4825 120.142
21 -0.053684 -73.0586 121.683
22 -0.0531119 -59.5579 122.217
23 -0.0521768 -46.0593 121.673
24 -0.0511397 -32.6572 119.984
25 -0.0497108 -19.4632 117.094
26 -0.0476462 -6.60679 112.959
27 -0.0452248 5.76616 107.551
28 -0.0412373 17.4986 100.869
29 -0.0359446 28.4235 92.9382
30 -0.0308179 38.3732 83.8154
31 -0.0269137 47.1824 73.5885
32 -0.0233337 54.6948 62.3758
33 -0.0170682 60.7717 50.3248
34 -0.00935405 65.297 37.6105
35 -0.0028005 68.1858 24.4281
36 0.000939727 69.3875 10.9858
37 0.00246417 68.8927 -2.50087
38 0.00482805 66.7283 -15.8231
39 0.00980601 62.9515 -28.7814
40 0.0181604 57.6523 -41.1963
41 0.0268789 50.9477 -52.9142
42 0.0324989 42.9729 -63.8085
43 0.034217 33.873 -73.7847
44 0.0343785 23.7982 -82.7782
45 0.0345134 12.8955 -90.7495
46 0.037136 1.30353 -97.6855
47 0.0429686 -10.8464 -103.592
48 0.0465992 -23.4366 -108.495
49 0.0461634 -36.3622 -112.435
50 0.0436387 -49.5324 -115.463
51 0.0425749 -62.8722 -117.636
52 0.0441166 -76.318 -119.013
53 0.0461876 -89.82 -119.656
54 0.0469643 -103.338 -119.631
55 0.04472 -116.842 -119.006
56 0.0412156 -130.311 -117.842
57 0.0382971 -143.729 -116.197
58 0.0376259 -157.088 -114.123
59 0.0388782 -170.384 -111.673
60 0.040391 -183.615 -108.892
61 0.0399117 -196.782 -105.824
62 0.0360999 -209.889 -102.512
63 0.0302554 -222.943 -98.9912
64 0.0258194 -235.948 -95.2954
65 0.0250593 -248.912 -91.4534
66 0.0244585 -261.838 -87.4908
67 0.022575 -274.736 -83.4314
68 0.0196853 -287.611 -79.2998
69 0.0159019 -300.468 -75.1142
70 0.013246 -313.312 -70.89
71 0.0140391 -326.147 -66.6395
72 0.0153403 -338.978 -62.3755
73 0.0147531 -351.806 -58.1037
74 0.0126756 -364.635 -53.8374
75 0.00799872 -377.467 -49.5794
76 0.00089221 -390.303 -45.3348
77 -0.00314374 -403.144 -41.1053
78 -0.0043273 -415.989 -36.8875
79 -0.00447634 -428.838 -32.6844
80 -0.00564741 -441.692 -28.4957
81 -0.00714184 -454.55 -24.3181
82 -0.00971806 -467.414 -20.1576
83 -0.01217 -480.28 -16.0037
84 -0.0130603 -493.149 -11.8584

Types

1 1
2 2
3 3
4 4
5 5
6 6
7 7
8 8
9 9
10 10
11 11
12 12
13 13
14 14
15 15
16 16
17 17
18 18
19 19
20 20
21 21
22 22
23 23
24 24
25 25
26 26
27 27
28 28
29 29
30 30
31 31
32 32
33 33
34 34
35 35
36 36
37 37
38 38
39 39
40 40
41 41
42 42
43 43
44 44
45 45
46 46
47 47
48 48
49 49
50 50
51 51
52 52
53 53
54 54
55 55
56 56
57 57
58 58
59 59
60 60
61 61
62 62
63 63
64 64
65 65
66 66
67 67
68 68
69 69
70 70
71 71
72 72
73 73
74 74
75 75
76 76
77 77
78 78
79 79
80 80
81 81
82 82
83 83
84 84

Molecules

1 1
2 1
3 1
4 1
5 1
6 1
7 1
8 1
9 1
10 1
11 1
12 1
13 1
14 1
15 1
16 1
17 1
18 1
19 1
20 1
21 1
22 1
23 1
24 1
25 1
26 1
27 1
28 1
29 1
30 1
31 1
32 1
33 1
34 1
35 1
36 1
37 1
38 1
39 1
40 1
41 1
42 1
43 1
44 1
45 1
46 1
47 1
48 1
49 1
50 1
51 1
52 1
53 1
54 1
55 1
56 1
57 1
58 1
59 1
60 1
61 1
62 1
63 1
64 1
65 1
66 1
67 1
68 1
69 1
70 1
71 1
72 1
73 1
74 1
75 1
76 1
77 1
78 1
79 1
80 1
81 1
82 1
83 1
84 1

Bonds

1 1 1 2 
2 2 2 3 
3 3 3 4 
4 4 4 5 
5 5 5 6 
6 6 6 7 
7 7 7 8 
8 8 8 9 
9 9 9 10 
10 10 10 11 
11 11 11 12 
12 12 12 13 
13 13 13 14 
14 14 14 15 
15 15 15 16 
16 16 16 17 
17 17 17 18 
18 18 18 19 
19 19 19 20 
20 20 20 21 
21 21 21 22 
22 22 22 23 
23 23 23 24 
24 24 24 25 
25 25 25 26 
26 26 26 27 
27 27 27 28 
28 28 28 29 
29 29 29 30 
30 30 30 31 
31 31 31 32 
32 32 32 33 
33 33 33 34 
34 34 34 35 
35 35 35 36 
36 36 36 37 
37 37 37 38 
38 38 38 39 
39 39 39 40 
40 40 40 41 
41 41 41 42 
42 42 42 43 
43 43 43 44 
44 44 44 45 
45 45 45 46 
46 46 46 47 
47 47 47 48 
48 48 48 49 
49 49 49 50 
50 50 50 51 
51 51 51 52 
52 52 52 53 
53 53 53 54 
54 54 54 55 
55 55 55 56 
56 56 56 57 
57 57 57 58 
58 58 58 59 
59 59 59 60 
60 60 60 61 
61 61 61 62 
62 62 62 63 
63 63 63 64 
64 64 64 65 
65 65 65 66 
66 66 66 67 
67 67 67 68 
68 68 68 69 
69 69 69 70 
70 70 70 71 
71 71 71 72 
72 72 72 73 
73 73 73 74 
74 74 74 75 
75 75 75 76 
76 76 76 77 
77 77 77 78 
78 78 78 79 
79 79 79 80 
80 80 80 81 
81 81 81 82 
82 82 82 83 
83 83 83 84 

Angles

1 1 1 2 3 
2 2 2 3 4 
3 3 3 4 5 
4 4 4 5 6 
5 5 5 6 7 
6 6 6 7 8 
7 7 7 8 9 
8 8 8 9 10 
9 9 9 10 11 
10 10 10 11 12 
11 11 11 12 13 
12 12 12 13 14 
13 13 13 14 15 
14 14 14 15 16 
15 15 15 16 17 
16 16 16 17 18 
17 17 17 18 19 
18 18 18 19 20 
19 19 19 20 21 
20 20 20 21 22 
21 21 21 22 23 
22 22 22 23 24 
23 23 23 24 25 
24 24 24 25 26 
25 25 25 26 27 
26 26 26 27 28 
27 27 27 28 29 
28 28 28 29 30 
29 29 29 30 31 
30 30 30 31 32 
31 31 31 32 33 
32 32 32 33 34 
33 33 33 34 35 
34 34 34 35 36 
35 35 35 36 37 
36 36 36 37 38 
37 37 37 38 39 
38 38 38 39 40 
39 39 39 40 41 
40 40 40 41 42 
41 41 41 42 43 
42 42 42 43 44 
43 43 43 44 45 
44 44 44 45 46 
45 45 45 46 47 
46 46 46 47 48 
47 47 47 48 49 
48 48 48 49 50 
49 49 49 50 51 
50 50 50 51 52 
51 51 51 52 53 
52 52 52 53 54 
53 53 53 54 55 
54 54 54 55 56 
55 55 55 56 57 
56 56 56 57 58 
57 57 57 58 59 
58 58 58 59 60 
59 59 59 60 61 
60 60 60 61 62 
61 61 61 62 63 
62 62 62 63 64 
63 63 63 64 65 
64 64 64 65 66 
65 65 65 66 67 
66 66 66 67 68 
67 67 67 68 69 
68 68 68 69 70 
69 69 69 70 71 
70 70 70 71 72 
71 71 71 72 73 
72 72 72 73 74 
73 73 73 74 75 
74 74 74 75 76 
75 75 75 76 77 
76 76 76 77 78 
77 77 77 78 79 
78 78 78 79 80 
79 79 79 80 81 
80 80 80 81 82 
81 81 81 82 83 
82 82 82 83 84 
