# Minimized Production Model for dispRatio of 0.05

84 atoms
83 bonds
82 angles
0 dihedrals
0 impropers


Coords

1 -0.0130603 -369.801 -11.8584
2 -0.0200713 -359.199 -3.46918
3 -0.0256351 -348.576 4.89368
4 -0.0302479 -337.913 13.2068
5 -0.0343547 -327.194 21.4459
6 -0.036367 -316.402 29.589
7 -0.0370578 -305.523 37.6156
8 -0.0363631 -294.545 45.5038
9 -0.0351417 -283.454 53.2331
10 -0.0350562 -272.238 60.7796
11 -0.0360906 -260.884 68.1161
12 -0.036469 -249.377 75.2121
13 -0.0373411 -237.706 82.0317
14 -0.0382935 -225.857 88.5368
15 -0.0406218 -213.819 94.6872
16 -0.0426085 -201.587 100.44
17 -0.0438828 -189.156 105.747
18 -0.0458929 -176.526 110.56
19 -0.0450976 -163.701 114.827
20 -0.0451745 -150.693 118.491
21 -0.0468318 -137.517 121.501
22 -0.0498331 -124.2 123.799
23 -0.0530823 -110.774 125.331
24 -0.0555652 -97.2809 126.042
25 -0.0573174 -83.7703 125.877
26 -0.0576584 -70.3038 124.778
27 -0.0570008 -56.955 122.697
28 -0.0545339 -43.8084 119.589
29 -0.0510861 -30.9614 115.419
30 -0.0479897 -18.522 110.158
31 -0.0449465 -6.60894 103.796
32 -0.0401759 4.64951 96.341
33 -0.034754 15.1233 87.8194
34 -0.0274353 24.6803 78.2824
35 -0.0196467 33.1933 67.8039
36 -0.0128407 40.5445 56.4818
37 -0.00667215 46.6267 44.4301
38 -0.00267695 51.3465 31.7829
39 0.00035191 54.6296 18.6898
40 0.00253589 56.4219 5.31085
41 0.00586192 56.6966 -8.18396
42 0.00911725 55.4516 -21.6251
43 0.0131266 52.7124 -34.8422
44 0.0180067 48.5299 -47.6777
45 0.0219012 42.9806 -59.9844
46 0.0273607 36.1587 -71.6358
47 0.0320834 28.1726 -82.5228
48 0.0364832 19.1392 -92.5589
49 0.0394145 9.17952 -101.679
50 0.0413287 -1.58404 -109.836
51 0.0430507 -13.0316 -117.003
52 0.0445605 -25.0485 -123.17
53 0.0455878 -37.5264 -128.342
54 0.0451882 -50.3651 -132.543
55 0.0433016 -63.4755 -135.801
56 0.041948 -76.7786 -138.156
57 0.0416129 -90.2063 -139.653
58 0.0436954 -103.701 -140.342
59 0.0470016 -117.214 -140.272
60 0.0501382 -130.706 -139.495
61 0.0524605 -144.143 -138.058
62 0.0527501 -157.503 -136.01
63 0.0517365 -170.763 -133.4
64 0.0481369 -183.913 -130.278
65 0.0437805 -196.943 -126.688
66 0.0401404 -209.851 -122.676
67 0.0377064 -222.633 -118.283
68 0.0354617 -235.292 -113.545
69 0.0326632 -247.83 -108.494
70 0.0285382 -260.251 -103.162
71 0.0219424 -272.559 -97.5751
72 0.0161263 -284.761 -91.7578
73 0.0100578 -296.862 -85.735
74 0.00619595 -308.871 -79.5302
75 0.00521266 -320.797 -73.1683
76 0.00788789 -332.652 -66.6722
77 0.0108638 -344.445 -60.0645
78 0.0100443 -356.184 -53.3609
79 0.0070056 -367.876 -46.5748
80 0.00188042 -379.526 -39.7185
81 -0.00283909 -391.142 -32.8038
82 -0.00714945 -402.732 -25.8455
83 -0.0101208 -414.304 -18.8587
84 -0.0130603 -425.868 -11.8584

Types

1 1
2 2
3 3
4 4
5 5
6 6
7 7
8 8
9 9
10 10
11 11
12 12
13 13
14 14
15 15
16 16
17 17
18 18
19 19
20 20
21 21
22 22
23 23
24 24
25 25
26 26
27 27
28 28
29 29
30 30
31 31
32 32
33 33
34 34
35 35
36 36
37 37
38 38
39 39
40 40
41 41
42 42
43 43
44 44
45 45
46 46
47 47
48 48
49 49
50 50
51 51
52 52
53 53
54 54
55 55
56 56
57 57
58 58
59 59
60 60
61 61
62 62
63 63
64 64
65 65
66 66
67 67
68 68
69 69
70 70
71 71
72 72
73 73
74 74
75 75
76 76
77 77
78 78
79 79
80 80
81 81
82 82
83 83
84 84

Molecules

1 1
2 1
3 1
4 1
5 1
6 1
7 1
8 1
9 1
10 1
11 1
12 1
13 1
14 1
15 1
16 1
17 1
18 1
19 1
20 1
21 1
22 1
23 1
24 1
25 1
26 1
27 1
28 1
29 1
30 1
31 1
32 1
33 1
34 1
35 1
36 1
37 1
38 1
39 1
40 1
41 1
42 1
43 1
44 1
45 1
46 1
47 1
48 1
49 1
50 1
51 1
52 1
53 1
54 1
55 1
56 1
57 1
58 1
59 1
60 1
61 1
62 1
63 1
64 1
65 1
66 1
67 1
68 1
69 1
70 1
71 1
72 1
73 1
74 1
75 1
76 1
77 1
78 1
79 1
80 1
81 1
82 1
83 1
84 1

Bonds

1 1 1 2 
2 2 2 3 
3 3 3 4 
4 4 4 5 
5 5 5 6 
6 6 6 7 
7 7 7 8 
8 8 8 9 
9 9 9 10 
10 10 10 11 
11 11 11 12 
12 12 12 13 
13 13 13 14 
14 14 14 15 
15 15 15 16 
16 16 16 17 
17 17 17 18 
18 18 18 19 
19 19 19 20 
20 20 20 21 
21 21 21 22 
22 22 22 23 
23 23 23 24 
24 24 24 25 
25 25 25 26 
26 26 26 27 
27 27 27 28 
28 28 28 29 
29 29 29 30 
30 30 30 31 
31 31 31 32 
32 32 32 33 
33 33 33 34 
34 34 34 35 
35 35 35 36 
36 36 36 37 
37 37 37 38 
38 38 38 39 
39 39 39 40 
40 40 40 41 
41 41 41 42 
42 42 42 43 
43 43 43 44 
44 44 44 45 
45 45 45 46 
46 46 46 47 
47 47 47 48 
48 48 48 49 
49 49 49 50 
50 50 50 51 
51 51 51 52 
52 52 52 53 
53 53 53 54 
54 54 54 55 
55 55 55 56 
56 56 56 57 
57 57 57 58 
58 58 58 59 
59 59 59 60 
60 60 60 61 
61 61 61 62 
62 62 62 63 
63 63 63 64 
64 64 64 65 
65 65 65 66 
66 66 66 67 
67 67 67 68 
68 68 68 69 
69 69 69 70 
70 70 70 71 
71 71 71 72 
72 72 72 73 
73 73 73 74 
74 74 74 75 
75 75 75 76 
76 76 76 77 
77 77 77 78 
78 78 78 79 
79 79 79 80 
80 80 80 81 
81 81 81 82 
82 82 82 83 
83 83 83 84 

Angles

1 1 1 2 3 
2 2 2 3 4 
3 3 3 4 5 
4 4 4 5 6 
5 5 5 6 7 
6 6 6 7 8 
7 7 7 8 9 
8 8 8 9 10 
9 9 9 10 11 
10 10 10 11 12 
11 11 11 12 13 
12 12 12 13 14 
13 13 13 14 15 
14 14 14 15 16 
15 15 15 16 17 
16 16 16 17 18 
17 17 17 18 19 
18 18 18 19 20 
19 19 19 20 21 
20 20 20 21 22 
21 21 21 22 23 
22 22 22 23 24 
23 23 23 24 25 
24 24 24 25 26 
25 25 25 26 27 
26 26 26 27 28 
27 27 27 28 29 
28 28 28 29 30 
29 29 29 30 31 
30 30 30 31 32 
31 31 31 32 33 
32 32 32 33 34 
33 33 33 34 35 
34 34 34 35 36 
35 35 35 36 37 
36 36 36 37 38 
37 37 37 38 39 
38 38 38 39 40 
39 39 39 40 41 
40 40 40 41 42 
41 41 41 42 43 
42 42 42 43 44 
43 43 43 44 45 
44 44 44 45 46 
45 45 45 46 47 
46 46 46 47 48 
47 47 47 48 49 
48 48 48 49 50 
49 49 49 50 51 
50 50 50 51 52 
51 51 51 52 53 
52 52 52 53 54 
53 53 53 54 55 
54 54 54 55 56 
55 55 55 56 57 
56 56 56 57 58 
57 57 57 58 59 
58 58 58 59 60 
59 59 59 60 61 
60 60 60 61 62 
61 61 61 62 63 
62 62 62 63 64 
63 63 63 64 65 
64 64 64 65 66 
65 65 65 66 67 
66 66 66 67 68 
67 67 67 68 69 
68 68 68 69 70 
69 69 69 70 71 
70 70 70 71 72 
71 71 71 72 73 
72 72 72 73 74 
73 73 73 74 75 
74 74 74 75 76 
75 75 75 76 77 
76 76 76 77 78 
77 77 77 78 79 
78 78 78 79 80 
79 79 79 80 81 
80 80 80 81 82 
81 81 81 82 83 
82 82 82 83 84 
