# Minimized Production Model for dispRatio of 0.19

42 atoms
41 bonds
40 angles
0 dihedrals
0 impropers


Coords

1 -1.51708 80.1461 -83.5037
2 10.0445 60.5958 -68.255
3 21.7916 41.2922 -52.833
4 33.9006 22.4991 -37.0641
5 46.5235 4.51144 -20.7694
6 59.7951 -12.3594 -3.80674
7 73.8098 -27.7687 13.9283
8 88.6311 -41.3173 32.5037
9 104.294 -52.5465 51.9155
10 120.766 -60.9485 72.0722
11 137.911 -65.9854 92.7814
12 155.471 -67.1248 113.72
13 173.087 -63.9009 134.391
14 190.269 -55.9751 154.135
15 206.387 -43.2141 172.167
16 220.715 -25.7801 187.607
17 232.47 -4.1924 199.582
18 240.932 20.6292 207.315
19 245.543 47.4179 210.24
20 245.97 74.6702 208.09
21 242.18 100.789 200.957
22 234.452 124.28 189.298
23 223.311 143.91 173.867
24 209.459 158.802 155.593
25 193.689 168.481 135.46
26 176.794 172.85 114.406
27 159.481 172.131 93.2472
28 142.334 166.762 72.6273
29 125.78 157.282 53.0255
30 110.119 144.27 34.7598
31 95.5327 128.304 18.0114
32 82.1094 109.909 2.85526
33 69.8733 89.5538 -10.719
34 58.781 67.6492 -22.7836
35 48.7445 44.5433 -33.4528
36 39.6704 20.5161 -42.88
37 31.4518 -4.20376 -51.2406
38 23.9607 -29.429 -58.72
39 17.0563 -55.0159 -65.5101
40 10.601 -80.8492 -71.795
41 4.45987 -106.839 -77.7388
42 -1.51708 -132.909 -83.5037

Types

1 1
2 2
3 3
4 4
5 5
6 6
7 7
8 8
9 9
10 10
11 11
12 12
13 13
14 14
15 15
16 16
17 17
18 18
19 19
20 20
21 21
22 22
23 23
24 24
25 25
26 26
27 27
28 28
29 29
30 30
31 31
32 32
33 33
34 34
35 35
36 36
37 37
38 38
39 39
40 40
41 41
42 42

Molecules

1 1
2 1
3 1
4 1
5 1
6 1
7 1
8 1
9 1
10 1
11 1
12 1
13 1
14 1
15 1
16 1
17 1
18 1
19 1
20 1
21 1
22 1
23 1
24 1
25 1
26 1
27 1
28 1
29 1
30 1
31 1
32 1
33 1
34 1
35 1
36 1
37 1
38 1
39 1
40 1
41 1
42 1

Bonds

1 1 1 2 
2 2 2 3 
3 3 3 4 
4 4 4 5 
5 5 5 6 
6 6 6 7 
7 7 7 8 
8 8 8 9 
9 9 9 10 
10 10 10 11 
11 11 11 12 
12 12 12 13 
13 13 13 14 
14 14 14 15 
15 15 15 16 
16 16 16 17 
17 17 17 18 
18 18 18 19 
19 19 19 20 
20 20 20 21 
21 21 21 22 
22 22 22 23 
23 23 23 24 
24 24 24 25 
25 25 25 26 
26 26 26 27 
27 27 27 28 
28 28 28 29 
29 29 29 30 
30 30 30 31 
31 31 31 32 
32 32 32 33 
33 33 33 34 
34 34 34 35 
35 35 35 36 
36 36 36 37 
37 37 37 38 
38 38 38 39 
39 39 39 40 
40 40 40 41 
41 41 41 42 

Angles

1 1 1 2 3 
2 2 2 3 4 
3 3 3 4 5 
4 4 4 5 6 
5 5 5 6 7 
6 6 6 7 8 
7 7 7 8 9 
8 8 8 9 10 
9 9 9 10 11 
10 10 10 11 12 
11 11 11 12 13 
12 12 12 13 14 
13 13 13 14 15 
14 14 14 15 16 
15 15 15 16 17 
16 16 16 17 18 
17 17 17 18 19 
18 18 18 19 20 
19 19 19 20 21 
20 20 20 21 22 
21 21 21 22 23 
22 22 22 23 24 
23 23 23 24 25 
24 24 24 25 26 
25 25 25 26 27 
26 26 26 27 28 
27 27 27 28 29 
28 28 28 29 30 
29 29 29 30 31 
30 30 30 31 32 
31 31 31 32 33 
32 32 32 33 34 
33 33 33 34 35 
34 34 34 35 36 
35 35 35 36 37 
36 36 36 37 38 
37 37 37 38 39 
38 38 38 39 40 
39 39 39 40 41 
40 40 40 41 42 
