# Minimized Production Model for dispRatio of 0.16

168 atoms
167 bonds
166 angles
0 dihedrals
0 impropers


Coords

1 128.96 -107.103 9.69175
2 122.708 -109.533 9.44295
3 116.45 -111.949 9.19371
4 110.182 -114.337 8.94344
5 103.898 -116.684 8.69174
6 97.5946 -118.975 8.43823
7 91.266 -121.197 8.18245
8 84.9091 -123.336 7.92434
9 78.5208 -125.378 7.66396
10 72.0987 -127.311 7.40121
11 65.6412 -129.121 7.13586
12 59.1476 -130.795 6.86766
13 52.618 -132.323 6.59637
14 46.0536 -133.691 6.32179
15 39.4563 -134.889 6.04377
16 32.829 -135.905 5.76214
17 26.1753 -136.728 5.47673
18 19.4999 -137.348 5.18758
19 12.8085 -137.756 4.895
20 6.10759 -137.94 4.59914
21 -0.59546 -137.895 4.30013
22 -7.29244 -137.613 3.99827
23 -13.9747 -137.09 3.69381
24 -20.6331 -136.32 3.38709
25 -27.258 -135.302 3.07852
26 -33.8395 -134.034 2.76853
27 -40.3676 -132.515 2.45748
28 -46.8321 -130.744 2.1457
29 -53.2227 -128.723 1.83351
30 -59.5289 -126.452 1.52137
31 -65.7404 -123.933 1.20969
32 -71.8468 -121.169 0.898799
33 -77.8382 -118.164 0.58889
34 -83.7052 -114.921 0.279997
35 -89.4389 -111.448 -0.02767
36 -95.0311 -107.751 -0.333683
37 -100.474 -103.837 -0.637572
38 -105.761 -99.7129 -0.938887
39 -110.884 -95.387 -1.23722
40 -115.838 -90.8671 -1.53228
41 -120.615 -86.1612 -1.8239
42 -125.211 -81.2772 -2.11175
43 -129.62 -76.223 -2.39559
44 -133.836 -71.0062 -2.67529
45 -137.854 -65.6347 -2.95079
46 -141.668 -60.1164 -3.22201
47 -145.274 -54.4591 -3.48879
48 -148.665 -48.6705 -3.75084
49 -151.838 -42.7588 -4.00788
50 -154.788 -36.7319 -4.25973
51 -157.508 -30.5978 -4.50616
52 -159.994 -24.365 -4.74696
53 -162.242 -18.042 -4.98195
54 -164.246 -11.6372 -5.21075
55 -166.001 -5.15961 -5.43303
56 -167.503 1.38183 -5.64859
57 -168.744 7.97764 -5.85708
58 -169.72 14.6181 -6.05808
59 -170.423 21.2929 -6.25114
60 -170.847 27.9912 -6.43587
61 -170.985 34.7015 -6.61189
62 -170.831 41.4114 -6.77888
63 -170.379 48.1078 -6.93661
64 -169.624 54.7767 -7.08473
65 -168.561 61.4034 -7.22265
66 -167.187 67.9723 -7.34961
67 -165.497 74.4672 -7.46493
68 -163.489 80.8706 -7.56796
69 -161.161 87.1643 -7.65812
70 -158.512 93.3294 -7.73487
71 -155.542 99.3464 -7.79766
72 -152.254 105.195 -7.84599
73 -148.652 110.855 -7.8795
74 -144.739 116.304 -7.89799
75 -140.524 121.523 -7.90118
76 -136.016 126.489 -7.88886
77 -131.225 131.184 -7.86083
78 -126.165 135.586 -7.81691
79 -120.851 139.676 -7.75702
80 -115.3 143.438 -7.68127
81 -109.529 146.853 -7.58975
82 -103.561 149.908 -7.48262
83 -97.4168 152.591 -7.36029
84 -91.1194 154.891 -7.22326
85 -84.6929 156.799 -7.0719
86 -78.1619 158.311 -6.90671
87 -71.5512 159.42 -6.72836
88 -64.8857 160.127 -6.53752
89 -58.1899 160.43 -6.33494
90 -51.4882 160.332 -6.12145
91 -44.8042 159.838 -5.89792
92 -38.1606 158.955 -5.66537
93 -31.579 157.691 -5.42488
94 -25.0793 156.057 -5.1773
95 -18.6798 154.066 -4.92359
96 -12.3968 151.732 -4.66471
97 -6.24499 149.071 -4.40167
98 -0.237482 146.098 -4.1353
99 5.61447 142.83 -3.86646
100 11.3012 139.281 -3.59595
101 16.8149 135.469 -3.32443
102 22.1494 131.409 -3.05238
103 27.3002 127.118 -2.78022
104 32.2642 122.612 -2.5085
105 37.0399 117.906 -2.23763
106 41.6268 113.016 -1.96821
107 46.0258 107.955 -1.7006
108 50.2388 102.739 -1.43526
109 54.2685 97.3787 -1.17255
110 58.1185 91.8877 -0.912763
111 61.7926 86.2773 -0.656101
112 65.2957 80.5582 -0.402736
113 68.6326 74.7403 -0.152739
114 71.8087 68.8329 0.0939257
115 74.8298 62.8444 0.337232
116 77.7018 56.7828 0.577114
117 80.4309 50.6552 0.813438
118 83.0229 44.4681 1.04604
119 85.4834 38.2275 1.27478
120 87.8181 31.9385 1.49955
121 90.0322 25.6059 1.72036
122 92.131 19.234 1.93746
123 94.1195 12.8267 2.15099
124 96.0027 6.38747 2.36109
125 97.786 -0.080249 2.56797
126 99.4747 -6.57352 2.77184
127 101.074 -13.0895 2.9727
128 102.59 -19.6257 3.1708
129 104.026 -26.18 3.36624
130 105.387 -32.7504 3.55908
131 106.677 -39.3351 3.74956
132 107.9 -45.9328 3.93799
133 109.059 -52.5422 4.12441
134 110.159 -59.1619 4.30885
135 111.202 -65.791 4.49119
136 112.191 -72.4284 4.67111
137 113.13 -79.0733 4.84869
138 114.022 -85.7248 5.02392
139 114.869 -92.3823 5.19683
140 115.675 -99.0451 5.36726
141 116.443 -105.713 5.53536
142 117.175 -112.384 5.70126
143 117.873 -119.06 5.86522
144 118.539 -125.739 6.02752
145 119.174 -132.421 6.18854
146 119.782 -139.106 6.34844
147 120.362 -145.793 6.50721
148 120.917 -152.483 6.66483
149 121.448 -159.175 6.82144
150 121.957 -165.869 6.97726
151 122.446 -172.564 7.13252
152 122.915 -179.261 7.28731
153 123.367 -185.959 7.44171
154 123.804 -192.658 7.59551
155 124.226 -199.359 7.74881
156 124.636 -206.06 7.90175
157 125.034 -212.763 8.05414
158 125.423 -219.465 8.20593
159 125.802 -226.169 8.35726
160 126.174 -232.873 8.50809
161 126.539 -239.577 8.65846
162 126.899 -246.282 8.80856
163 127.252 -252.987 8.95799
164 127.601 -259.693 9.10669
165 127.945 -266.399 9.25431
166 128.286 -273.105 9.40105
167 128.624 -279.811 9.54673
168 128.96 -286.518 9.69175

Types

1 1
2 2
3 3
4 4
5 5
6 6
7 7
8 8
9 9
10 10
11 11
12 12
13 13
14 14
15 15
16 16
17 17
18 18
19 19
20 20
21 21
22 22
23 23
24 24
25 25
26 26
27 27
28 28
29 29
30 30
31 31
32 32
33 33
34 34
35 35
36 36
37 37
38 38
39 39
40 40
41 41
42 42
43 43
44 44
45 45
46 46
47 47
48 48
49 49
50 50
51 51
52 52
53 53
54 54
55 55
56 56
57 57
58 58
59 59
60 60
61 61
62 62
63 63
64 64
65 65
66 66
67 67
68 68
69 69
70 70
71 71
72 72
73 73
74 74
75 75
76 76
77 77
78 78
79 79
80 80
81 81
82 82
83 83
84 84
85 85
86 86
87 87
88 88
89 89
90 90
91 91
92 92
93 93
94 94
95 95
96 96
97 97
98 98
99 99
100 100
101 101
102 102
103 103
104 104
105 105
106 106
107 107
108 108
109 109
110 110
111 111
112 112
113 113
114 114
115 115
116 116
117 117
118 118
119 119
120 120
121 121
122 122
123 123
124 124
125 125
126 126
127 127
128 128
129 129
130 130
131 131
132 132
133 133
134 134
135 135
136 136
137 137
138 138
139 139
140 140
141 141
142 142
143 143
144 144
145 145
146 146
147 147
148 148
149 149
150 150
151 151
152 152
153 153
154 154
155 155
156 156
157 157
158 158
159 159
160 160
161 161
162 162
163 163
164 164
165 165
166 166
167 167
168 168

Molecules

1 1
2 1
3 1
4 1
5 1
6 1
7 1
8 1
9 1
10 1
11 1
12 1
13 1
14 1
15 1
16 1
17 1
18 1
19 1
20 1
21 1
22 1
23 1
24 1
25 1
26 1
27 1
28 1
29 1
30 1
31 1
32 1
33 1
34 1
35 1
36 1
37 1
38 1
39 1
40 1
41 1
42 1
43 1
44 1
45 1
46 1
47 1
48 1
49 1
50 1
51 1
52 1
53 1
54 1
55 1
56 1
57 1
58 1
59 1
60 1
61 1
62 1
63 1
64 1
65 1
66 1
67 1
68 1
69 1
70 1
71 1
72 1
73 1
74 1
75 1
76 1
77 1
78 1
79 1
80 1
81 1
82 1
83 1
84 1
85 1
86 1
87 1
88 1
89 1
90 1
91 1
92 1
93 1
94 1
95 1
96 1
97 1
98 1
99 1
100 1
101 1
102 1
103 1
104 1
105 1
106 1
107 1
108 1
109 1
110 1
111 1
112 1
113 1
114 1
115 1
116 1
117 1
118 1
119 1
120 1
121 1
122 1
123 1
124 1
125 1
126 1
127 1
128 1
129 1
130 1
131 1
132 1
133 1
134 1
135 1
136 1
137 1
138 1
139 1
140 1
141 1
142 1
143 1
144 1
145 1
146 1
147 1
148 1
149 1
150 1
151 1
152 1
153 1
154 1
155 1
156 1
157 1
158 1
159 1
160 1
161 1
162 1
163 1
164 1
165 1
166 1
167 1
168 1

Bonds

1 1 1 2 
2 2 2 3 
3 3 3 4 
4 4 4 5 
5 5 5 6 
6 6 6 7 
7 7 7 8 
8 8 8 9 
9 9 9 10 
10 10 10 11 
11 11 11 12 
12 12 12 13 
13 13 13 14 
14 14 14 15 
15 15 15 16 
16 16 16 17 
17 17 17 18 
18 18 18 19 
19 19 19 20 
20 20 20 21 
21 21 21 22 
22 22 22 23 
23 23 23 24 
24 24 24 25 
25 25 25 26 
26 26 26 27 
27 27 27 28 
28 28 28 29 
29 29 29 30 
30 30 30 31 
31 31 31 32 
32 32 32 33 
33 33 33 34 
34 34 34 35 
35 35 35 36 
36 36 36 37 
37 37 37 38 
38 38 38 39 
39 39 39 40 
40 40 40 41 
41 41 41 42 
42 42 42 43 
43 43 43 44 
44 44 44 45 
45 45 45 46 
46 46 46 47 
47 47 47 48 
48 48 48 49 
49 49 49 50 
50 50 50 51 
51 51 51 52 
52 52 52 53 
53 53 53 54 
54 54 54 55 
55 55 55 56 
56 56 56 57 
57 57 57 58 
58 58 58 59 
59 59 59 60 
60 60 60 61 
61 61 61 62 
62 62 62 63 
63 63 63 64 
64 64 64 65 
65 65 65 66 
66 66 66 67 
67 67 67 68 
68 68 68 69 
69 69 69 70 
70 70 70 71 
71 71 71 72 
72 72 72 73 
73 73 73 74 
74 74 74 75 
75 75 75 76 
76 76 76 77 
77 77 77 78 
78 78 78 79 
79 79 79 80 
80 80 80 81 
81 81 81 82 
82 82 82 83 
83 83 83 84 
84 84 84 85 
85 85 85 86 
86 86 86 87 
87 87 87 88 
88 88 88 89 
89 89 89 90 
90 90 90 91 
91 91 91 92 
92 92 92 93 
93 93 93 94 
94 94 94 95 
95 95 95 96 
96 96 96 97 
97 97 97 98 
98 98 98 99 
99 99 99 100 
100 100 100 101 
101 101 101 102 
102 102 102 103 
103 103 103 104 
104 104 104 105 
105 105 105 106 
106 106 106 107 
107 107 107 108 
108 108 108 109 
109 109 109 110 
110 110 110 111 
111 111 111 112 
112 112 112 113 
113 113 113 114 
114 114 114 115 
115 115 115 116 
116 116 116 117 
117 117 117 118 
118 118 118 119 
119 119 119 120 
120 120 120 121 
121 121 121 122 
122 122 122 123 
123 123 123 124 
124 124 124 125 
125 125 125 126 
126 126 126 127 
127 127 127 128 
128 128 128 129 
129 129 129 130 
130 130 130 131 
131 131 131 132 
132 132 132 133 
133 133 133 134 
134 134 134 135 
135 135 135 136 
136 136 136 137 
137 137 137 138 
138 138 138 139 
139 139 139 140 
140 140 140 141 
141 141 141 142 
142 142 142 143 
143 143 143 144 
144 144 144 145 
145 145 145 146 
146 146 146 147 
147 147 147 148 
148 148 148 149 
149 149 149 150 
150 150 150 151 
151 151 151 152 
152 152 152 153 
153 153 153 154 
154 154 154 155 
155 155 155 156 
156 156 156 157 
157 157 157 158 
158 158 158 159 
159 159 159 160 
160 160 160 161 
161 161 161 162 
162 162 162 163 
163 163 163 164 
164 164 164 165 
165 165 165 166 
166 166 166 167 
167 167 167 168 

Angles

1 1 1 2 3 
2 2 2 3 4 
3 3 3 4 5 
4 4 4 5 6 
5 5 5 6 7 
6 6 6 7 8 
7 7 7 8 9 
8 8 8 9 10 
9 9 9 10 11 
10 10 10 11 12 
11 11 11 12 13 
12 12 12 13 14 
13 13 13 14 15 
14 14 14 15 16 
15 15 15 16 17 
16 16 16 17 18 
17 17 17 18 19 
18 18 18 19 20 
19 19 19 20 21 
20 20 20 21 22 
21 21 21 22 23 
22 22 22 23 24 
23 23 23 24 25 
24 24 24 25 26 
25 25 25 26 27 
26 26 26 27 28 
27 27 27 28 29 
28 28 28 29 30 
29 29 29 30 31 
30 30 30 31 32 
31 31 31 32 33 
32 32 32 33 34 
33 33 33 34 35 
34 34 34 35 36 
35 35 35 36 37 
36 36 36 37 38 
37 37 37 38 39 
38 38 38 39 40 
39 39 39 40 41 
40 40 40 41 42 
41 41 41 42 43 
42 42 42 43 44 
43 43 43 44 45 
44 44 44 45 46 
45 45 45 46 47 
46 46 46 47 48 
47 47 47 48 49 
48 48 48 49 50 
49 49 49 50 51 
50 50 50 51 52 
51 51 51 52 53 
52 52 52 53 54 
53 53 53 54 55 
54 54 54 55 56 
55 55 55 56 57 
56 56 56 57 58 
57 57 57 58 59 
58 58 58 59 60 
59 59 59 60 61 
60 60 60 61 62 
61 61 61 62 63 
62 62 62 63 64 
63 63 63 64 65 
64 64 64 65 66 
65 65 65 66 67 
66 66 66 67 68 
67 67 67 68 69 
68 68 68 69 70 
69 69 69 70 71 
70 70 70 71 72 
71 71 71 72 73 
72 72 72 73 74 
73 73 73 74 75 
74 74 74 75 76 
75 75 75 76 77 
76 76 76 77 78 
77 77 77 78 79 
78 78 78 79 80 
79 79 79 80 81 
80 80 80 81 82 
81 81 81 82 83 
82 82 82 83 84 
83 83 83 84 85 
84 84 84 85 86 
85 85 85 86 87 
86 86 86 87 88 
87 87 87 88 89 
88 88 88 89 90 
89 89 89 90 91 
90 90 90 91 92 
91 91 91 92 93 
92 92 92 93 94 
93 93 93 94 95 
94 94 94 95 96 
95 95 95 96 97 
96 96 96 97 98 
97 97 97 98 99 
98 98 98 99 100 
99 99 99 100 101 
100 100 100 101 102 
101 101 101 102 103 
102 102 102 103 104 
103 103 103 104 105 
104 104 104 105 106 
105 105 105 106 107 
106 106 106 107 108 
107 107 107 108 109 
108 108 108 109 110 
109 109 109 110 111 
110 110 110 111 112 
111 111 111 112 113 
112 112 112 113 114 
113 113 113 114 115 
114 114 114 115 116 
115 115 115 116 117 
116 116 116 117 118 
117 117 117 118 119 
118 118 118 119 120 
119 119 119 120 121 
120 120 120 121 122 
121 121 121 122 123 
122 122 122 123 124 
123 123 123 124 125 
124 124 124 125 126 
125 125 125 126 127 
126 126 126 127 128 
127 127 127 128 129 
128 128 128 129 130 
129 129 129 130 131 
130 130 130 131 132 
131 131 131 132 133 
132 132 132 133 134 
133 133 133 134 135 
134 134 134 135 136 
135 135 135 136 137 
136 136 136 137 138 
137 137 137 138 139 
138 138 138 139 140 
139 139 139 140 141 
140 140 140 141 142 
141 141 141 142 143 
142 142 142 143 144 
143 143 143 144 145 
144 144 144 145 146 
145 145 145 146 147 
146 146 146 147 148 
147 147 147 148 149 
148 148 148 149 150 
149 149 149 150 151 
150 150 150 151 152 
151 151 151 152 153 
152 152 152 153 154 
153 153 153 154 155 
154 154 154 155 156 
155 155 155 156 157 
156 156 156 157 158 
157 157 157 158 159 
158 158 158 159 160 
159 159 159 160 161 
160 160 160 161 162 
161 161 161 162 163 
162 162 162 163 164 
163 163 163 164 165 
164 164 164 165 166 
165 165 165 166 167 
166 166 166 167 168 
