# Minimized Production Model for dispRatio of 0.85

84 atoms
83 bonds
82 angles
0 dihedrals
0 impropers


Coords

1 -0.0130603 78.7351 -11.8584
2 3.67446 72.3059 -0.575909
3 7.3516 65.8198 10.6773
4 11.0081 59.2215 21.8716
5 14.6351 52.456 32.9754
6 18.2228 45.4718 43.955
7 21.761 38.2205 54.7759
8 25.2393 30.6555 65.3997
9 28.6459 22.7345 75.7838
10 31.9672 14.4189 85.8821
11 35.1867 5.67524 95.6461
12 38.2862 -3.52175 105.024
13 41.2454 -13.1902 113.961
14 44.0457 -23.3393 122.403
15 46.6689 -33.9677 130.291
16 49.0974 -45.0649 137.573
17 51.3154 -56.6096 144.195
18 53.3077 -68.5711 150.11
19 55.0605 -80.9113 155.273
20 56.5621 -93.5846 159.647
21 57.8016 -106.539 163.2
22 58.7704 -119.719 165.913
23 59.4617 -133.063 167.771
24 59.8723 -146.51 168.774
25 60.0027 -159.999 168.927
26 59.8578 -173.472 168.248
27 59.4459 -186.875 166.759
28 58.7778 -200.158 164.49
29 57.8669 -213.278 161.477
30 56.7269 -226.199 157.761
31 55.3712 -238.89 153.384
32 53.8152 -251.332 148.397
33 52.0714 -263.509 142.849
34 50.1551 -275.415 136.792
35 48.0814 -287.051 130.279
36 45.8664 -298.426 123.364
37 43.5268 -309.555 116.097
38 41.0784 -320.459 108.53
39 38.5386 -331.161 100.711
40 35.9227 -341.691 92.6828
41 33.2465 -352.078 84.4907
42 30.5241 -362.354 76.1744
43 27.7689 -372.553 67.7742
44 24.993 -382.709 59.3284
45 22.2082 -392.856 50.8761
46 19.4253 -403.029 42.4547
47 16.6565 -413.261 34.1004
48 13.9136 -423.583 25.8481
49 11.2098 -434.022 17.7336
50 8.55588 -444.605 9.79023
51 5.96377 -455.354 2.05265
52 3.44481 -466.287 -5.44549
53 1.01096 -477.422 -12.6703
54 -1.32485 -488.773 -19.5855
55 -3.54947 -500.348 -26.1552
56 -5.65027 -512.154 -32.3429
57 -7.61539 -524.193 -38.1142
58 -9.43263 -536.46 -43.4353
59 -11.0924 -548.946 -48.2763
60 -12.5854 -561.638 -52.6101
61 -13.9047 -574.517 -56.4136
62 -15.044 -587.562 -59.6687
63 -15.9988 -600.75 -62.3602
64 -16.765 -614.053 -64.4791
65 -17.3403 -627.446 -66.0204
66 -17.7235 -640.899 -66.986
67 -17.9154 -654.384 -67.3835
68 -17.9196 -667.876 -67.2263
69 -17.7404 -681.35 -66.5316
70 -17.3855 -694.784 -65.3221
71 -16.8644 -708.16 -63.6235
72 -16.1872 -721.463 -61.4641
73 -15.3655 -734.681 -58.876
74 -14.4097 -747.806 -55.8899
75 -13.3303 -760.834 -52.5392
76 -12.1382 -773.762 -48.8582
77 -10.8446 -786.592 -44.8809
78 -9.46204 -799.331 -40.6446
79 -8.00303 -811.984 -36.1851
80 -6.48013 -824.563 -31.5402
81 -4.90703 -837.08 -26.7476
82 -3.2963 -849.548 -21.8455
83 -1.66083 -861.985 -16.8699
84 -0.0130603 -874.405 -11.8584

Types

1 1
2 2
3 3
4 4
5 5
6 6
7 7
8 8
9 9
10 10
11 11
12 12
13 13
14 14
15 15
16 16
17 17
18 18
19 19
20 20
21 21
22 22
23 23
24 24
25 25
26 26
27 27
28 28
29 29
30 30
31 31
32 32
33 33
34 34
35 35
36 36
37 37
38 38
39 39
40 40
41 41
42 42
43 43
44 44
45 45
46 46
47 47
48 48
49 49
50 50
51 51
52 52
53 53
54 54
55 55
56 56
57 57
58 58
59 59
60 60
61 61
62 62
63 63
64 64
65 65
66 66
67 67
68 68
69 69
70 70
71 71
72 72
73 73
74 74
75 75
76 76
77 77
78 78
79 79
80 80
81 81
82 82
83 83
84 84

Molecules

1 1
2 1
3 1
4 1
5 1
6 1
7 1
8 1
9 1
10 1
11 1
12 1
13 1
14 1
15 1
16 1
17 1
18 1
19 1
20 1
21 1
22 1
23 1
24 1
25 1
26 1
27 1
28 1
29 1
30 1
31 1
32 1
33 1
34 1
35 1
36 1
37 1
38 1
39 1
40 1
41 1
42 1
43 1
44 1
45 1
46 1
47 1
48 1
49 1
50 1
51 1
52 1
53 1
54 1
55 1
56 1
57 1
58 1
59 1
60 1
61 1
62 1
63 1
64 1
65 1
66 1
67 1
68 1
69 1
70 1
71 1
72 1
73 1
74 1
75 1
76 1
77 1
78 1
79 1
80 1
81 1
82 1
83 1
84 1

Bonds

1 1 1 2 
2 2 2 3 
3 3 3 4 
4 4 4 5 
5 5 5 6 
6 6 6 7 
7 7 7 8 
8 8 8 9 
9 9 9 10 
10 10 10 11 
11 11 11 12 
12 12 12 13 
13 13 13 14 
14 14 14 15 
15 15 15 16 
16 16 16 17 
17 17 17 18 
18 18 18 19 
19 19 19 20 
20 20 20 21 
21 21 21 22 
22 22 22 23 
23 23 23 24 
24 24 24 25 
25 25 25 26 
26 26 26 27 
27 27 27 28 
28 28 28 29 
29 29 29 30 
30 30 30 31 
31 31 31 32 
32 32 32 33 
33 33 33 34 
34 34 34 35 
35 35 35 36 
36 36 36 37 
37 37 37 38 
38 38 38 39 
39 39 39 40 
40 40 40 41 
41 41 41 42 
42 42 42 43 
43 43 43 44 
44 44 44 45 
45 45 45 46 
46 46 46 47 
47 47 47 48 
48 48 48 49 
49 49 49 50 
50 50 50 51 
51 51 51 52 
52 52 52 53 
53 53 53 54 
54 54 54 55 
55 55 55 56 
56 56 56 57 
57 57 57 58 
58 58 58 59 
59 59 59 60 
60 60 60 61 
61 61 61 62 
62 62 62 63 
63 63 63 64 
64 64 64 65 
65 65 65 66 
66 66 66 67 
67 67 67 68 
68 68 68 69 
69 69 69 70 
70 70 70 71 
71 71 71 72 
72 72 72 73 
73 73 73 74 
74 74 74 75 
75 75 75 76 
76 76 76 77 
77 77 77 78 
78 78 78 79 
79 79 79 80 
80 80 80 81 
81 81 81 82 
82 82 82 83 
83 83 83 84 

Angles

1 1 1 2 3 
2 2 2 3 4 
3 3 3 4 5 
4 4 4 5 6 
5 5 5 6 7 
6 6 6 7 8 
7 7 7 8 9 
8 8 8 9 10 
9 9 9 10 11 
10 10 10 11 12 
11 11 11 12 13 
12 12 12 13 14 
13 13 13 14 15 
14 14 14 15 16 
15 15 15 16 17 
16 16 16 17 18 
17 17 17 18 19 
18 18 18 19 20 
19 19 19 20 21 
20 20 20 21 22 
21 21 21 22 23 
22 22 22 23 24 
23 23 23 24 25 
24 24 24 25 26 
25 25 25 26 27 
26 26 26 27 28 
27 27 27 28 29 
28 28 28 29 30 
29 29 29 30 31 
30 30 30 31 32 
31 31 31 32 33 
32 32 32 33 34 
33 33 33 34 35 
34 34 34 35 36 
35 35 35 36 37 
36 36 36 37 38 
37 37 37 38 39 
38 38 38 39 40 
39 39 39 40 41 
40 40 40 41 42 
41 41 41 42 43 
42 42 42 43 44 
43 43 43 44 45 
44 44 44 45 46 
45 45 45 46 47 
46 46 46 47 48 
47 47 47 48 49 
48 48 48 49 50 
49 49 49 50 51 
50 50 50 51 52 
51 51 51 52 53 
52 52 52 53 54 
53 53 53 54 55 
54 54 54 55 56 
55 55 55 56 57 
56 56 56 57 58 
57 57 57 58 59 
58 58 58 59 60 
59 59 59 60 61 
60 60 60 61 62 
61 61 61 62 63 
62 62 62 63 64 
63 63 63 64 65 
64 64 64 65 66 
65 65 65 66 67 
66 66 66 67 68 
67 67 67 68 69 
68 68 68 69 70 
69 69 69 70 71 
70 70 70 71 72 
71 71 71 72 73 
72 72 72 73 74 
73 73 73 74 75 
74 74 74 75 76 
75 75 75 76 77 
76 76 76 77 78 
77 77 77 78 79 
78 78 78 79 80 
79 79 79 80 81 
80 80 80 81 82 
81 81 81 82 83 
82 82 82 83 84 
