# Minimized Production Model for dispRatio of 0.50

42 atoms
41 bonds
40 angles
0 dihedrals
0 impropers


Coords

1 -1.51708 253.954 -83.5037
2 16.0622 255.032 -62.5801
3 33.6818 255.866 -41.6807
4 51.3769 256.218 -20.8318
5 69.1747 255.846 -0.0719955
6 87.089 254.495 20.5457
7 105.12 251.905 40.9424
8 123.245 247.82 61.0099
9 141.394 241.983 80.6151
10 159.467 234.188 99.5999
11 177.331 224.266 117.77
12 194.811 212.083 134.91
13 211.671 197.55 150.793
14 227.663 180.674 165.185
15 242.528 161.538 177.859
16 255.995 140.298 188.592
17 267.814 117.19 197.195
18 277.755 92.521 203.539
19 285.636 66.6439 207.532
20 291.316 39.9445 209.131
21 294.71 12.8222 208.376
22 295.796 -14.3324 205.344
23 294.57 -41.1517 200.148
24 291.071 -67.2925 192.925
25 285.37 -92.451 183.853
26 277.564 -116.369 173.139
27 267.803 -138.843 160.996
28 256.256 -159.72 147.63
29 243.099 -178.907 133.258
30 228.515 -196.366 118.08
31 212.706 -212.111 102.268
32 195.857 -226.206 85.9761
33 178.139 -238.754 69.3468
34 159.697 -249.881 52.4927
35 140.655 -259.722 35.5089
36 121.129 -268.432 18.4553
37 101.221 -276.183 1.37922
38 81.0114 -283.167 -15.6744
39 60.5675 -289.554 -32.6824
40 39.9556 -295.509 -49.6456
41 19.243 -301.182 -66.5813
42 -1.51708 -306.717 -83.5037

Types

1 1
2 2
3 3
4 4
5 5
6 6
7 7
8 8
9 9
10 10
11 11
12 12
13 13
14 14
15 15
16 16
17 17
18 18
19 19
20 20
21 21
22 22
23 23
24 24
25 25
26 26
27 27
28 28
29 29
30 30
31 31
32 32
33 33
34 34
35 35
36 36
37 37
38 38
39 39
40 40
41 41
42 42

Molecules

1 1
2 1
3 1
4 1
5 1
6 1
7 1
8 1
9 1
10 1
11 1
12 1
13 1
14 1
15 1
16 1
17 1
18 1
19 1
20 1
21 1
22 1
23 1
24 1
25 1
26 1
27 1
28 1
29 1
30 1
31 1
32 1
33 1
34 1
35 1
36 1
37 1
38 1
39 1
40 1
41 1
42 1

Bonds

1 1 1 2 
2 2 2 3 
3 3 3 4 
4 4 4 5 
5 5 5 6 
6 6 6 7 
7 7 7 8 
8 8 8 9 
9 9 9 10 
10 10 10 11 
11 11 11 12 
12 12 12 13 
13 13 13 14 
14 14 14 15 
15 15 15 16 
16 16 16 17 
17 17 17 18 
18 18 18 19 
19 19 19 20 
20 20 20 21 
21 21 21 22 
22 22 22 23 
23 23 23 24 
24 24 24 25 
25 25 25 26 
26 26 26 27 
27 27 27 28 
28 28 28 29 
29 29 29 30 
30 30 30 31 
31 31 31 32 
32 32 32 33 
33 33 33 34 
34 34 34 35 
35 35 35 36 
36 36 36 37 
37 37 37 38 
38 38 38 39 
39 39 39 40 
40 40 40 41 
41 41 41 42 

Angles

1 1 1 2 3 
2 2 2 3 4 
3 3 3 4 5 
4 4 4 5 6 
5 5 5 6 7 
6 6 6 7 8 
7 7 7 8 9 
8 8 8 9 10 
9 9 9 10 11 
10 10 10 11 12 
11 11 11 12 13 
12 12 12 13 14 
13 13 13 14 15 
14 14 14 15 16 
15 15 15 16 17 
16 16 16 17 18 
17 17 17 18 19 
18 18 18 19 20 
19 19 19 20 21 
20 20 20 21 22 
21 21 21 22 23 
22 22 22 23 24 
23 23 23 24 25 
24 24 24 25 26 
25 25 25 26 27 
26 26 26 27 28 
27 27 27 28 29 
28 28 28 29 30 
29 29 29 30 31 
30 30 30 31 32 
31 31 31 32 33 
32 32 32 33 34 
33 33 33 34 35 
34 34 34 35 36 
35 35 35 36 37 
36 36 36 37 38 
37 37 37 38 39 
38 38 38 39 40 
39 39 39 40 41 
40 40 40 41 42 
