# Minimized Production Model for dispRatio of 0.50

168 atoms
167 bonds
166 angles
0 dihedrals
0 impropers


Coords

1 128.96 83.5248 9.69175
2 125.118 78.0043 9.52912
3 121.268 72.4895 9.36689
4 117.402 66.9862 9.2049
5 113.511 61.5001 9.04289
6 109.588 56.0373 8.88023
7 105.625 50.6039 8.71566
8 101.614 45.2059 8.5483
9 97.547 39.8497 8.37736
10 93.4179 34.5418 8.20212
11 89.2195 29.2888 8.02261
12 84.9451 24.0978 7.83887
13 80.5885 18.9759 7.65101
14 76.1437 13.9308 7.45925
15 71.6052 8.97035 7.26348
16 66.9681 4.10256 7.06355
17 62.2278 -0.664083 6.85899
18 57.3801 -5.32078 6.64923
19 52.4218 -9.85874 6.4339
20 47.35 -14.2686 6.21235
21 42.1624 -18.5409 5.98422
22 36.8576 -22.666 5.74952
23 31.4347 -26.6337 5.50803
24 25.8936 -30.4335 5.25993
25 20.2348 -34.0549 5.00565
26 14.4595 -37.4864 4.74521
27 8.56987 -40.7168 4.47876
28 2.569 -43.7345 4.20649
29 -3.53923 -46.5273 3.92813
30 -9.74986 -49.0833 3.64348
31 -16.0568 -51.3903 3.35245
32 -22.453 -53.436 3.05477
33 -28.9301 -55.2076 2.75031
34 -35.4786 -56.6925 2.4393
35 -42.0876 -57.8776 2.12189
36 -48.7448 -58.7498 1.7984
37 -55.4363 -59.2959 1.46939
38 -62.1464 -59.503 1.13509
39 -68.8577 -59.3584 0.795965
40 -75.5507 -58.8496 0.452512
41 -82.2038 -57.965 0.104802
42 -88.7935 -56.6939 -0.246734
43 -95.2934 -55.0263 -0.601577
44 -101.675 -52.9538 -0.959391
45 -107.907 -50.4707 -1.31939
46 -113.957 -47.5723 -1.68071
47 -119.788 -44.2574 -2.04249
48 -125.361 -40.528 -2.40352
49 -130.637 -36.3898 -2.76247
50 -135.573 -31.8528 -3.11762
51 -140.124 -26.9324 -3.46703
52 -144.248 -21.6492 -3.80873
53 -147.898 -16.0302 -4.14057
54 -151.033 -10.1089 -4.4604
55 -153.61 -3.92557 -4.76627
56 -155.591 2.47269 -5.0561
57 -156.944 9.03201 -5.32772
58 -157.641 15.6925 -5.5792
59 -157.662 22.389 -5.80831
60 -156.994 29.0519 -6.013
61 -155.636 35.6088 -6.19145
62 -153.594 41.9862 -6.34175
63 -150.887 48.1109 -6.4626
64 -147.542 53.9121 -6.55301
65 -143.596 59.3231 -6.61214
66 -139.096 64.2836 -6.64032
67 -134.096 68.7407 -6.63799
68 -128.657 72.6504 -6.60599
69 -122.842 75.9789 -6.54627
70 -116.719 78.7019 -6.46054
71 -110.356 80.8058 -6.35073
72 -103.818 82.2868 -6.21944
73 -97.168 83.1494 -6.06849
74 -90.4663 83.4069 -5.89975
75 -83.7662 83.0789 -5.71572
76 -77.1156 82.1907 -5.51828
77 -70.5562 80.7717 -5.30956
78 -64.1232 78.8543 -5.09217
79 -57.8456 76.4726 -4.86802
80 -51.7464 73.6618 -4.63907
81 -45.843 70.457 -4.4073
82 -40.1475 66.8927 -4.17381
83 -34.668 63.0021 -3.93974
84 -29.4082 58.8169 -3.70587
85 -24.3683 54.3673 -3.47265
86 -19.5459 49.6808 -3.24085
87 -14.9363 44.7833 -3.01099
88 -10.5327 39.6982 -2.78344
89 -6.3275 34.4464 -2.55895
90 -2.31202 29.0468 -2.33775
91 1.52311 23.5164 -2.11994
92 5.18757 17.8702 -1.90587
93 8.69139 12.1217 -1.69534
94 12.0447 6.28297 -1.48829
95 15.2577 0.364731 -1.28485
96 18.3399 -5.62365 -1.08481
97 21.3007 -11.6739 -0.88824
98 24.1488 -17.7787 -0.695023
99 26.8919 -23.9321 -0.504704
100 29.5376 -30.1286 -0.317272
101 32.0926 -36.3636 -0.132297
102 34.5631 -42.633 0.0504863
103 36.9553 -48.9332 0.230909
104 39.2753 -55.2609 0.409086
105 41.5287 -61.613 0.585031
106 43.7212 -67.9868 0.75852
107 45.858 -74.38 0.929884
108 47.9434 -80.7906 1.09932
109 49.9812 -87.2168 1.26696
110 51.9747 -93.6572 1.4331
111 53.9263 -100.111 1.59793
112 55.8381 -106.576 1.76137
113 57.712 -113.054 1.92349
114 59.5494 -119.541 2.08433
115 61.3521 -126.039 2.24365
116 63.122 -132.547 2.40158
117 64.8606 -139.063 2.55817
118 66.5695 -145.588 2.71342
119 68.2502 -152.121 2.86767
120 69.9034 -158.661 3.0212
121 71.5299 -165.208 3.17399
122 73.1306 -171.762 3.32634
123 74.7058 -178.323 3.47807
124 76.2558 -184.89 3.62896
125 77.7816 -191.463 3.77903
126 79.2837 -198.042 3.92804
127 80.7632 -204.626 4.07591
128 82.2214 -211.215 4.22288
129 83.6594 -217.809 4.36881
130 85.0779 -224.407 4.51395
131 86.4775 -231.01 4.65862
132 87.8582 -237.617 4.8025
133 89.22 -244.228 4.94578
134 90.563 -250.842 5.08856
135 91.887 -257.461 5.23062
136 93.1924 -264.084 5.37203
137 94.4793 -270.71 5.51292
138 95.7487 -277.339 5.65321
139 97.0011 -283.972 5.79301
140 98.2379 -290.608 5.9323
141 99.4602 -297.247 6.07122
142 100.669 -303.888 6.20976
143 101.865 -310.532 6.34781
144 103.048 -317.179 6.48547
145 104.22 -323.827 6.62291
146 105.38 -330.478 6.75979
147 106.529 -337.131 6.8962
148 107.667 -343.786 7.03223
149 108.796 -350.443 7.16756
150 109.914 -357.102 7.30216
151 111.024 -363.762 7.4363
152 112.125 -370.424 7.56985
153 113.22 -377.087 7.70302
154 114.306 -383.752 7.83609
155 115.385 -390.418 7.96913
156 116.458 -397.085 8.10226
157 117.523 -403.753 8.23564
158 118.583 -410.423 8.36934
159 119.637 -417.093 8.50316
160 120.685 -423.763 8.63677
161 121.729 -430.435 8.77043
162 122.768 -437.107 8.90329
163 123.803 -443.779 9.03565
164 124.836 -450.452 9.16722
165 125.867 -457.126 9.29816
166 126.899 -463.799 9.42924
167 127.93 -470.472 9.56039
168 128.96 -477.146 9.69175

Types

1 1
2 2
3 3
4 4
5 5
6 6
7 7
8 8
9 9
10 10
11 11
12 12
13 13
14 14
15 15
16 16
17 17
18 18
19 19
20 20
21 21
22 22
23 23
24 24
25 25
26 26
27 27
28 28
29 29
30 30
31 31
32 32
33 33
34 34
35 35
36 36
37 37
38 38
39 39
40 40
41 41
42 42
43 43
44 44
45 45
46 46
47 47
48 48
49 49
50 50
51 51
52 52
53 53
54 54
55 55
56 56
57 57
58 58
59 59
60 60
61 61
62 62
63 63
64 64
65 65
66 66
67 67
68 68
69 69
70 70
71 71
72 72
73 73
74 74
75 75
76 76
77 77
78 78
79 79
80 80
81 81
82 82
83 83
84 84
85 85
86 86
87 87
88 88
89 89
90 90
91 91
92 92
93 93
94 94
95 95
96 96
97 97
98 98
99 99
100 100
101 101
102 102
103 103
104 104
105 105
106 106
107 107
108 108
109 109
110 110
111 111
112 112
113 113
114 114
115 115
116 116
117 117
118 118
119 119
120 120
121 121
122 122
123 123
124 124
125 125
126 126
127 127
128 128
129 129
130 130
131 131
132 132
133 133
134 134
135 135
136 136
137 137
138 138
139 139
140 140
141 141
142 142
143 143
144 144
145 145
146 146
147 147
148 148
149 149
150 150
151 151
152 152
153 153
154 154
155 155
156 156
157 157
158 158
159 159
160 160
161 161
162 162
163 163
164 164
165 165
166 166
167 167
168 168

Molecules

1 1
2 1
3 1
4 1
5 1
6 1
7 1
8 1
9 1
10 1
11 1
12 1
13 1
14 1
15 1
16 1
17 1
18 1
19 1
20 1
21 1
22 1
23 1
24 1
25 1
26 1
27 1
28 1
29 1
30 1
31 1
32 1
33 1
34 1
35 1
36 1
37 1
38 1
39 1
40 1
41 1
42 1
43 1
44 1
45 1
46 1
47 1
48 1
49 1
50 1
51 1
52 1
53 1
54 1
55 1
56 1
57 1
58 1
59 1
60 1
61 1
62 1
63 1
64 1
65 1
66 1
67 1
68 1
69 1
70 1
71 1
72 1
73 1
74 1
75 1
76 1
77 1
78 1
79 1
80 1
81 1
82 1
83 1
84 1
85 1
86 1
87 1
88 1
89 1
90 1
91 1
92 1
93 1
94 1
95 1
96 1
97 1
98 1
99 1
100 1
101 1
102 1
103 1
104 1
105 1
106 1
107 1
108 1
109 1
110 1
111 1
112 1
113 1
114 1
115 1
116 1
117 1
118 1
119 1
120 1
121 1
122 1
123 1
124 1
125 1
126 1
127 1
128 1
129 1
130 1
131 1
132 1
133 1
134 1
135 1
136 1
137 1
138 1
139 1
140 1
141 1
142 1
143 1
144 1
145 1
146 1
147 1
148 1
149 1
150 1
151 1
152 1
153 1
154 1
155 1
156 1
157 1
158 1
159 1
160 1
161 1
162 1
163 1
164 1
165 1
166 1
167 1
168 1

Bonds

1 1 1 2 
2 2 2 3 
3 3 3 4 
4 4 4 5 
5 5 5 6 
6 6 6 7 
7 7 7 8 
8 8 8 9 
9 9 9 10 
10 10 10 11 
11 11 11 12 
12 12 12 13 
13 13 13 14 
14 14 14 15 
15 15 15 16 
16 16 16 17 
17 17 17 18 
18 18 18 19 
19 19 19 20 
20 20 20 21 
21 21 21 22 
22 22 22 23 
23 23 23 24 
24 24 24 25 
25 25 25 26 
26 26 26 27 
27 27 27 28 
28 28 28 29 
29 29 29 30 
30 30 30 31 
31 31 31 32 
32 32 32 33 
33 33 33 34 
34 34 34 35 
35 35 35 36 
36 36 36 37 
37 37 37 38 
38 38 38 39 
39 39 39 40 
40 40 40 41 
41 41 41 42 
42 42 42 43 
43 43 43 44 
44 44 44 45 
45 45 45 46 
46 46 46 47 
47 47 47 48 
48 48 48 49 
49 49 49 50 
50 50 50 51 
51 51 51 52 
52 52 52 53 
53 53 53 54 
54 54 54 55 
55 55 55 56 
56 56 56 57 
57 57 57 58 
58 58 58 59 
59 59 59 60 
60 60 60 61 
61 61 61 62 
62 62 62 63 
63 63 63 64 
64 64 64 65 
65 65 65 66 
66 66 66 67 
67 67 67 68 
68 68 68 69 
69 69 69 70 
70 70 70 71 
71 71 71 72 
72 72 72 73 
73 73 73 74 
74 74 74 75 
75 75 75 76 
76 76 76 77 
77 77 77 78 
78 78 78 79 
79 79 79 80 
80 80 80 81 
81 81 81 82 
82 82 82 83 
83 83 83 84 
84 84 84 85 
85 85 85 86 
86 86 86 87 
87 87 87 88 
88 88 88 89 
89 89 89 90 
90 90 90 91 
91 91 91 92 
92 92 92 93 
93 93 93 94 
94 94 94 95 
95 95 95 96 
96 96 96 97 
97 97 97 98 
98 98 98 99 
99 99 99 100 
100 100 100 101 
101 101 101 102 
102 102 102 103 
103 103 103 104 
104 104 104 105 
105 105 105 106 
106 106 106 107 
107 107 107 108 
108 108 108 109 
109 109 109 110 
110 110 110 111 
111 111 111 112 
112 112 112 113 
113 113 113 114 
114 114 114 115 
115 115 115 116 
116 116 116 117 
117 117 117 118 
118 118 118 119 
119 119 119 120 
120 120 120 121 
121 121 121 122 
122 122 122 123 
123 123 123 124 
124 124 124 125 
125 125 125 126 
126 126 126 127 
127 127 127 128 
128 128 128 129 
129 129 129 130 
130 130 130 131 
131 131 131 132 
132 132 132 133 
133 133 133 134 
134 134 134 135 
135 135 135 136 
136 136 136 137 
137 137 137 138 
138 138 138 139 
139 139 139 140 
140 140 140 141 
141 141 141 142 
142 142 142 143 
143 143 143 144 
144 144 144 145 
145 145 145 146 
146 146 146 147 
147 147 147 148 
148 148 148 149 
149 149 149 150 
150 150 150 151 
151 151 151 152 
152 152 152 153 
153 153 153 154 
154 154 154 155 
155 155 155 156 
156 156 156 157 
157 157 157 158 
158 158 158 159 
159 159 159 160 
160 160 160 161 
161 161 161 162 
162 162 162 163 
163 163 163 164 
164 164 164 165 
165 165 165 166 
166 166 166 167 
167 167 167 168 

Angles

1 1 1 2 3 
2 2 2 3 4 
3 3 3 4 5 
4 4 4 5 6 
5 5 5 6 7 
6 6 6 7 8 
7 7 7 8 9 
8 8 8 9 10 
9 9 9 10 11 
10 10 10 11 12 
11 11 11 12 13 
12 12 12 13 14 
13 13 13 14 15 
14 14 14 15 16 
15 15 15 16 17 
16 16 16 17 18 
17 17 17 18 19 
18 18 18 19 20 
19 19 19 20 21 
20 20 20 21 22 
21 21 21 22 23 
22 22 22 23 24 
23 23 23 24 25 
24 24 24 25 26 
25 25 25 26 27 
26 26 26 27 28 
27 27 27 28 29 
28 28 28 29 30 
29 29 29 30 31 
30 30 30 31 32 
31 31 31 32 33 
32 32 32 33 34 
33 33 33 34 35 
34 34 34 35 36 
35 35 35 36 37 
36 36 36 37 38 
37 37 37 38 39 
38 38 38 39 40 
39 39 39 40 41 
40 40 40 41 42 
41 41 41 42 43 
42 42 42 43 44 
43 43 43 44 45 
44 44 44 45 46 
45 45 45 46 47 
46 46 46 47 48 
47 47 47 48 49 
48 48 48 49 50 
49 49 49 50 51 
50 50 50 51 52 
51 51 51 52 53 
52 52 52 53 54 
53 53 53 54 55 
54 54 54 55 56 
55 55 55 56 57 
56 56 56 57 58 
57 57 57 58 59 
58 58 58 59 60 
59 59 59 60 61 
60 60 60 61 62 
61 61 61 62 63 
62 62 62 63 64 
63 63 63 64 65 
64 64 64 65 66 
65 65 65 66 67 
66 66 66 67 68 
67 67 67 68 69 
68 68 68 69 70 
69 69 69 70 71 
70 70 70 71 72 
71 71 71 72 73 
72 72 72 73 74 
73 73 73 74 75 
74 74 74 75 76 
75 75 75 76 77 
76 76 76 77 78 
77 77 77 78 79 
78 78 78 79 80 
79 79 79 80 81 
80 80 80 81 82 
81 81 81 82 83 
82 82 82 83 84 
83 83 83 84 85 
84 84 84 85 86 
85 85 85 86 87 
86 86 86 87 88 
87 87 87 88 89 
88 88 88 89 90 
89 89 89 90 91 
90 90 90 91 92 
91 91 91 92 93 
92 92 92 93 94 
93 93 93 94 95 
94 94 94 95 96 
95 95 95 96 97 
96 96 96 97 98 
97 97 97 98 99 
98 98 98 99 100 
99 99 99 100 101 
100 100 100 101 102 
101 101 101 102 103 
102 102 102 103 104 
103 103 103 104 105 
104 104 104 105 106 
105 105 105 106 107 
106 106 106 107 108 
107 107 107 108 109 
108 108 108 109 110 
109 109 109 110 111 
110 110 110 111 112 
111 111 111 112 113 
112 112 112 113 114 
113 113 113 114 115 
114 114 114 115 116 
115 115 115 116 117 
116 116 116 117 118 
117 117 117 118 119 
118 118 118 119 120 
119 119 119 120 121 
120 120 120 121 122 
121 121 121 122 123 
122 122 122 123 124 
123 123 123 124 125 
124 124 124 125 126 
125 125 125 126 127 
126 126 126 127 128 
127 127 127 128 129 
128 128 128 129 130 
129 129 129 130 131 
130 130 130 131 132 
131 131 131 132 133 
132 132 132 133 134 
133 133 133 134 135 
134 134 134 135 136 
135 135 135 136 137 
136 136 136 137 138 
137 137 137 138 139 
138 138 138 139 140 
139 139 139 140 141 
140 140 140 141 142 
141 141 141 142 143 
142 142 142 143 144 
143 143 143 144 145 
144 144 144 145 146 
145 145 145 146 147 
146 146 146 147 148 
147 147 147 148 149 
148 148 148 149 150 
149 149 149 150 151 
150 150 150 151 152 
151 151 151 152 153 
152 152 152 153 154 
153 153 153 154 155 
154 154 154 155 156 
155 155 155 156 157 
156 156 156 157 158 
157 157 157 158 159 
158 158 158 159 160 
159 159 159 160 161 
160 160 160 161 162 
161 161 161 162 163 
162 162 162 163 164 
163 163 163 164 165 
164 164 164 165 166 
165 165 165 166 167 
166 166 166 167 168 
