# Minimized Production Model for dispRatio of 0.19

168 atoms
167 bonds
166 angles
0 dihedrals
0 impropers


Coords

1 128.96 -90.2831 9.69175
2 123.344 -93.9407 9.46472
3 117.716 -97.5794 9.23656
4 112.063 -101.179 9.00776
5 106.375 -104.722 8.77729
6 100.64 -108.189 8.54385
7 94.8484 -111.56 8.30742
8 88.9927 -114.817 8.06752
9 83.0655 -117.941 7.82357
10 77.0611 -120.911 7.57554
11 70.9754 -123.711 7.32295
12 64.8067 -126.321 7.06557
13 58.5546 -128.724 6.80335
14 52.222 -130.903 6.53583
15 45.8125 -132.844 6.26347
16 39.3318 -134.53 5.9862
17 32.7879 -135.95 5.70393
18 26.1901 -137.09 5.41754
19 19.549 -137.941 5.12706
20 12.8767 -138.495 4.83273
21 6.18604 -138.745 4.53507
22 -0.50916 -138.687 4.23428
23 -7.19463 -138.319 3.93106
24 -13.8562 -137.641 3.62619
25 -20.4793 -136.653 3.32019
26 -27.0501 -135.36 3.01307
27 -33.5551 -133.767 2.70552
28 -39.9814 -131.879 2.39782
29 -46.3173 -129.705 2.09032
30 -52.5519 -127.253 1.78382
31 -58.6751 -124.534 1.47855
32 -64.6776 -121.555 1.17496
33 -70.5515 -118.329 0.873202
34 -76.2908 -114.867 0.573398
35 -81.889 -111.18 0.275737
36 -87.3407 -107.279 -0.019808
37 -92.6418 -103.174 -0.31314
38 -97.789 -98.8765 -0.604048
39 -102.779 -94.3962 -0.892253
40 -107.608 -89.7423 -1.17769
41 -112.274 -84.9245 -1.46048
42 -116.776 -79.951 -1.74063
43 -121.11 -74.8301 -2.01827
44 -125.274 -69.5698 -2.29304
45 -129.266 -64.1774 -2.56517
46 -133.083 -58.6593 -2.83443
47 -136.721 -53.0211 -3.10049
48 -140.177 -47.2689 -3.36356
49 -143.447 -41.4084 -3.62361
50 -146.525 -35.445 -3.88023
51 -149.407 -29.3839 -4.1335
52 -152.086 -23.2305 -4.38314
53 -154.556 -16.99 -4.62863
54 -156.811 -10.6679 -4.86971
55 -158.84 -4.27047 -5.10609
56 -160.637 2.19617 -5.33721
57 -162.192 8.7252 -5.56285
58 -163.495 15.3095 -5.78217
59 -164.535 21.9403 -5.99471
60 -165.303 28.6079 -6.20002
61 -165.788 35.3017 -6.39711
62 -165.979 42.0103 -6.58562
63 -165.866 48.7208 -6.76497
64 -165.439 55.4185 -6.93412
65 -164.686 62.0869 -7.09245
66 -163.6 68.7086 -7.23917
67 -162.172 75.2649 -7.37291
68 -160.395 81.7352 -7.49313
69 -158.263 88.0972 -7.59911
70 -155.775 94.3273 -7.69
71 -152.927 100.401 -7.76514
72 -149.721 106.294 -7.82403
73 -146.161 111.979 -7.86583
74 -142.252 117.429 -7.88985
75 -138.003 122.618 -7.89554
76 -133.426 127.52 -7.88282
77 -128.537 132.11 -7.85131
78 -123.353 136.363 -7.80098
79 -117.895 140.256 -7.73227
80 -112.185 143.769 -7.64559
81 -106.249 146.885 -7.54056
82 -100.115 149.587 -7.41773
83 -93.8095 151.864 -7.27782
84 -87.3641 153.705 -7.12162
85 -80.8089 155.107 -6.94987
86 -74.1746 156.065 -6.76405
87 -67.4912 156.58 -6.56485
88 -60.7884 156.656 -6.35326
89 -54.0944 156.3 -6.13078
90 -47.4358 155.522 -5.89833
91 -40.8375 154.333 -5.65716
92 -34.3225 152.748 -5.40831
93 -27.9115 150.782 -5.15291
94 -21.6229 148.453 -4.89263
95 -15.4729 145.777 -4.6281
96 -9.47454 142.775 -4.36012
97 -3.63885 139.466 -4.08974
98 2.02513 135.869 -3.81792
99 7.51081 132.005 -3.54536
100 12.8137 127.892 -3.27309
101 17.9305 123.547 -3.00163
102 22.8594 118.99 -2.7311
103 27.6005 114.236 -2.4623
104 32.1554 109.303 -2.19527
105 36.5269 104.206 -1.93063
106 40.7177 98.9576 -1.66859
107 44.7323 93.5726 -1.40915
108 48.576 88.0633 -1.1534
109 52.2532 82.4408 -0.900935
110 55.7695 76.7154 -0.651742
111 59.1309 70.8969 -0.406286
112 62.3432 64.9942 -0.164043
113 65.4122 59.0152 0.0742894
114 68.3449 52.9677 0.308785
115 71.1468 46.8579 0.539931
116 73.823 40.6914 0.767732
117 76.3792 34.4736 0.992399
118 78.8214 28.2098 1.21425
119 81.1552 21.9042 1.43299
120 83.3851 15.5606 1.64862
121 85.5165 9.18291 1.86128
122 87.5546 2.77444 2.07053
123 89.5037 -3.66187 2.27677
124 91.3681 -10.1236 2.47999
125 93.1513 -16.6087 2.67948
126 94.8576 -23.115 2.87635
127 96.4903 -29.6405 3.07047
128 98.0532 -36.1834 3.26163
129 99.5498 -42.7422 3.45081
130 100.983 -49.3155 3.63783
131 102.355 -55.9019 3.82313
132 103.669 -62.5003 4.00678
133 104.929 -69.1096 4.18895
134 106.137 -75.7289 4.36943
135 107.294 -82.3576 4.54742
136 108.404 -88.9948 4.72285
137 109.468 -95.6397 4.89623
138 110.488 -102.292 5.06765
139 111.467 -108.95 5.23673
140 112.405 -115.614 5.40386
141 113.306 -122.284 5.56961
142 114.172 -128.958 5.73354
143 115.003 -135.637 5.89634
144 115.802 -142.321 6.05829
145 116.57 -149.008 6.21929
146 117.309 -155.698 6.37928
147 118.02 -162.392 6.53883
148 118.705 -169.088 6.69777
149 119.365 -175.787 6.85522
150 120.002 -182.489 7.01128
151 120.617 -189.192 7.16626
152 121.213 -195.898 7.3195
153 121.789 -202.605 7.47111
154 122.347 -209.314 7.62149
155 122.887 -216.025 7.77109
156 123.413 -222.736 7.92002
157 123.925 -229.449 8.069
158 124.424 -236.163 8.21803
159 124.911 -242.878 8.36707
160 125.387 -249.594 8.51615
161 125.855 -256.31 8.66532
162 126.316 -263.027 8.81406
163 126.768 -269.745 8.96222
164 127.215 -276.463 9.10977
165 127.656 -283.181 9.25621
166 128.095 -289.9 9.40206
167 128.529 -296.619 9.54733
168 128.96 -303.338 9.69175

Types

1 1
2 2
3 3
4 4
5 5
6 6
7 7
8 8
9 9
10 10
11 11
12 12
13 13
14 14
15 15
16 16
17 17
18 18
19 19
20 20
21 21
22 22
23 23
24 24
25 25
26 26
27 27
28 28
29 29
30 30
31 31
32 32
33 33
34 34
35 35
36 36
37 37
38 38
39 39
40 40
41 41
42 42
43 43
44 44
45 45
46 46
47 47
48 48
49 49
50 50
51 51
52 52
53 53
54 54
55 55
56 56
57 57
58 58
59 59
60 60
61 61
62 62
63 63
64 64
65 65
66 66
67 67
68 68
69 69
70 70
71 71
72 72
73 73
74 74
75 75
76 76
77 77
78 78
79 79
80 80
81 81
82 82
83 83
84 84
85 85
86 86
87 87
88 88
89 89
90 90
91 91
92 92
93 93
94 94
95 95
96 96
97 97
98 98
99 99
100 100
101 101
102 102
103 103
104 104
105 105
106 106
107 107
108 108
109 109
110 110
111 111
112 112
113 113
114 114
115 115
116 116
117 117
118 118
119 119
120 120
121 121
122 122
123 123
124 124
125 125
126 126
127 127
128 128
129 129
130 130
131 131
132 132
133 133
134 134
135 135
136 136
137 137
138 138
139 139
140 140
141 141
142 142
143 143
144 144
145 145
146 146
147 147
148 148
149 149
150 150
151 151
152 152
153 153
154 154
155 155
156 156
157 157
158 158
159 159
160 160
161 161
162 162
163 163
164 164
165 165
166 166
167 167
168 168

Molecules

1 1
2 1
3 1
4 1
5 1
6 1
7 1
8 1
9 1
10 1
11 1
12 1
13 1
14 1
15 1
16 1
17 1
18 1
19 1
20 1
21 1
22 1
23 1
24 1
25 1
26 1
27 1
28 1
29 1
30 1
31 1
32 1
33 1
34 1
35 1
36 1
37 1
38 1
39 1
40 1
41 1
42 1
43 1
44 1
45 1
46 1
47 1
48 1
49 1
50 1
51 1
52 1
53 1
54 1
55 1
56 1
57 1
58 1
59 1
60 1
61 1
62 1
63 1
64 1
65 1
66 1
67 1
68 1
69 1
70 1
71 1
72 1
73 1
74 1
75 1
76 1
77 1
78 1
79 1
80 1
81 1
82 1
83 1
84 1
85 1
86 1
87 1
88 1
89 1
90 1
91 1
92 1
93 1
94 1
95 1
96 1
97 1
98 1
99 1
100 1
101 1
102 1
103 1
104 1
105 1
106 1
107 1
108 1
109 1
110 1
111 1
112 1
113 1
114 1
115 1
116 1
117 1
118 1
119 1
120 1
121 1
122 1
123 1
124 1
125 1
126 1
127 1
128 1
129 1
130 1
131 1
132 1
133 1
134 1
135 1
136 1
137 1
138 1
139 1
140 1
141 1
142 1
143 1
144 1
145 1
146 1
147 1
148 1
149 1
150 1
151 1
152 1
153 1
154 1
155 1
156 1
157 1
158 1
159 1
160 1
161 1
162 1
163 1
164 1
165 1
166 1
167 1
168 1

Bonds

1 1 1 2 
2 2 2 3 
3 3 3 4 
4 4 4 5 
5 5 5 6 
6 6 6 7 
7 7 7 8 
8 8 8 9 
9 9 9 10 
10 10 10 11 
11 11 11 12 
12 12 12 13 
13 13 13 14 
14 14 14 15 
15 15 15 16 
16 16 16 17 
17 17 17 18 
18 18 18 19 
19 19 19 20 
20 20 20 21 
21 21 21 22 
22 22 22 23 
23 23 23 24 
24 24 24 25 
25 25 25 26 
26 26 26 27 
27 27 27 28 
28 28 28 29 
29 29 29 30 
30 30 30 31 
31 31 31 32 
32 32 32 33 
33 33 33 34 
34 34 34 35 
35 35 35 36 
36 36 36 37 
37 37 37 38 
38 38 38 39 
39 39 39 40 
40 40 40 41 
41 41 41 42 
42 42 42 43 
43 43 43 44 
44 44 44 45 
45 45 45 46 
46 46 46 47 
47 47 47 48 
48 48 48 49 
49 49 49 50 
50 50 50 51 
51 51 51 52 
52 52 52 53 
53 53 53 54 
54 54 54 55 
55 55 55 56 
56 56 56 57 
57 57 57 58 
58 58 58 59 
59 59 59 60 
60 60 60 61 
61 61 61 62 
62 62 62 63 
63 63 63 64 
64 64 64 65 
65 65 65 66 
66 66 66 67 
67 67 67 68 
68 68 68 69 
69 69 69 70 
70 70 70 71 
71 71 71 72 
72 72 72 73 
73 73 73 74 
74 74 74 75 
75 75 75 76 
76 76 76 77 
77 77 77 78 
78 78 78 79 
79 79 79 80 
80 80 80 81 
81 81 81 82 
82 82 82 83 
83 83 83 84 
84 84 84 85 
85 85 85 86 
86 86 86 87 
87 87 87 88 
88 88 88 89 
89 89 89 90 
90 90 90 91 
91 91 91 92 
92 92 92 93 
93 93 93 94 
94 94 94 95 
95 95 95 96 
96 96 96 97 
97 97 97 98 
98 98 98 99 
99 99 99 100 
100 100 100 101 
101 101 101 102 
102 102 102 103 
103 103 103 104 
104 104 104 105 
105 105 105 106 
106 106 106 107 
107 107 107 108 
108 108 108 109 
109 109 109 110 
110 110 110 111 
111 111 111 112 
112 112 112 113 
113 113 113 114 
114 114 114 115 
115 115 115 116 
116 116 116 117 
117 117 117 118 
118 118 118 119 
119 119 119 120 
120 120 120 121 
121 121 121 122 
122 122 122 123 
123 123 123 124 
124 124 124 125 
125 125 125 126 
126 126 126 127 
127 127 127 128 
128 128 128 129 
129 129 129 130 
130 130 130 131 
131 131 131 132 
132 132 132 133 
133 133 133 134 
134 134 134 135 
135 135 135 136 
136 136 136 137 
137 137 137 138 
138 138 138 139 
139 139 139 140 
140 140 140 141 
141 141 141 142 
142 142 142 143 
143 143 143 144 
144 144 144 145 
145 145 145 146 
146 146 146 147 
147 147 147 148 
148 148 148 149 
149 149 149 150 
150 150 150 151 
151 151 151 152 
152 152 152 153 
153 153 153 154 
154 154 154 155 
155 155 155 156 
156 156 156 157 
157 157 157 158 
158 158 158 159 
159 159 159 160 
160 160 160 161 
161 161 161 162 
162 162 162 163 
163 163 163 164 
164 164 164 165 
165 165 165 166 
166 166 166 167 
167 167 167 168 

Angles

1 1 1 2 3 
2 2 2 3 4 
3 3 3 4 5 
4 4 4 5 6 
5 5 5 6 7 
6 6 6 7 8 
7 7 7 8 9 
8 8 8 9 10 
9 9 9 10 11 
10 10 10 11 12 
11 11 11 12 13 
12 12 12 13 14 
13 13 13 14 15 
14 14 14 15 16 
15 15 15 16 17 
16 16 16 17 18 
17 17 17 18 19 
18 18 18 19 20 
19 19 19 20 21 
20 20 20 21 22 
21 21 21 22 23 
22 22 22 23 24 
23 23 23 24 25 
24 24 24 25 26 
25 25 25 26 27 
26 26 26 27 28 
27 27 27 28 29 
28 28 28 29 30 
29 29 29 30 31 
30 30 30 31 32 
31 31 31 32 33 
32 32 32 33 34 
33 33 33 34 35 
34 34 34 35 36 
35 35 35 36 37 
36 36 36 37 38 
37 37 37 38 39 
38 38 38 39 40 
39 39 39 40 41 
40 40 40 41 42 
41 41 41 42 43 
42 42 42 43 44 
43 43 43 44 45 
44 44 44 45 46 
45 45 45 46 47 
46 46 46 47 48 
47 47 47 48 49 
48 48 48 49 50 
49 49 49 50 51 
50 50 50 51 52 
51 51 51 52 53 
52 52 52 53 54 
53 53 53 54 55 
54 54 54 55 56 
55 55 55 56 57 
56 56 56 57 58 
57 57 57 58 59 
58 58 58 59 60 
59 59 59 60 61 
60 60 60 61 62 
61 61 61 62 63 
62 62 62 63 64 
63 63 63 64 65 
64 64 64 65 66 
65 65 65 66 67 
66 66 66 67 68 
67 67 67 68 69 
68 68 68 69 70 
69 69 69 70 71 
70 70 70 71 72 
71 71 71 72 73 
72 72 72 73 74 
73 73 73 74 75 
74 74 74 75 76 
75 75 75 76 77 
76 76 76 77 78 
77 77 77 78 79 
78 78 78 79 80 
79 79 79 80 81 
80 80 80 81 82 
81 81 81 82 83 
82 82 82 83 84 
83 83 83 84 85 
84 84 84 85 86 
85 85 85 86 87 
86 86 86 87 88 
87 87 87 88 89 
88 88 88 89 90 
89 89 89 90 91 
90 90 90 91 92 
91 91 91 92 93 
92 92 92 93 94 
93 93 93 94 95 
94 94 94 95 96 
95 95 95 96 97 
96 96 96 97 98 
97 97 97 98 99 
98 98 98 99 100 
99 99 99 100 101 
100 100 100 101 102 
101 101 101 102 103 
102 102 102 103 104 
103 103 103 104 105 
104 104 104 105 106 
105 105 105 106 107 
106 106 106 107 108 
107 107 107 108 109 
108 108 108 109 110 
109 109 109 110 111 
110 110 110 111 112 
111 111 111 112 113 
112 112 112 113 114 
113 113 113 114 115 
114 114 114 115 116 
115 115 115 116 117 
116 116 116 117 118 
117 117 117 118 119 
118 118 118 119 120 
119 119 119 120 121 
120 120 120 121 122 
121 121 121 122 123 
122 122 122 123 124 
123 123 123 124 125 
124 124 124 125 126 
125 125 125 126 127 
126 126 126 127 128 
127 127 127 128 129 
128 128 128 129 130 
129 129 129 130 131 
130 130 130 131 132 
131 131 131 132 133 
132 132 132 133 134 
133 133 133 134 135 
134 134 134 135 136 
135 135 135 136 137 
136 136 136 137 138 
137 137 137 138 139 
138 138 138 139 140 
139 139 139 140 141 
140 140 140 141 142 
141 141 141 142 143 
142 142 142 143 144 
143 143 143 144 145 
144 144 144 145 146 
145 145 145 146 147 
146 146 146 147 148 
147 147 147 148 149 
148 148 148 149 150 
149 149 149 150 151 
150 150 150 151 152 
151 151 151 152 153 
152 152 152 153 154 
153 153 153 154 155 
154 154 154 155 156 
155 155 155 156 157 
156 156 156 157 158 
157 157 157 158 159 
158 158 158 159 160 
159 159 159 160 161 
160 160 160 161 162 
161 161 161 162 163 
162 162 162 163 164 
163 163 163 164 165 
164 164 164 165 166 
165 165 165 166 167 
166 166 166 167 168 
