# Minimized Production Model for dispRatio of 0.75

84 atoms
83 bonds
82 angles
0 dihedrals
0 impropers


Coords

1 -0.0130603 22.6681 -11.8584
2 9.17669 20.2408 -2.26347
3 18.3586 17.7623 7.32611
4 27.5258 15.1859 16.9042
5 36.6712 12.4665 26.4626
6 45.7884 9.55953 35.9915
7 54.8705 6.42193 45.4805
8 63.9116 3.01654 54.9172
9 72.9032 -0.694149 64.287
10 81.8326 -4.74395 73.5753
11 90.6881 -9.16191 82.7653
12 99.4545 -13.9812 91.8358
13 108.115 -19.2356 100.765
14 116.652 -24.9534 109.525
15 125.046 -31.156 118.091
16 133.272 -37.8645 126.434
17 141.305 -45.0952 134.524
18 149.117 -52.8582 142.331
19 156.681 -61.1565 149.827
20 163.972 -69.9843 156.981
21 170.962 -79.3302 163.765
22 177.629 -89.1782 170.152
23 183.948 -99.5089 176.115
24 189.895 -110.299 181.63
25 195.449 -121.518 186.679
26 200.59 -133.133 191.245
27 205.296 -145.113 195.313
28 209.548 -157.42 198.87
29 213.331 -170.017 201.907
30 216.636 -182.862 204.419
31 219.458 -195.913 206.41
32 221.792 -209.127 207.887
33 223.64 -222.465 208.863
34 225.002 -235.89 209.353
35 225.887 -249.363 209.374
36 226.304 -262.853 208.947
37 226.263 -276.33 208.093
38 225.779 -289.767 206.835
39 224.868 -303.14 205.192
40 223.548 -316.43 203.183
41 221.844 -329.618 200.823
42 219.777 -342.691 198.133
43 217.367 -355.636 195.133
44 214.643 -368.448 191.841
45 211.622 -381.12 188.275
46 208.325 -393.648 184.454
47 204.773 -406.032 180.395
48 200.984 -418.27 176.118
49 196.978 -430.367 171.644
50 192.769 -442.327 166.99
51 188.374 -454.154 162.174
52 183.807 -465.854 157.211
53 179.079 -477.433 152.117
54 174.202 -488.902 146.914
55 169.19 -500.271 141.62
56 164.053 -511.55 136.256
57 158.804 -522.752 130.839
58 153.456 -533.888 125.382
59 148.019 -544.968 119.901
60 142.501 -556.003 114.412
61 136.911 -567.004 108.926
62 131.253 -577.977 103.452
63 125.534 -588.926 97.9934
64 119.758 -599.852 92.5504
65 113.929 -610.762 87.1278
66 108.054 -621.658 81.7281
67 102.137 -632.544 76.3529
68 96.1827 -643.422 71.0043
69 90.1929 -654.294 65.68
70 84.1748 -665.164 60.3829
71 78.1357 -676.037 55.1149
72 72.083 -686.917 49.8765
73 66.0255 -697.808 44.666
74 59.9704 -708.712 39.479
75 53.9233 -719.629 34.3099
76 47.886 -730.56 29.1568
77 41.8622 -741.504 24.015
78 35.8556 -752.462 18.8812
79 29.8583 -763.427 13.7515
80 23.872 -774.4 8.62436
81 17.8933 -785.379 3.49883
82 11.9218 -796.363 -1.6232
83 5.95136 -807.348 -6.74114
84 -0.0130603 -818.338 -11.8584

Types

1 1
2 2
3 3
4 4
5 5
6 6
7 7
8 8
9 9
10 10
11 11
12 12
13 13
14 14
15 15
16 16
17 17
18 18
19 19
20 20
21 21
22 22
23 23
24 24
25 25
26 26
27 27
28 28
29 29
30 30
31 31
32 32
33 33
34 34
35 35
36 36
37 37
38 38
39 39
40 40
41 41
42 42
43 43
44 44
45 45
46 46
47 47
48 48
49 49
50 50
51 51
52 52
53 53
54 54
55 55
56 56
57 57
58 58
59 59
60 60
61 61
62 62
63 63
64 64
65 65
66 66
67 67
68 68
69 69
70 70
71 71
72 72
73 73
74 74
75 75
76 76
77 77
78 78
79 79
80 80
81 81
82 82
83 83
84 84

Molecules

1 1
2 1
3 1
4 1
5 1
6 1
7 1
8 1
9 1
10 1
11 1
12 1
13 1
14 1
15 1
16 1
17 1
18 1
19 1
20 1
21 1
22 1
23 1
24 1
25 1
26 1
27 1
28 1
29 1
30 1
31 1
32 1
33 1
34 1
35 1
36 1
37 1
38 1
39 1
40 1
41 1
42 1
43 1
44 1
45 1
46 1
47 1
48 1
49 1
50 1
51 1
52 1
53 1
54 1
55 1
56 1
57 1
58 1
59 1
60 1
61 1
62 1
63 1
64 1
65 1
66 1
67 1
68 1
69 1
70 1
71 1
72 1
73 1
74 1
75 1
76 1
77 1
78 1
79 1
80 1
81 1
82 1
83 1
84 1

Bonds

1 1 1 2 
2 2 2 3 
3 3 3 4 
4 4 4 5 
5 5 5 6 
6 6 6 7 
7 7 7 8 
8 8 8 9 
9 9 9 10 
10 10 10 11 
11 11 11 12 
12 12 12 13 
13 13 13 14 
14 14 14 15 
15 15 15 16 
16 16 16 17 
17 17 17 18 
18 18 18 19 
19 19 19 20 
20 20 20 21 
21 21 21 22 
22 22 22 23 
23 23 23 24 
24 24 24 25 
25 25 25 26 
26 26 26 27 
27 27 27 28 
28 28 28 29 
29 29 29 30 
30 30 30 31 
31 31 31 32 
32 32 32 33 
33 33 33 34 
34 34 34 35 
35 35 35 36 
36 36 36 37 
37 37 37 38 
38 38 38 39 
39 39 39 40 
40 40 40 41 
41 41 41 42 
42 42 42 43 
43 43 43 44 
44 44 44 45 
45 45 45 46 
46 46 46 47 
47 47 47 48 
48 48 48 49 
49 49 49 50 
50 50 50 51 
51 51 51 52 
52 52 52 53 
53 53 53 54 
54 54 54 55 
55 55 55 56 
56 56 56 57 
57 57 57 58 
58 58 58 59 
59 59 59 60 
60 60 60 61 
61 61 61 62 
62 62 62 63 
63 63 63 64 
64 64 64 65 
65 65 65 66 
66 66 66 67 
67 67 67 68 
68 68 68 69 
69 69 69 70 
70 70 70 71 
71 71 71 72 
72 72 72 73 
73 73 73 74 
74 74 74 75 
75 75 75 76 
76 76 76 77 
77 77 77 78 
78 78 78 79 
79 79 79 80 
80 80 80 81 
81 81 81 82 
82 82 82 83 
83 83 83 84 

Angles

1 1 1 2 3 
2 2 2 3 4 
3 3 3 4 5 
4 4 4 5 6 
5 5 5 6 7 
6 6 6 7 8 
7 7 7 8 9 
8 8 8 9 10 
9 9 9 10 11 
10 10 10 11 12 
11 11 11 12 13 
12 12 12 13 14 
13 13 13 14 15 
14 14 14 15 16 
15 15 15 16 17 
16 16 16 17 18 
17 17 17 18 19 
18 18 18 19 20 
19 19 19 20 21 
20 20 20 21 22 
21 21 21 22 23 
22 22 22 23 24 
23 23 23 24 25 
24 24 24 25 26 
25 25 25 26 27 
26 26 26 27 28 
27 27 27 28 29 
28 28 28 29 30 
29 29 29 30 31 
30 30 30 31 32 
31 31 31 32 33 
32 32 32 33 34 
33 33 33 34 35 
34 34 34 35 36 
35 35 35 36 37 
36 36 36 37 38 
37 37 37 38 39 
38 38 38 39 40 
39 39 39 40 41 
40 40 40 41 42 
41 41 41 42 43 
42 42 42 43 44 
43 43 43 44 45 
44 44 44 45 46 
45 45 45 46 47 
46 46 46 47 48 
47 47 47 48 49 
48 48 48 49 50 
49 49 49 50 51 
50 50 50 51 52 
51 51 51 52 53 
52 52 52 53 54 
53 53 53 54 55 
54 54 54 55 56 
55 55 55 56 57 
56 56 56 57 58 
57 57 57 58 59 
58 58 58 59 60 
59 59 59 60 61 
60 60 60 61 62 
61 61 61 62 63 
62 62 62 63 64 
63 63 63 64 65 
64 64 64 65 66 
65 65 65 66 67 
66 66 66 67 68 
67 67 67 68 69 
68 68 68 69 70 
69 69 69 70 71 
70 70 70 71 72 
71 71 71 72 73 
72 72 72 73 74 
73 73 73 74 75 
74 74 74 75 76 
75 75 75 76 77 
76 76 76 77 78 
77 77 77 78 79 
78 78 78 79 80 
79 79 79 80 81 
80 80 80 81 82 
81 81 81 82 83 
82 82 82 83 84 
