# Minimized Production Model for dispRatio of 0.97

168 atoms
167 bonds
166 angles
0 dihedrals
0 impropers


Coords

1 128.96 347.04 9.69175
2 125.407 341.262 9.68792
3 121.857 335.483 9.68371
4 118.311 329.701 9.67892
5 114.77 323.916 9.67271
6 111.235 318.128 9.66541
7 107.71 312.334 9.65592
8 104.195 306.535 9.64463
9 100.693 300.727 9.63113
10 97.2048 294.912 9.61533
11 93.7338 289.086 9.59737
12 90.2817 283.25 9.57682
13 86.8504 277.401 9.55359
14 83.4411 271.54 9.52745
15 80.0565 265.664 9.4982
16 76.6982 259.773 9.46519
17 73.3678 253.867 9.42789
18 70.0681 247.944 9.38547
19 66.8012 242.002 9.33686
20 63.5691 236.042 9.28179
21 60.3743 230.062 9.21961
22 57.2188 224.062 9.15085
23 54.105 218.039 9.07578
24 51.0345 211.995 8.9952
25 48.0097 205.928 8.90955
26 45.0333 199.837 8.81847
27 42.1077 193.721 8.72272
28 39.236 187.58 8.62149
29 36.4211 181.412 8.51452
30 33.6655 175.218 8.40171
31 30.9719 168.996 8.28258
32 28.3423 162.747 8.15765
33 25.7787 156.471 8.02619
34 23.2824 150.168 7.88857
35 20.8556 143.838 7.74457
36 18.5002 137.481 7.59374
37 16.2179 131.098 7.43663
38 14.0118 124.688 7.27309
39 11.884 118.252 7.10389
40 9.83736 111.789 6.92933
41 7.87435 105.301 6.74984
42 5.99653 98.7874 6.56609
43 4.2061 92.2494 6.3777
44 2.50356 85.6881 6.18524
45 0.890182 79.1043 5.98908
46 -0.63314 72.4993 5.78951
47 -2.06582 65.8742 5.58768
48 -3.40604 59.23 5.38335
49 -4.65297 52.5679 5.17694
50 -5.80526 45.889 4.96857
51 -6.86209 39.1945 4.75787
52 -7.82325 32.4856 4.54557
53 -8.68872 25.7637 4.33134
54 -9.45906 19.0303 4.11643
55 -10.1345 12.2864 3.90188
56 -10.7153 5.53355 3.68783
57 -11.2025 -1.22702 3.47588
58 -11.5966 -7.994 3.26603
59 -11.8979 -14.7661 3.05846
60 -12.1075 -21.542 2.85337
61 -12.2266 -28.3205 2.65053
62 -12.2569 -35.1004 2.4503
63 -12.1997 -41.8806 2.2523
64 -12.0565 -48.6598 2.05704
65 -11.8295 -55.4372 1.8651
66 -11.5201 -62.2117 1.67665
67 -11.1312 -68.9827 1.49232
68 -10.6641 -75.7493 1.31267
69 -10.122 -82.511 1.1382
70 -9.50793 -89.2671 0.969937
71 -8.8232 -96.0172 0.808164
72 -8.07092 -102.761 0.653287
73 -7.25236 -109.497 0.50617
74 -6.3702 -116.226 0.366656
75 -5.42709 -122.948 0.234616
76 -4.42456 -129.661 0.109785
77 -3.36656 -136.367 -0.00716062
78 -2.25522 -143.064 -0.116766
79 -1.09355 -149.753 -0.219086
80 0.11445 -156.435 -0.313501
81 1.36722 -163.109 -0.400621
82 2.66102 -169.775 -0.47993
83 3.99365 -176.434 -0.552229
84 5.36299 -183.087 -0.616969
85 6.7667 -189.732 -0.674291
86 8.20351 -196.371 -0.724071
87 9.6704 -203.003 -0.764841
88 11.1653 -209.63 -0.797167
89 12.6858 -216.251 -0.820465
90 14.2291 -222.867 -0.834387
91 15.7931 -229.478 -0.839533
92 17.3754 -236.086 -0.836623
93 18.9742 -242.689 -0.826489
94 20.5887 -249.289 -0.808903
95 22.2165 -255.885 -0.784559
96 23.8562 -262.479 -0.754225
97 25.506 -269.071 -0.717204
98 27.164 -275.661 -0.672923
99 28.8282 -282.25 -0.621904
100 30.4964 -288.838 -0.563442
101 32.1678 -295.426 -0.497604
102 33.8414 -302.013 -0.424629
103 35.5158 -308.601 -0.34459
104 37.1909 -315.189 -0.258572
105 38.8651 -321.777 -0.165874
106 40.5377 -328.366 -0.0675982
107 42.207 -334.956 0.0361762
108 43.8722 -341.548 0.144759
109 45.5319 -348.14 0.257816
110 47.1843 -354.735 0.374838
111 48.8305 -361.332 0.495869
112 50.4698 -367.931 0.62087
113 52.1012 -374.532 0.749809
114 53.7245 -381.134 0.88339
115 55.3394 -387.74 1.02093
116 56.9456 -394.347 1.16251
117 58.5426 -400.957 1.30716
118 60.1295 -407.57 1.45533
119 61.7066 -414.185 1.60657
120 63.2743 -420.802 1.76052
121 64.8324 -427.422 1.91792
122 66.3809 -434.044 2.07784
123 67.9192 -440.668 2.2404
124 69.448 -447.295 2.4051
125 70.9666 -453.924 2.57078
126 72.4748 -460.556 2.73769
127 73.9721 -467.19 2.90456
128 75.4592 -473.826 3.07267
129 76.9366 -480.465 3.24083
130 78.4036 -487.106 3.41003
131 79.8603 -493.75 3.58012
132 81.3075 -500.396 3.75054
133 82.7448 -507.044 3.9223
134 84.1723 -513.694 4.09419
135 85.5902 -520.347 4.26634
136 86.9989 -527.001 4.43899
137 88.4001 -533.657 4.61118
138 89.7922 -540.315 4.78421
139 91.1775 -546.975 4.95684
140 92.5569 -553.636 5.12938
141 93.928 -560.299 5.30152
142 95.2918 -566.964 5.47262
143 96.6489 -573.631 5.64315
144 97.9981 -580.299 5.81169
145 99.3405 -586.97 5.97967
146 100.674 -593.642 6.1474
147 102.001 -600.316 6.31359
148 103.324 -606.991 6.48027
149 104.64 -613.667 6.64745
150 105.951 -620.344 6.81382
151 107.258 -627.022 6.98055
152 108.561 -633.702 7.14643
153 109.859 -640.382 7.31073
154 111.153 -647.062 7.47381
155 112.442 -653.744 7.63551
156 113.728 -660.427 7.79539
157 115.009 -667.111 7.95425
158 116.287 -673.795 8.11212
159 117.562 -680.48 8.26964
160 118.834 -687.165 8.42807
161 120.105 -693.851 8.58736
162 121.373 -700.538 8.7472
163 122.64 -707.224 8.90646
164 123.905 -713.911 9.06559
165 125.168 -720.599 9.22206
166 126.432 -727.286 9.37902
167 127.696 -733.974 9.53561
168 128.96 -740.661 9.69175

Types

1 1
2 2
3 3
4 4
5 5
6 6
7 7
8 8
9 9
10 10
11 11
12 12
13 13
14 14
15 15
16 16
17 17
18 18
19 19
20 20
21 21
22 22
23 23
24 24
25 25
26 26
27 27
28 28
29 29
30 30
31 31
32 32
33 33
34 34
35 35
36 36
37 37
38 38
39 39
40 40
41 41
42 42
43 43
44 44
45 45
46 46
47 47
48 48
49 49
50 50
51 51
52 52
53 53
54 54
55 55
56 56
57 57
58 58
59 59
60 60
61 61
62 62
63 63
64 64
65 65
66 66
67 67
68 68
69 69
70 70
71 71
72 72
73 73
74 74
75 75
76 76
77 77
78 78
79 79
80 80
81 81
82 82
83 83
84 84
85 85
86 86
87 87
88 88
89 89
90 90
91 91
92 92
93 93
94 94
95 95
96 96
97 97
98 98
99 99
100 100
101 101
102 102
103 103
104 104
105 105
106 106
107 107
108 108
109 109
110 110
111 111
112 112
113 113
114 114
115 115
116 116
117 117
118 118
119 119
120 120
121 121
122 122
123 123
124 124
125 125
126 126
127 127
128 128
129 129
130 130
131 131
132 132
133 133
134 134
135 135
136 136
137 137
138 138
139 139
140 140
141 141
142 142
143 143
144 144
145 145
146 146
147 147
148 148
149 149
150 150
151 151
152 152
153 153
154 154
155 155
156 156
157 157
158 158
159 159
160 160
161 161
162 162
163 163
164 164
165 165
166 166
167 167
168 168

Molecules

1 1
2 1
3 1
4 1
5 1
6 1
7 1
8 1
9 1
10 1
11 1
12 1
13 1
14 1
15 1
16 1
17 1
18 1
19 1
20 1
21 1
22 1
23 1
24 1
25 1
26 1
27 1
28 1
29 1
30 1
31 1
32 1
33 1
34 1
35 1
36 1
37 1
38 1
39 1
40 1
41 1
42 1
43 1
44 1
45 1
46 1
47 1
48 1
49 1
50 1
51 1
52 1
53 1
54 1
55 1
56 1
57 1
58 1
59 1
60 1
61 1
62 1
63 1
64 1
65 1
66 1
67 1
68 1
69 1
70 1
71 1
72 1
73 1
74 1
75 1
76 1
77 1
78 1
79 1
80 1
81 1
82 1
83 1
84 1
85 1
86 1
87 1
88 1
89 1
90 1
91 1
92 1
93 1
94 1
95 1
96 1
97 1
98 1
99 1
100 1
101 1
102 1
103 1
104 1
105 1
106 1
107 1
108 1
109 1
110 1
111 1
112 1
113 1
114 1
115 1
116 1
117 1
118 1
119 1
120 1
121 1
122 1
123 1
124 1
125 1
126 1
127 1
128 1
129 1
130 1
131 1
132 1
133 1
134 1
135 1
136 1
137 1
138 1
139 1
140 1
141 1
142 1
143 1
144 1
145 1
146 1
147 1
148 1
149 1
150 1
151 1
152 1
153 1
154 1
155 1
156 1
157 1
158 1
159 1
160 1
161 1
162 1
163 1
164 1
165 1
166 1
167 1
168 1

Bonds

1 1 1 2 
2 2 2 3 
3 3 3 4 
4 4 4 5 
5 5 5 6 
6 6 6 7 
7 7 7 8 
8 8 8 9 
9 9 9 10 
10 10 10 11 
11 11 11 12 
12 12 12 13 
13 13 13 14 
14 14 14 15 
15 15 15 16 
16 16 16 17 
17 17 17 18 
18 18 18 19 
19 19 19 20 
20 20 20 21 
21 21 21 22 
22 22 22 23 
23 23 23 24 
24 24 24 25 
25 25 25 26 
26 26 26 27 
27 27 27 28 
28 28 28 29 
29 29 29 30 
30 30 30 31 
31 31 31 32 
32 32 32 33 
33 33 33 34 
34 34 34 35 
35 35 35 36 
36 36 36 37 
37 37 37 38 
38 38 38 39 
39 39 39 40 
40 40 40 41 
41 41 41 42 
42 42 42 43 
43 43 43 44 
44 44 44 45 
45 45 45 46 
46 46 46 47 
47 47 47 48 
48 48 48 49 
49 49 49 50 
50 50 50 51 
51 51 51 52 
52 52 52 53 
53 53 53 54 
54 54 54 55 
55 55 55 56 
56 56 56 57 
57 57 57 58 
58 58 58 59 
59 59 59 60 
60 60 60 61 
61 61 61 62 
62 62 62 63 
63 63 63 64 
64 64 64 65 
65 65 65 66 
66 66 66 67 
67 67 67 68 
68 68 68 69 
69 69 69 70 
70 70 70 71 
71 71 71 72 
72 72 72 73 
73 73 73 74 
74 74 74 75 
75 75 75 76 
76 76 76 77 
77 77 77 78 
78 78 78 79 
79 79 79 80 
80 80 80 81 
81 81 81 82 
82 82 82 83 
83 83 83 84 
84 84 84 85 
85 85 85 86 
86 86 86 87 
87 87 87 88 
88 88 88 89 
89 89 89 90 
90 90 90 91 
91 91 91 92 
92 92 92 93 
93 93 93 94 
94 94 94 95 
95 95 95 96 
96 96 96 97 
97 97 97 98 
98 98 98 99 
99 99 99 100 
100 100 100 101 
101 101 101 102 
102 102 102 103 
103 103 103 104 
104 104 104 105 
105 105 105 106 
106 106 106 107 
107 107 107 108 
108 108 108 109 
109 109 109 110 
110 110 110 111 
111 111 111 112 
112 112 112 113 
113 113 113 114 
114 114 114 115 
115 115 115 116 
116 116 116 117 
117 117 117 118 
118 118 118 119 
119 119 119 120 
120 120 120 121 
121 121 121 122 
122 122 122 123 
123 123 123 124 
124 124 124 125 
125 125 125 126 
126 126 126 127 
127 127 127 128 
128 128 128 129 
129 129 129 130 
130 130 130 131 
131 131 131 132 
132 132 132 133 
133 133 133 134 
134 134 134 135 
135 135 135 136 
136 136 136 137 
137 137 137 138 
138 138 138 139 
139 139 139 140 
140 140 140 141 
141 141 141 142 
142 142 142 143 
143 143 143 144 
144 144 144 145 
145 145 145 146 
146 146 146 147 
147 147 147 148 
148 148 148 149 
149 149 149 150 
150 150 150 151 
151 151 151 152 
152 152 152 153 
153 153 153 154 
154 154 154 155 
155 155 155 156 
156 156 156 157 
157 157 157 158 
158 158 158 159 
159 159 159 160 
160 160 160 161 
161 161 161 162 
162 162 162 163 
163 163 163 164 
164 164 164 165 
165 165 165 166 
166 166 166 167 
167 167 167 168 

Angles

1 1 1 2 3 
2 2 2 3 4 
3 3 3 4 5 
4 4 4 5 6 
5 5 5 6 7 
6 6 6 7 8 
7 7 7 8 9 
8 8 8 9 10 
9 9 9 10 11 
10 10 10 11 12 
11 11 11 12 13 
12 12 12 13 14 
13 13 13 14 15 
14 14 14 15 16 
15 15 15 16 17 
16 16 16 17 18 
17 17 17 18 19 
18 18 18 19 20 
19 19 19 20 21 
20 20 20 21 22 
21 21 21 22 23 
22 22 22 23 24 
23 23 23 24 25 
24 24 24 25 26 
25 25 25 26 27 
26 26 26 27 28 
27 27 27 28 29 
28 28 28 29 30 
29 29 29 30 31 
30 30 30 31 32 
31 31 31 32 33 
32 32 32 33 34 
33 33 33 34 35 
34 34 34 35 36 
35 35 35 36 37 
36 36 36 37 38 
37 37 37 38 39 
38 38 38 39 40 
39 39 39 40 41 
40 40 40 41 42 
41 41 41 42 43 
42 42 42 43 44 
43 43 43 44 45 
44 44 44 45 46 
45 45 45 46 47 
46 46 46 47 48 
47 47 47 48 49 
48 48 48 49 50 
49 49 49 50 51 
50 50 50 51 52 
51 51 51 52 53 
52 52 52 53 54 
53 53 53 54 55 
54 54 54 55 56 
55 55 55 56 57 
56 56 56 57 58 
57 57 57 58 59 
58 58 58 59 60 
59 59 59 60 61 
60 60 60 61 62 
61 61 61 62 63 
62 62 62 63 64 
63 63 63 64 65 
64 64 64 65 66 
65 65 65 66 67 
66 66 66 67 68 
67 67 67 68 69 
68 68 68 69 70 
69 69 69 70 71 
70 70 70 71 72 
71 71 71 72 73 
72 72 72 73 74 
73 73 73 74 75 
74 74 74 75 76 
75 75 75 76 77 
76 76 76 77 78 
77 77 77 78 79 
78 78 78 79 80 
79 79 79 80 81 
80 80 80 81 82 
81 81 81 82 83 
82 82 82 83 84 
83 83 83 84 85 
84 84 84 85 86 
85 85 85 86 87 
86 86 86 87 88 
87 87 87 88 89 
88 88 88 89 90 
89 89 89 90 91 
90 90 90 91 92 
91 91 91 92 93 
92 92 92 93 94 
93 93 93 94 95 
94 94 94 95 96 
95 95 95 96 97 
96 96 96 97 98 
97 97 97 98 99 
98 98 98 99 100 
99 99 99 100 101 
100 100 100 101 102 
101 101 101 102 103 
102 102 102 103 104 
103 103 103 104 105 
104 104 104 105 106 
105 105 105 106 107 
106 106 106 107 108 
107 107 107 108 109 
108 108 108 109 110 
109 109 109 110 111 
110 110 110 111 112 
111 111 111 112 113 
112 112 112 113 114 
113 113 113 114 115 
114 114 114 115 116 
115 115 115 116 117 
116 116 116 117 118 
117 117 117 118 119 
118 118 118 119 120 
119 119 119 120 121 
120 120 120 121 122 
121 121 121 122 123 
122 122 122 123 124 
123 123 123 124 125 
124 124 124 125 126 
125 125 125 126 127 
126 126 126 127 128 
127 127 127 128 129 
128 128 128 129 130 
129 129 129 130 131 
130 130 130 131 132 
131 131 131 132 133 
132 132 132 133 134 
133 133 133 134 135 
134 134 134 135 136 
135 135 135 136 137 
136 136 136 137 138 
137 137 137 138 139 
138 138 138 139 140 
139 139 139 140 141 
140 140 140 141 142 
141 141 141 142 143 
142 142 142 143 144 
143 143 143 144 145 
144 144 144 145 146 
145 145 145 146 147 
146 146 146 147 148 
147 147 147 148 149 
148 148 148 149 150 
149 149 149 150 151 
150 150 150 151 152 
151 151 151 152 153 
152 152 152 153 154 
153 153 153 154 155 
154 154 154 155 156 
155 155 155 156 157 
156 156 156 157 158 
157 157 157 158 159 
158 158 158 159 160 
159 159 159 160 161 
160 160 160 161 162 
161 161 161 162 163 
162 162 162 163 164 
163 163 163 164 165 
164 164 164 165 166 
165 165 165 166 167 
166 166 166 167 168 
