# Minimized Production Model for dispRatio of 0.15

42 atoms
41 bonds
40 angles
0 dihedrals
0 impropers


Coords

1 -1.51708 57.7193 -83.5037
2 -16.5595 55.5512 -60.6682
3 -30.877 52.6604 -37.4517
4 -43.6573 48.3889 -13.5611
5 -53.9897 42.0949 11.0451
6 -60.848 33.2101 36.062
7 -63.145 21.422 60.7064
8 -59.954 6.81217 83.6741
9 -50.7642 -10.027 103.242
10 -35.7597 -27.949 117.543
11 -15.9696 -45.3627 125.015
12 6.84489 -60.531 124.868
13 30.5583 -71.9725 117.257
14 53.0968 -78.6886 103.188
15 72.8392 -80.2369 84.2361
16 88.7257 -76.6466 62.1861
17 100.223 -68.2556 38.7503
18 107.176 -55.5574 15.4631
19 109.666 -39.1262 -6.34782
20 107.935 -19.5695 -25.4995
21 102.3 2.40559 -40.904
22 93.0917 25.9065 -51.6182
23 80.7584 49.8369 -56.8004
24 65.9026 72.8596 -55.8001
25 49.2623 93.3461 -48.3986
26 31.74 109.543 -34.9108
27 14.4377 119.775 -16.2774
28 -1.48848 122.729 5.82882
29 -14.9993 117.727 29.1386
30 -25.299 104.945 51.0781
31 -31.9579 85.4685 69.1709
32 -34.9869 61.1496 81.4227
33 -34.854 34.2469 86.6345
34 -32.313 7.0432 84.4934
35 -28.2224 -18.5268 75.5149
36 -23.4078 -41.1333 60.7816
37 -18.5301 -60.1086 41.602
38 -14.045 -75.3719 19.2672
39 -10.1661 -87.2958 -5.12204
40 -6.87266 -96.5595 -30.7267
41 -4.04832 -103.994 -56.9752
42 -1.51708 -110.482 -83.5037

Types

1 1
2 2
3 3
4 4
5 5
6 6
7 7
8 8
9 9
10 10
11 11
12 12
13 13
14 14
15 15
16 16
17 17
18 18
19 19
20 20
21 21
22 22
23 23
24 24
25 25
26 26
27 27
28 28
29 29
30 30
31 31
32 32
33 33
34 34
35 35
36 36
37 37
38 38
39 39
40 40
41 41
42 42

Molecules

1 1
2 1
3 1
4 1
5 1
6 1
7 1
8 1
9 1
10 1
11 1
12 1
13 1
14 1
15 1
16 1
17 1
18 1
19 1
20 1
21 1
22 1
23 1
24 1
25 1
26 1
27 1
28 1
29 1
30 1
31 1
32 1
33 1
34 1
35 1
36 1
37 1
38 1
39 1
40 1
41 1
42 1

Bonds

1 1 1 2 
2 2 2 3 
3 3 3 4 
4 4 4 5 
5 5 5 6 
6 6 6 7 
7 7 7 8 
8 8 8 9 
9 9 9 10 
10 10 10 11 
11 11 11 12 
12 12 12 13 
13 13 13 14 
14 14 14 15 
15 15 15 16 
16 16 16 17 
17 17 17 18 
18 18 18 19 
19 19 19 20 
20 20 20 21 
21 21 21 22 
22 22 22 23 
23 23 23 24 
24 24 24 25 
25 25 25 26 
26 26 26 27 
27 27 27 28 
28 28 28 29 
29 29 29 30 
30 30 30 31 
31 31 31 32 
32 32 32 33 
33 33 33 34 
34 34 34 35 
35 35 35 36 
36 36 36 37 
37 37 37 38 
38 38 38 39 
39 39 39 40 
40 40 40 41 
41 41 41 42 

Angles

1 1 1 2 3 
2 2 2 3 4 
3 3 3 4 5 
4 4 4 5 6 
5 5 5 6 7 
6 6 6 7 8 
7 7 7 8 9 
8 8 8 9 10 
9 9 9 10 11 
10 10 10 11 12 
11 11 11 12 13 
12 12 12 13 14 
13 13 13 14 15 
14 14 14 15 16 
15 15 15 16 17 
16 16 16 17 18 
17 17 17 18 19 
18 18 18 19 20 
19 19 19 20 21 
20 20 20 21 22 
21 21 21 22 23 
22 22 22 23 24 
23 23 23 24 25 
24 24 24 25 26 
25 25 25 26 27 
26 26 26 27 28 
27 27 27 28 29 
28 28 28 29 30 
29 29 29 30 31 
30 30 30 31 32 
31 31 31 32 33 
32 32 32 33 34 
33 33 33 34 35 
34 34 34 35 36 
35 35 35 36 37 
36 36 36 37 38 
37 37 37 38 39 
38 38 38 39 40 
39 39 39 40 41 
40 40 40 41 42 
