# Minimized Production Model for dispRatio of 0.40

84 atoms
83 bonds
82 angles
0 dihedrals
0 impropers


Coords

1 -0.0130603 -173.567 -11.8584
2 -0.0133159 -166.166 -0.540662
3 -0.0149041 -158.674 10.7153
4 -0.0170484 -150.995 21.8451
5 -0.0209041 -143.045 32.7824
6 -0.0273191 -134.742 43.4533
7 -0.0361836 -126.011 53.7762
8 -0.0454417 -116.783 63.656
9 -0.0549791 -107.002 72.9853
10 -0.0629432 -96.6255 81.6459
11 -0.0666965 -85.6318 89.5047
12 -0.0672319 -74.0223 96.4175
13 -0.0648107 -61.8279 102.231
14 -0.0602015 -49.1135 106.786
15 -0.0541148 -35.981 109.928
16 -0.0496502 -22.5738 111.512
17 -0.0471453 -9.07614 111.415
18 -0.0452734 4.28923 109.546
19 -0.0440216 17.2688 105.86
20 -0.0433657 29.5876 100.359
21 -0.0428862 40.9609 93.1056
22 -0.0399261 51.1126 84.2237
23 -0.0353439 59.7903 73.8982
24 -0.0304611 66.7819 62.3639
25 -0.0236718 71.9291 49.8958
26 -0.0146255 75.1331 36.7917
27 -0.00536363 76.3553 23.3557
28 0.00504468 75.6187 9.88263
29 0.0181759 72.9978 -3.35541
30 0.0302988 68.6141 -16.1212
31 0.0374722 62.6215 -28.2185
32 0.039642 55.1919 -39.4944
33 0.0382637 46.5098 -49.8404
34 0.0348487 36.7595 -59.1896
35 0.0336863 26.1141 -67.5085
36 0.0366897 14.732 -74.7918
37 0.0417465 2.75624 -81.0568
38 0.0462068 -9.68576 -86.3403
39 0.0497467 -22.4859 -90.6894
40 0.0526366 -35.5518 -94.1621
41 0.0549404 -48.8085 -96.8214
42 0.0567128 -62.1947 -98.7331
43 0.0570044 -75.662 -99.9619
44 0.0551546 -89.1721 -100.573
45 0.0523011 -102.696 -100.631
46 0.0492603 -116.214 -100.198
47 0.0456134 -129.711 -99.332
48 0.0419172 -143.179 -98.0834
49 0.038687 -156.611 -96.5004
50 0.0359899 -170.007 -94.6269
51 0.0346627 -183.365 -92.5025
52 0.035092 -196.687 -90.1661
53 0.0363325 -209.977 -87.6519
54 0.0372534 -223.239 -84.9932
55 0.0383092 -236.477 -82.2185
56 0.0389724 -249.696 -79.3558
57 0.0376852 -262.901 -76.4293
58 0.0349443 -276.097 -73.4639
59 0.0278325 -289.288 -70.4804
60 0.0192803 -302.479 -67.4938
61 0.0108099 -315.672 -64.5193
62 0.00793385 -328.87 -61.5688
63 0.0088952 -342.076 -58.6514
64 0.0116065 -355.292 -55.7775
65 0.0125491 -368.519 -52.9573
66 0.0115294 -381.759 -50.2004
67 0.0101341 -395.014 -47.5104
68 0.00866287 -408.283 -44.8929
69 0.00886652 -421.567 -42.3493
70 0.00943086 -434.865 -39.8815
71 0.00871072 -448.176 -37.489
72 0.00691032 -461.5 -35.1722
73 0.00330136 -474.838 -32.9304
74 -0.00221742 -488.188 -30.76
75 -0.00710207 -501.548 -28.6582
76 -0.00923701 -514.918 -26.6206
77 -0.0101372 -528.297 -24.6418
78 -0.0091782 -541.684 -22.718
79 -0.00642179 -555.078 -20.8407
80 -0.00475223 -568.477 -19.002
81 -0.00497419 -581.88 -17.1912
82 -0.00692161 -595.286 -15.4022
83 -0.00932748 -608.694 -13.6266
84 -0.0130603 -622.103 -11.8584

Types

1 1
2 2
3 3
4 4
5 5
6 6
7 7
8 8
9 9
10 10
11 11
12 12
13 13
14 14
15 15
16 16
17 17
18 18
19 19
20 20
21 21
22 22
23 23
24 24
25 25
26 26
27 27
28 28
29 29
30 30
31 31
32 32
33 33
34 34
35 35
36 36
37 37
38 38
39 39
40 40
41 41
42 42
43 43
44 44
45 45
46 46
47 47
48 48
49 49
50 50
51 51
52 52
53 53
54 54
55 55
56 56
57 57
58 58
59 59
60 60
61 61
62 62
63 63
64 64
65 65
66 66
67 67
68 68
69 69
70 70
71 71
72 72
73 73
74 74
75 75
76 76
77 77
78 78
79 79
80 80
81 81
82 82
83 83
84 84

Molecules

1 1
2 1
3 1
4 1
5 1
6 1
7 1
8 1
9 1
10 1
11 1
12 1
13 1
14 1
15 1
16 1
17 1
18 1
19 1
20 1
21 1
22 1
23 1
24 1
25 1
26 1
27 1
28 1
29 1
30 1
31 1
32 1
33 1
34 1
35 1
36 1
37 1
38 1
39 1
40 1
41 1
42 1
43 1
44 1
45 1
46 1
47 1
48 1
49 1
50 1
51 1
52 1
53 1
54 1
55 1
56 1
57 1
58 1
59 1
60 1
61 1
62 1
63 1
64 1
65 1
66 1
67 1
68 1
69 1
70 1
71 1
72 1
73 1
74 1
75 1
76 1
77 1
78 1
79 1
80 1
81 1
82 1
83 1
84 1

Bonds

1 1 1 2 
2 2 2 3 
3 3 3 4 
4 4 4 5 
5 5 5 6 
6 6 6 7 
7 7 7 8 
8 8 8 9 
9 9 9 10 
10 10 10 11 
11 11 11 12 
12 12 12 13 
13 13 13 14 
14 14 14 15 
15 15 15 16 
16 16 16 17 
17 17 17 18 
18 18 18 19 
19 19 19 20 
20 20 20 21 
21 21 21 22 
22 22 22 23 
23 23 23 24 
24 24 24 25 
25 25 25 26 
26 26 26 27 
27 27 27 28 
28 28 28 29 
29 29 29 30 
30 30 30 31 
31 31 31 32 
32 32 32 33 
33 33 33 34 
34 34 34 35 
35 35 35 36 
36 36 36 37 
37 37 37 38 
38 38 38 39 
39 39 39 40 
40 40 40 41 
41 41 41 42 
42 42 42 43 
43 43 43 44 
44 44 44 45 
45 45 45 46 
46 46 46 47 
47 47 47 48 
48 48 48 49 
49 49 49 50 
50 50 50 51 
51 51 51 52 
52 52 52 53 
53 53 53 54 
54 54 54 55 
55 55 55 56 
56 56 56 57 
57 57 57 58 
58 58 58 59 
59 59 59 60 
60 60 60 61 
61 61 61 62 
62 62 62 63 
63 63 63 64 
64 64 64 65 
65 65 65 66 
66 66 66 67 
67 67 67 68 
68 68 68 69 
69 69 69 70 
70 70 70 71 
71 71 71 72 
72 72 72 73 
73 73 73 74 
74 74 74 75 
75 75 75 76 
76 76 76 77 
77 77 77 78 
78 78 78 79 
79 79 79 80 
80 80 80 81 
81 81 81 82 
82 82 82 83 
83 83 83 84 

Angles

1 1 1 2 3 
2 2 2 3 4 
3 3 3 4 5 
4 4 4 5 6 
5 5 5 6 7 
6 6 6 7 8 
7 7 7 8 9 
8 8 8 9 10 
9 9 9 10 11 
10 10 10 11 12 
11 11 11 12 13 
12 12 12 13 14 
13 13 13 14 15 
14 14 14 15 16 
15 15 15 16 17 
16 16 16 17 18 
17 17 17 18 19 
18 18 18 19 20 
19 19 19 20 21 
20 20 20 21 22 
21 21 21 22 23 
22 22 22 23 24 
23 23 23 24 25 
24 24 24 25 26 
25 25 25 26 27 
26 26 26 27 28 
27 27 27 28 29 
28 28 28 29 30 
29 29 29 30 31 
30 30 30 31 32 
31 31 31 32 33 
32 32 32 33 34 
33 33 33 34 35 
34 34 34 35 36 
35 35 35 36 37 
36 36 36 37 38 
37 37 37 38 39 
38 38 38 39 40 
39 39 39 40 41 
40 40 40 41 42 
41 41 41 42 43 
42 42 42 43 44 
43 43 43 44 45 
44 44 44 45 46 
45 45 45 46 47 
46 46 46 47 48 
47 47 47 48 49 
48 48 48 49 50 
49 49 49 50 51 
50 50 50 51 52 
51 51 51 52 53 
52 52 52 53 54 
53 53 53 54 55 
54 54 54 55 56 
55 55 55 56 57 
56 56 56 57 58 
57 57 57 58 59 
58 58 58 59 60 
59 59 59 60 61 
60 60 60 61 62 
61 61 61 62 63 
62 62 62 63 64 
63 63 63 64 65 
64 64 64 65 66 
65 65 65 66 67 
66 66 66 67 68 
67 67 67 68 69 
68 68 68 69 70 
69 69 69 70 71 
70 70 70 71 72 
71 71 71 72 73 
72 72 72 73 74 
73 73 73 74 75 
74 74 74 75 76 
75 75 75 76 77 
76 76 76 77 78 
77 77 77 78 79 
78 78 78 79 80 
79 79 79 80 81 
80 80 80 81 82 
81 81 81 82 83 
82 82 82 83 84 
