# Minimized Production Model for dispRatio of 0.99

84 atoms
83 bonds
82 angles
0 dihedrals
0 impropers


Coords

1 -0.0130603 157.229 -11.8584
2 -0.351299 144.516 -7.36185
3 -0.681444 131.79 -2.90113
4 -0.99609 119.039 1.48853
5 -1.2893 106.251 5.77203
6 -1.55561 93.4173 9.91524
7 -1.78955 80.5281 13.8856
8 -1.98652 67.5776 17.6523
9 -2.14257 54.5612 21.1869
10 -2.25378 41.4773 24.464
11 -2.31771 28.3263 27.4613
12 -2.33263 15.1107 30.1603
13 -2.29635 1.83514 32.5461
14 -2.20835 -11.4945 34.6075
15 -2.07001 -24.8708 36.3371
16 -1.88299 -38.2856 37.7315
17 -1.65064 -51.7304 38.7911
18 -1.37834 -65.1965 39.5204
19 -1.07061 -78.6756 39.9274
20 -0.732141 -92.1599 40.0236
21 -0.368933 -105.642 39.8242
22 0.0136013 -119.118 39.347
23 0.40946 -132.581 38.6128
24 0.811904 -146.03 37.6443
25 1.2158 -159.462 36.4647
26 1.61635 -172.876 35.0989
27 2.00776 -186.273 33.5718
28 2.38423 -199.655 31.9086
29 2.73986 -213.023 30.1346
30 3.06896 -226.38 28.2744
31 3.36817 -239.729 26.3515
32 3.63458 -253.073 24.3895
33 3.86505 -266.416 22.4103
34 4.05739 -279.759 20.4338
35 4.20954 -293.107 18.4787
36 4.32015 -306.46 16.5614
37 4.38951 -319.821 14.6967
38 4.41852 -333.192 12.8984
39 4.40732 -346.572 11.1776
40 4.35844 -359.964 9.54295
41 4.27492 -373.367 8.00172
42 4.15925 -386.78 6.55859
43 4.01451 -400.203 5.21646
44 3.84388 -413.636 3.97614
45 3.64932 -427.077 2.8369
46 3.43395 -440.526 1.79663
47 3.20206 -453.982 0.851822
48 2.95715 -467.444 -0.00150363
49 2.70322 -480.91 -0.768058
50 2.44436 -494.381 -1.4536
51 2.1844 -507.856 -2.06464
52 1.92678 -521.333 -2.60739
53 1.67484 -534.813 -3.08947
54 1.43105 -548.294 -3.51796
55 1.19725 -561.777 -3.89971
56 0.975486 -575.262 -4.24172
57 0.767973 -588.747 -4.55134
58 0.576579 -602.234 -4.8349
59 0.402553 -615.721 -5.09884
60 0.247499 -629.208 -5.34867
61 0.111641 -642.696 -5.58873
62 -0.00528438 -656.184 -5.82309
63 -0.102987 -669.672 -6.05482
64 -0.18199 -683.16 -6.28616
65 -0.243625 -696.648 -6.51914
66 -0.288745 -710.136 -6.7555
67 -0.31792 -723.624 -6.99747
68 -0.335658 -737.112 -7.2453
69 -0.341615 -750.599 -7.50086
70 -0.339121 -764.086 -7.76303
71 -0.328548 -777.573 -8.03284
72 -0.310992 -791.06 -8.30937
73 -0.286746 -804.546 -8.5927
74 -0.256812 -818.033 -8.88205
75 -0.223386 -831.519 -9.17579
76 -0.188424 -845.005 -9.47203
77 -0.15495 -858.492 -9.77113
78 -0.123933 -871.978 -10.0719
79 -0.0986181 -885.465 -10.3731
80 -0.0766404 -898.951 -10.6732
81 -0.057651 -912.438 -10.9715
82 -0.0410663 -925.925 -11.2685
83 -0.0262741 -939.412 -11.5641
84 -0.0130603 -952.899 -11.8584

Types

1 1
2 2
3 3
4 4
5 5
6 6
7 7
8 8
9 9
10 10
11 11
12 12
13 13
14 14
15 15
16 16
17 17
18 18
19 19
20 20
21 21
22 22
23 23
24 24
25 25
26 26
27 27
28 28
29 29
30 30
31 31
32 32
33 33
34 34
35 35
36 36
37 37
38 38
39 39
40 40
41 41
42 42
43 43
44 44
45 45
46 46
47 47
48 48
49 49
50 50
51 51
52 52
53 53
54 54
55 55
56 56
57 57
58 58
59 59
60 60
61 61
62 62
63 63
64 64
65 65
66 66
67 67
68 68
69 69
70 70
71 71
72 72
73 73
74 74
75 75
76 76
77 77
78 78
79 79
80 80
81 81
82 82
83 83
84 84

Molecules

1 1
2 1
3 1
4 1
5 1
6 1
7 1
8 1
9 1
10 1
11 1
12 1
13 1
14 1
15 1
16 1
17 1
18 1
19 1
20 1
21 1
22 1
23 1
24 1
25 1
26 1
27 1
28 1
29 1
30 1
31 1
32 1
33 1
34 1
35 1
36 1
37 1
38 1
39 1
40 1
41 1
42 1
43 1
44 1
45 1
46 1
47 1
48 1
49 1
50 1
51 1
52 1
53 1
54 1
55 1
56 1
57 1
58 1
59 1
60 1
61 1
62 1
63 1
64 1
65 1
66 1
67 1
68 1
69 1
70 1
71 1
72 1
73 1
74 1
75 1
76 1
77 1
78 1
79 1
80 1
81 1
82 1
83 1
84 1

Bonds

1 1 1 2 
2 2 2 3 
3 3 3 4 
4 4 4 5 
5 5 5 6 
6 6 6 7 
7 7 7 8 
8 8 8 9 
9 9 9 10 
10 10 10 11 
11 11 11 12 
12 12 12 13 
13 13 13 14 
14 14 14 15 
15 15 15 16 
16 16 16 17 
17 17 17 18 
18 18 18 19 
19 19 19 20 
20 20 20 21 
21 21 21 22 
22 22 22 23 
23 23 23 24 
24 24 24 25 
25 25 25 26 
26 26 26 27 
27 27 27 28 
28 28 28 29 
29 29 29 30 
30 30 30 31 
31 31 31 32 
32 32 32 33 
33 33 33 34 
34 34 34 35 
35 35 35 36 
36 36 36 37 
37 37 37 38 
38 38 38 39 
39 39 39 40 
40 40 40 41 
41 41 41 42 
42 42 42 43 
43 43 43 44 
44 44 44 45 
45 45 45 46 
46 46 46 47 
47 47 47 48 
48 48 48 49 
49 49 49 50 
50 50 50 51 
51 51 51 52 
52 52 52 53 
53 53 53 54 
54 54 54 55 
55 55 55 56 
56 56 56 57 
57 57 57 58 
58 58 58 59 
59 59 59 60 
60 60 60 61 
61 61 61 62 
62 62 62 63 
63 63 63 64 
64 64 64 65 
65 65 65 66 
66 66 66 67 
67 67 67 68 
68 68 68 69 
69 69 69 70 
70 70 70 71 
71 71 71 72 
72 72 72 73 
73 73 73 74 
74 74 74 75 
75 75 75 76 
76 76 76 77 
77 77 77 78 
78 78 78 79 
79 79 79 80 
80 80 80 81 
81 81 81 82 
82 82 82 83 
83 83 83 84 

Angles

1 1 1 2 3 
2 2 2 3 4 
3 3 3 4 5 
4 4 4 5 6 
5 5 5 6 7 
6 6 6 7 8 
7 7 7 8 9 
8 8 8 9 10 
9 9 9 10 11 
10 10 10 11 12 
11 11 11 12 13 
12 12 12 13 14 
13 13 13 14 15 
14 14 14 15 16 
15 15 15 16 17 
16 16 16 17 18 
17 17 17 18 19 
18 18 18 19 20 
19 19 19 20 21 
20 20 20 21 22 
21 21 21 22 23 
22 22 22 23 24 
23 23 23 24 25 
24 24 24 25 26 
25 25 25 26 27 
26 26 26 27 28 
27 27 27 28 29 
28 28 28 29 30 
29 29 29 30 31 
30 30 30 31 32 
31 31 31 32 33 
32 32 32 33 34 
33 33 33 34 35 
34 34 34 35 36 
35 35 35 36 37 
36 36 36 37 38 
37 37 37 38 39 
38 38 38 39 40 
39 39 39 40 41 
40 40 40 41 42 
41 41 41 42 43 
42 42 42 43 44 
43 43 43 44 45 
44 44 44 45 46 
45 45 45 46 47 
46 46 46 47 48 
47 47 47 48 49 
48 48 48 49 50 
49 49 49 50 51 
50 50 50 51 52 
51 51 51 52 53 
52 52 52 53 54 
53 53 53 54 55 
54 54 54 55 56 
55 55 55 56 57 
56 56 56 57 58 
57 57 57 58 59 
58 58 58 59 60 
59 59 59 60 61 
60 60 60 61 62 
61 61 61 62 63 
62 62 62 63 64 
63 63 63 64 65 
64 64 64 65 66 
65 65 65 66 67 
66 66 66 67 68 
67 67 67 68 69 
68 68 68 69 70 
69 69 69 70 71 
70 70 70 71 72 
71 71 71 72 73 
72 72 72 73 74 
73 73 73 74 75 
74 74 74 75 76 
75 75 75 76 77 
76 76 76 77 78 
77 77 77 78 79 
78 78 78 79 80 
79 79 79 80 81 
80 80 80 81 82 
81 81 81 82 83 
82 82 82 83 84 
