# Minimized Production Model for dispRatio of 0.35

84 atoms
83 bonds
82 angles
0 dihedrals
0 impropers


Coords

1 -0.0130603 -201.6 -11.8584
2 -0.0177694 -193.669 -0.91276
3 -0.0218307 -185.662 9.97689
4 -0.024897 -177.503 20.752
5 -0.0276481 -169.116 31.3513
6 -0.030409 -160.432 41.7076
7 -0.0333296 -151.384 51.7468
8 -0.0369151 -141.915 61.388
9 -0.040868 -131.974 70.5408
10 -0.0452294 -121.523 79.106
11 -0.0497799 -110.541 86.975
12 -0.0538791 -99.0205 94.0313
13 -0.0578813 -86.9785 100.152
14 -0.0612061 -74.4542 105.208
15 -0.0636436 -61.5135 109.071
16 -0.0659672 -48.252 111.615
17 -0.0677331 -34.7959 112.721
18 -0.0678205 -21.3035 112.291
19 -0.0657053 -7.9612 110.25
20 -0.0609683 5.01949 106.557
21 -0.0532934 17.4089 101.21
22 -0.0435556 28.9691 94.2525
23 -0.0333775 39.465 85.7756
24 -0.0237823 48.6761 75.9183
25 -0.0155973 56.4088 64.8635
26 -0.00917183 62.506 52.8289
27 -0.00401361 66.8559 40.0576
28 0.00021289 69.3964 26.8058
29 0.00425752 70.1146 13.3304
30 0.00877003 69.0442 -0.123592
31 0.013811 66.2588 -13.3315
32 0.0193394 61.8641 -26.0965
33 0.0250742 55.9896 -38.2542
34 0.030622 48.78 -49.6733
35 0.0355323 40.3875 -60.2563
36 0.0391404 30.9655 -69.9364
37 0.0419547 20.6616 -78.6748
38 0.0441401 9.61539 -86.4569
39 0.0456227 -2.04465 -93.2886
40 0.0472348 -14.2032 -99.1907
41 0.0494604 -26.7587 -104.197
42 0.0519939 -39.6231 -108.349
43 0.0549404 -52.7215 -111.696
44 0.0580131 -65.9906 -114.291
45 0.0609183 -79.3778 -116.189
46 0.0630175 -92.8412 -117.447
47 0.0640801 -106.347 -118.119
48 0.0639571 -119.87 -118.259
49 0.0622021 -133.389 -117.918
50 0.0594238 -146.891 -117.142
51 0.0559409 -160.365 -115.977
52 0.0515773 -173.805 -114.464
53 0.0474543 -187.206 -112.644
54 0.0435655 -200.568 -110.553
55 0.0398305 -213.892 -108.224
56 0.0368097 -227.177 -105.689
57 0.034725 -240.427 -102.974
58 0.0333235 -253.644 -100.103
59 0.0326905 -266.832 -97.0964
60 0.0325583 -279.992 -93.9725
61 0.0324838 -293.128 -90.7502
62 0.0320466 -306.245 -87.4453
63 0.0310233 -319.344 -84.0742
64 0.0294645 -332.431 -80.6526
65 0.0276199 -345.508 -77.1932
66 0.025534 -358.578 -73.7081
67 0.0229586 -371.643 -70.2052
68 0.0203071 -384.706 -66.6926
69 0.0172311 -397.767 -63.1741
70 0.0148501 -410.83 -59.6616
71 0.0132855 -423.896 -56.1585
72 0.0122523 -436.965 -52.6688
73 0.0116929 -450.037 -49.1918
74 0.0106648 -463.114 -45.73
75 0.00803133 -476.194 -42.2847
76 0.00450548 -489.28 -38.856
77 0.000110049 -502.369 -35.443
78 -0.00567436 -515.461 -32.0433
79 -0.0120868 -528.557 -28.6574
80 -0.0187726 -541.656 -25.281
81 -0.0232467 -554.757 -21.9159
82 -0.0241693 -567.86 -18.5581
83 -0.0203656 -580.964 -15.2061
84 -0.0130603 -594.069 -11.8584

Types

1 1
2 2
3 3
4 4
5 5
6 6
7 7
8 8
9 9
10 10
11 11
12 12
13 13
14 14
15 15
16 16
17 17
18 18
19 19
20 20
21 21
22 22
23 23
24 24
25 25
26 26
27 27
28 28
29 29
30 30
31 31
32 32
33 33
34 34
35 35
36 36
37 37
38 38
39 39
40 40
41 41
42 42
43 43
44 44
45 45
46 46
47 47
48 48
49 49
50 50
51 51
52 52
53 53
54 54
55 55
56 56
57 57
58 58
59 59
60 60
61 61
62 62
63 63
64 64
65 65
66 66
67 67
68 68
69 69
70 70
71 71
72 72
73 73
74 74
75 75
76 76
77 77
78 78
79 79
80 80
81 81
82 82
83 83
84 84

Molecules

1 1
2 1
3 1
4 1
5 1
6 1
7 1
8 1
9 1
10 1
11 1
12 1
13 1
14 1
15 1
16 1
17 1
18 1
19 1
20 1
21 1
22 1
23 1
24 1
25 1
26 1
27 1
28 1
29 1
30 1
31 1
32 1
33 1
34 1
35 1
36 1
37 1
38 1
39 1
40 1
41 1
42 1
43 1
44 1
45 1
46 1
47 1
48 1
49 1
50 1
51 1
52 1
53 1
54 1
55 1
56 1
57 1
58 1
59 1
60 1
61 1
62 1
63 1
64 1
65 1
66 1
67 1
68 1
69 1
70 1
71 1
72 1
73 1
74 1
75 1
76 1
77 1
78 1
79 1
80 1
81 1
82 1
83 1
84 1

Bonds

1 1 1 2 
2 2 2 3 
3 3 3 4 
4 4 4 5 
5 5 5 6 
6 6 6 7 
7 7 7 8 
8 8 8 9 
9 9 9 10 
10 10 10 11 
11 11 11 12 
12 12 12 13 
13 13 13 14 
14 14 14 15 
15 15 15 16 
16 16 16 17 
17 17 17 18 
18 18 18 19 
19 19 19 20 
20 20 20 21 
21 21 21 22 
22 22 22 23 
23 23 23 24 
24 24 24 25 
25 25 25 26 
26 26 26 27 
27 27 27 28 
28 28 28 29 
29 29 29 30 
30 30 30 31 
31 31 31 32 
32 32 32 33 
33 33 33 34 
34 34 34 35 
35 35 35 36 
36 36 36 37 
37 37 37 38 
38 38 38 39 
39 39 39 40 
40 40 40 41 
41 41 41 42 
42 42 42 43 
43 43 43 44 
44 44 44 45 
45 45 45 46 
46 46 46 47 
47 47 47 48 
48 48 48 49 
49 49 49 50 
50 50 50 51 
51 51 51 52 
52 52 52 53 
53 53 53 54 
54 54 54 55 
55 55 55 56 
56 56 56 57 
57 57 57 58 
58 58 58 59 
59 59 59 60 
60 60 60 61 
61 61 61 62 
62 62 62 63 
63 63 63 64 
64 64 64 65 
65 65 65 66 
66 66 66 67 
67 67 67 68 
68 68 68 69 
69 69 69 70 
70 70 70 71 
71 71 71 72 
72 72 72 73 
73 73 73 74 
74 74 74 75 
75 75 75 76 
76 76 76 77 
77 77 77 78 
78 78 78 79 
79 79 79 80 
80 80 80 81 
81 81 81 82 
82 82 82 83 
83 83 83 84 

Angles

1 1 1 2 3 
2 2 2 3 4 
3 3 3 4 5 
4 4 4 5 6 
5 5 5 6 7 
6 6 6 7 8 
7 7 7 8 9 
8 8 8 9 10 
9 9 9 10 11 
10 10 10 11 12 
11 11 11 12 13 
12 12 12 13 14 
13 13 13 14 15 
14 14 14 15 16 
15 15 15 16 17 
16 16 16 17 18 
17 17 17 18 19 
18 18 18 19 20 
19 19 19 20 21 
20 20 20 21 22 
21 21 21 22 23 
22 22 22 23 24 
23 23 23 24 25 
24 24 24 25 26 
25 25 25 26 27 
26 26 26 27 28 
27 27 27 28 29 
28 28 28 29 30 
29 29 29 30 31 
30 30 30 31 32 
31 31 31 32 33 
32 32 32 33 34 
33 33 33 34 35 
34 34 34 35 36 
35 35 35 36 37 
36 36 36 37 38 
37 37 37 38 39 
38 38 38 39 40 
39 39 39 40 41 
40 40 40 41 42 
41 41 41 42 43 
42 42 42 43 44 
43 43 43 44 45 
44 44 44 45 46 
45 45 45 46 47 
46 46 46 47 48 
47 47 47 48 49 
48 48 48 49 50 
49 49 49 50 51 
50 50 50 51 52 
51 51 51 52 53 
52 52 52 53 54 
53 53 53 54 55 
54 54 54 55 56 
55 55 55 56 57 
56 56 56 57 58 
57 57 57 58 59 
58 58 58 59 60 
59 59 59 60 61 
60 60 60 61 62 
61 61 61 62 63 
62 62 62 63 64 
63 63 63 64 65 
64 64 64 65 66 
65 65 65 66 67 
66 66 66 67 68 
67 67 67 68 69 
68 68 68 69 70 
69 69 69 70 71 
70 70 70 71 72 
71 71 71 72 73 
72 72 72 73 74 
73 73 73 74 75 
74 74 74 75 76 
75 75 75 76 77 
76 76 76 77 78 
77 77 77 78 79 
78 78 78 79 80 
79 79 79 80 81 
80 80 80 81 82 
81 81 81 82 83 
82 82 82 83 84 
