# Minimized Production Model for dispRatio of 0.05

42 atoms
41 bonds
40 angles
0 dihedrals
0 impropers


Coords

1 -1.51708 1.65221 -83.5037
2 5.95677 -16.9538 -64.8007
3 13.97 -35.0471 -45.8169
4 23.0234 -52.0666 -26.322
5 33.5421 -67.3976 -6.17383
6 45.8147 -80.34 14.6453
7 59.935 -90.1479 35.9936
8 75.7665 -96.1123 57.5574
9 92.921 -97.6313 78.8796
10 110.768 -94.2774 99.4044
11 128.508 -85.9047 118.542
12 145.246 -72.6866 135.752
13 160.058 -55.0775 150.637
14 172.108 -33.7685 162.961
15 180.703 -9.60646 172.627
16 185.318 16.4751 179.674
17 185.616 43.4949 184.266
18 181.442 70.4778 186.654
19 172.797 96.4827 187.12
20 159.884 120.631 185.946
21 143.09 142.136 183.361
22 122.938 160.321 179.566
23 100.074 174.649 174.745
24 75.2352 184.714 169.012
25 49.229 190.291 162.388
26 22.907 191.329 154.815
27 -2.88143 187.897 146.191
28 -27.3083 180.201 136.426
29 -49.5776 168.599 125.439
30 -68.9185 153.578 113.135
31 -84.6277 135.762 99.4593
32 -96.1402 115.912 84.4743
33 -103.081 94.8524 68.3709
34 -105.316 73.419 51.4356
35 -102.943 52.4192 33.9877
36 -96.2879 32.5381 16.3343
37 -85.9011 14.2421 -1.23725
38 -72.4616 -2.28594 -18.4906
39 -56.664 -17.1114 -35.2896
40 -39.1746 -30.4712 -51.6427
41 -20.611 -42.7379 -67.6628
42 -1.51708 -54.4148 -83.5037

Types

1 1
2 2
3 3
4 4
5 5
6 6
7 7
8 8
9 9
10 10
11 11
12 12
13 13
14 14
15 15
16 16
17 17
18 18
19 19
20 20
21 21
22 22
23 23
24 24
25 25
26 26
27 27
28 28
29 29
30 30
31 31
32 32
33 33
34 34
35 35
36 36
37 37
38 38
39 39
40 40
41 41
42 42

Molecules

1 1
2 1
3 1
4 1
5 1
6 1
7 1
8 1
9 1
10 1
11 1
12 1
13 1
14 1
15 1
16 1
17 1
18 1
19 1
20 1
21 1
22 1
23 1
24 1
25 1
26 1
27 1
28 1
29 1
30 1
31 1
32 1
33 1
34 1
35 1
36 1
37 1
38 1
39 1
40 1
41 1
42 1

Bonds

1 1 1 2 
2 2 2 3 
3 3 3 4 
4 4 4 5 
5 5 5 6 
6 6 6 7 
7 7 7 8 
8 8 8 9 
9 9 9 10 
10 10 10 11 
11 11 11 12 
12 12 12 13 
13 13 13 14 
14 14 14 15 
15 15 15 16 
16 16 16 17 
17 17 17 18 
18 18 18 19 
19 19 19 20 
20 20 20 21 
21 21 21 22 
22 22 22 23 
23 23 23 24 
24 24 24 25 
25 25 25 26 
26 26 26 27 
27 27 27 28 
28 28 28 29 
29 29 29 30 
30 30 30 31 
31 31 31 32 
32 32 32 33 
33 33 33 34 
34 34 34 35 
35 35 35 36 
36 36 36 37 
37 37 37 38 
38 38 38 39 
39 39 39 40 
40 40 40 41 
41 41 41 42 

Angles

1 1 1 2 3 
2 2 2 3 4 
3 3 3 4 5 
4 4 4 5 6 
5 5 5 6 7 
6 6 6 7 8 
7 7 7 8 9 
8 8 8 9 10 
9 9 9 10 11 
10 10 10 11 12 
11 11 11 12 13 
12 12 12 13 14 
13 13 13 14 15 
14 14 14 15 16 
15 15 15 16 17 
16 16 16 17 18 
17 17 17 18 19 
18 18 18 19 20 
19 19 19 20 21 
20 20 20 21 22 
21 21 21 22 23 
22 22 22 23 24 
23 23 23 24 25 
24 24 24 25 26 
25 25 25 26 27 
26 26 26 27 28 
27 27 27 28 29 
28 28 28 29 30 
29 29 29 30 31 
30 30 30 31 32 
31 31 31 32 33 
32 32 32 33 34 
33 33 33 34 35 
34 34 34 35 36 
35 35 35 36 37 
36 36 36 37 38 
37 37 37 38 39 
38 38 38 39 40 
39 39 39 40 41 
40 40 40 41 42 
