# Minimized Production Model for dispRatio of 0.97

42 atoms
41 bonds
40 angles
0 dihedrals
0 impropers


Coords

1 -1.51708 517.469 -83.5037
2 -1.09041 493.226 -70.8823
3 -0.672099 468.905 -58.4116
4 -0.262103 444.429 -46.2439
5 0.132466 419.735 -34.5268
6 0.515121 394.767 -23.4076
7 0.903475 369.485 -13.0243
8 1.31467 343.863 -3.50884
9 1.75145 317.899 5.02831
10 2.2189 291.607 12.4885
11 2.72564 265.014 18.7887
12 3.27836 238.16 23.8634
13 3.87685 211.098 27.6694
14 4.51345 183.886 30.1897
15 5.16479 156.587 31.4481
16 5.82164 129.26 31.4873
17 6.47725 101.955 30.3648
18 7.10827 74.7173 28.1556
19 7.68291 47.5778 24.96
20 8.1783 20.5546 20.8866
21 8.58089 -6.34313 16.0445
22 8.87784 -33.1177 10.5549
23 9.0606 -59.782 4.54959
24 9.1158 -86.3588 -1.83091
25 9.04735 -112.878 -8.4543
26 8.8792 -139.367 -15.1935
27 8.63297 -165.853 -21.9362
28 8.31951 -192.363 -28.5841
29 7.94575 -218.92 -35.0402
30 7.52314 -245.54 -41.222
31 7.06105 -272.237 -47.0611
32 6.56429 -299.018 -52.5037
33 6.01878 -325.884 -57.4937
34 5.40827 -352.834 -61.9942
35 4.72995 -379.862 -66.0006
36 3.99323 -406.954 -69.5318
37 3.19715 -434.099 -72.6157
38 2.34216 -461.283 -75.3058
39 1.42918 -488.496 -77.6621
40 0.468536 -515.731 -79.7585
41 -0.519937 -542.979 -81.675
42 -1.51708 -570.232 -83.5037

Types

1 1
2 2
3 3
4 4
5 5
6 6
7 7
8 8
9 9
10 10
11 11
12 12
13 13
14 14
15 15
16 16
17 17
18 18
19 19
20 20
21 21
22 22
23 23
24 24
25 25
26 26
27 27
28 28
29 29
30 30
31 31
32 32
33 33
34 34
35 35
36 36
37 37
38 38
39 39
40 40
41 41
42 42

Molecules

1 1
2 1
3 1
4 1
5 1
6 1
7 1
8 1
9 1
10 1
11 1
12 1
13 1
14 1
15 1
16 1
17 1
18 1
19 1
20 1
21 1
22 1
23 1
24 1
25 1
26 1
27 1
28 1
29 1
30 1
31 1
32 1
33 1
34 1
35 1
36 1
37 1
38 1
39 1
40 1
41 1
42 1

Bonds

1 1 1 2 
2 2 2 3 
3 3 3 4 
4 4 4 5 
5 5 5 6 
6 6 6 7 
7 7 7 8 
8 8 8 9 
9 9 9 10 
10 10 10 11 
11 11 11 12 
12 12 12 13 
13 13 13 14 
14 14 14 15 
15 15 15 16 
16 16 16 17 
17 17 17 18 
18 18 18 19 
19 19 19 20 
20 20 20 21 
21 21 21 22 
22 22 22 23 
23 23 23 24 
24 24 24 25 
25 25 25 26 
26 26 26 27 
27 27 27 28 
28 28 28 29 
29 29 29 30 
30 30 30 31 
31 31 31 32 
32 32 32 33 
33 33 33 34 
34 34 34 35 
35 35 35 36 
36 36 36 37 
37 37 37 38 
38 38 38 39 
39 39 39 40 
40 40 40 41 
41 41 41 42 

Angles

1 1 1 2 3 
2 2 2 3 4 
3 3 3 4 5 
4 4 4 5 6 
5 5 5 6 7 
6 6 6 7 8 
7 7 7 8 9 
8 8 8 9 10 
9 9 9 10 11 
10 10 10 11 12 
11 11 11 12 13 
12 12 12 13 14 
13 13 13 14 15 
14 14 14 15 16 
15 15 15 16 17 
16 16 16 17 18 
17 17 17 18 19 
18 18 18 19 20 
19 19 19 20 21 
20 20 20 21 22 
21 21 21 22 23 
22 22 22 23 24 
23 23 23 24 25 
24 24 24 25 26 
25 25 25 26 27 
26 26 26 27 28 
27 27 27 28 29 
28 28 28 29 30 
29 29 29 30 31 
30 30 30 31 32 
31 31 31 32 33 
32 32 32 33 34 
33 33 33 34 35 
34 34 34 35 36 
35 35 35 36 37 
36 36 36 37 38 
37 37 37 38 39 
38 38 38 39 40 
39 39 39 40 41 
40 40 40 41 42 
