# Fix print output for fix printForces
-0.169733822920858
-0.311433464416964
-0.305954767032519
0.0035321835690959
-0.292191598744587
-0.27613137260474
0.529880641230424
1.22561240607267
2.19113264980607
0.373071656436547
0.655193016759135
2.40602679483662
1.97063546640135
1.39975633404002
-0.700338009276205
-0.572915748064959
1.31095636507889
1.95518384043328
1.37440879094256
0.886934776112271
-0.0909354848475551
0.27206756029191
0.553902294077527
0.0949020266596767
-0.464148137868545
-0.828417447123996
-1.54459036273098
-1.68925635541591
-0.441319958301844
1.34727204097329
0.261199212438739
0.985083528719971
-1.33037190617063
1.5569702627887
-0.653308340275344
-4.79859160622829
-3.40927899646987
-0.00754501950197817
0.126262515937063
1.31652251471548
2.19911900707255
0.981117895294814
0.936165345467564
1.36346339616406
2.33121729910315
1.61264869906558
1.26741569868924
1.19581683382974
1.1343509883203
0.953039006729139
0.140445785687389
-0.0832886123555386
0.965164144509425
2.00177772527102
-1.93510089121347
-2.9947271339389
1.59182873975504
2.28995269927828
-1.01641228209126
-2.69512375407495
-3.57014098420675
-1.97805552398128
-0.278419647305884
0.00240255807522913
-1.82297837156151
-3.98368873046591
-2.72013398407996
-2.55922438070452
-3.09305969067172
0.134921860048977
1.39295203739308
-1.13406571058429
-1.79018953685433
0.5778402711435
2.11522735997179
1.3931169393561
1.44172647379738
1.09816876793682
-0.296379441972079
-0.370250948182607
1.53741159961887
-2.24790437720389
-0.0237407389085319
1.90031509721861
2.97352501862066
3.06473221699791
2.26973987924595
1.80870912464985
0.597570642810385
-0.750100075654287
0.2917779950298
-0.160078279002569
-2.24360586600052
-0.785201901893382
-0.124019703552934
-0.628148166900394
-1.91084802948289
-1.51224204357171
-0.574156253867459
-0.21109161744066
0.519548765493279
