# Fix print output for fix printForces
-0.0102907031665274
39.7013669087396
13.4945265882499
25.359336405399
13.6115161111791
11.3466021357068
5.39881228158364
11.4280042002107
9.16054516003822
6.57754951685724
7.06969731336583
7.17211321470467
-4.59203260711959
8.9439496700698
9.44001450626067
10.5516089190961
19.0329268245847
3.79537805471181
6.06842874719477
11.3330479880937
9.69370710793909
-13.4127428969474
4.10935533977579
5.33044246420075
10.1092479792634
11.172090251077
-7.44792043712991
-39.432119153379
11.8136784576522
11.4255556413373
12.1212066769213
12.6238329736163
10.2147448269425
10.180524008131
12.0722626009075
3.6143674169669
11.7237739567236
0.580089699567601
-0.550541797065872
12.305512021978
11.9098166108239
8.95414246092863
0.993272429465499
-15.4358346635195
7.67499856848996
8.69466544354436
11.1173055376084
6.29094615780202
-7.27351701549239
5.19456340776146
3.85635178639817
12.9811906009127
-24.1053191616481
11.6796348585204
13.4121395483656
11.8129162349275
0.404935255998529
-0.190237457106894
12.7967169204219
8.91013155401456
3.8855486359567
11.338228871926
9.98329337727633
-19.7446651301939
14.1690903263953
11.603300909041
16.3480819202504
8.56995390943404
1.9811477634119
13.3874944729083
13.3832963335413
16.3958908923277
3.64186469975732
11.5811225108227
9.54568069780591
19.1827203426806
8.66468600271174
10.9288051076273
3.87321707048287
10.4861530358968
12.2797135190232
17.8527547330045
5.51241832022445
20.07424026977
5.01176945516228
7.20559314037719
9.96570159815453
15.6656238417301
12.7105003108357
12.7800436311212
-3.34724871731869
-12.8848912634797
-17.0281008201161
6.14327010954702
6.66914079440841
14.8170755225071
6.25836212938628
-0.122786325988585
12.7236154753097
7.26410345843277
14.4474656591632
