# Fix print output for fix printForces
0.0635494001218233
29.3315937253005
-10.821681512012
-6.31340664714804
22.7987280680322
12.9635750914285
-7.73769506105752
0.373545207439452
9.61590544740766
-1.66651125747098
0.939150544472146
7.79421875615465
4.2158396915346
-3.70781788616867
-1.06690430955774
-4.73515327771552
-3.48222329326866
0.926014490280849
-1.50868354433179
-6.33582231419224
-3.42187937528201
0.220312782252076
18.1602122478687
2.6710984317161
2.74110391498119
3.4238660115535
-8.41754931577892
-6.00261736996795
-0.0986571432320504
0.361721532453489
0.612469971718874
-3.08772966444993
-6.28544067995427
0.653701088780496
1.37933989567149
0.127893890906585
-2.42709869436531
-6.08965819101136
0.402177572359571
0.89770096992584
9.12292716338415
8.06793530677337
4.31587484205937
-1.10037451382495
-1.34990862001981
2.40323506920155
4.84213051290691
3.66051907317635
2.21781220350818
1.62249742658643
2.65597018261055
-1.40583351657248
-3.0468481880816
0.881243316602628
0.417714737808921
4.86206924075498
4.43196032568482
3.95738757050627
-2.29317367187836
-2.7000545435324
0.568480264445884
-6.61657885392655
-3.94002871844504
-4.61580530681016
-0.36822128299401
1.9218255896123
-3.85396414269103
-2.63255270323056
1.23653638836763
0.0850694655942559
-0.8693641100372
-1.22905830652689
0.26699940813087
3.30418436742149
2.20139642231279
-5.07752887907983
1.26496635589572
3.55594075724946
-2.06338820644185
-3.15154937004788
3.98313114437856
5.54196430080215
1.02004655891256
0.0492252140110054
-0.75169261408884
0.996376344549662
3.99836080710735
0.112026012591068
1.20174542210658
3.60937675594709
2.68151517789033
-0.832086096049397
-0.382064892971766
6.93937526750841
1.6745690886878
-3.4079767296578
-0.809091891674129
7.59275793960621
-2.3087071848124
-5.09823171205402
-5.32247785413429
