# Fix print output for fix printForces
-0.46910753183951
-2.35115305382002
-4.52593344611685
-3.25437374574412
-2.5936932666201
-2.41261451670144
2.02935928075817
-1.06395598950236
-1.66788392044103
-0.784480380324277
2.07604924190893
3.69104104994087
6.68784362134409
-1.69276646844105
4.37881069213884
1.74011699357865
2.78223660515935
2.19434611990845
5.0316283327174
1.61107532882745
-1.60376238035853
-1.54444310596524
0.819160542166183
-1.09058420148229
-3.73132334084893
-3.77788591675291
-3.63556310164516
-6.21310773613688
-2.9213431416194
-1.68188882982141
0.608984084030176
-0.0797220232348504
0.824237655667465
1.43687308408899
0.915635007230529
-0.562580774130703
-0.600748948797783
-0.271988769431378
-0.103997792477349
-0.314416280684661
-0.0561594660859156
-0.566216704325945
-0.517939704446397
-1.40864718610342
-0.926818142866314
-1.53637630576628
-0.557071426079913
1.45316306409976
2.63855576002299
0.10531304352879
-0.369439877501497
2.18968398567285
-3.48687136220222
4.565346543759
10.8378044564371
-0.86838895854906
-6.7790612568801
1.37126475150487
-4.33989117044766
-8.95650007238288
4.62124489433648
-2.45242717269677
-1.86242915921299
5.84115079349031
-3.13152534121101
4.72052713444427
6.30928944092895
1.05551322842392
1.10635879718401
3.67608705825335
1.84752417166547
1.68132994011568
-2.20097935708217
1.70441056468021
2.95005239155246
1.47493156369079
4.16823437699021
-1.33818447026829
-0.949233229422092
1.06247069197092
-1.25210486035842
-1.44606937565569
-4.83983491317742
-4.01791933407157
-11.4185713010852
0.263301886209757
-10.9461188730982
3.4490291114898
11.5691199301411
-4.83238032300568
-2.5619525362093
2.3753043742925
6.72241910220715
-2.70904023212426
-2.02879476455928
-0.294346124004696
0.647020032473034
-2.23117810600383
0.141536774481374
-3.0493420015057
-0.229951128646145
