# Fix print output for fix printForces
-0.0806496059312577
7.46718600721682
7.75183747109461
4.03787349528455
-0.759831358563045
-1.60267866030997
-0.463691013770862
1.81730339229114
1.74834109293773
1.98832103641861
0.17819219389195
-2.52880791313435
-1.57432593838832
0.886631656089877
-0.709287463198798
0.120493460543554
-0.221965071699727
-2.7349922529519
-1.49980853199666
-1.78293569852504
-1.68426351967462
-0.182375338813014
1.5199005736275
2.09024927064988
-0.0271934398785516
2.36354715023267
-1.00336091190731
-8.80293910724269
-4.48169045899066
0.100756079326502
-2.34581797462893
-2.76274867294314
-1.8983302038297
-1.33593370075373
-1.25386697336112
2.25493087832082
0.20754618978462
-0.4989186848775
0.350497265960443
-1.36393261774815
-2.69144497440895
-4.31443658350079
-3.63855429512875
-2.22713279685872
-0.451293988963168
2.98433971886082
6.74877309983833
2.92186241597755
0.219130850902324
-0.589699005231256
-0.105976822761662
-0.81923660422834
-1.12704721812281
0.712771941242383
0.783079030768772
1.64132867789131
0.554301658558096
2.16077735312618
3.10887463892767
1.43621748011992
0.73467331892082
1.34889664707603
4.07497477652996
3.65524781572523
0.00614829132083727
-2.39328858318981
-2.3342413600683
-1.48869727478912
0.0325428957465792
-1.9940976539138
-2.95032025408086
-4.11568911606194
-3.15759290333807
-2.50616105813696
-1.08117624195804
0.307034150990912
-0.871678071492548
-1.29780492718868
0.0623092518550501
1.44621993598765
-0.924402257058271
-1.97766276113478
-1.16762522797687
0.104953106746789
-0.747739464134249
2.23922442455026
-2.49659377964881
-1.12045502388494
-0.353466754012317
0.735325391872032
-0.48861712562298
-0.711819842476696
-3.38076069256702
-2.1005113737454
1.38296314829988
4.02422711807557
-0.864629513903319
-0.46456369902702
0.911153899913588
0.858817354485466
1.82495227823105
