# Fix print output for fix printForces
-0.00931422254502541
36.5809313000068
11.3882285033039
27.1249496158397
11.5690872467235
9.96113220599112
4.27772911060559
2.02555537714608
9.13599160905556
11.1200915741969
5.68316100699074
7.59636476415462
-3.24908523151746
-6.3479796607454
-8.53099702158764
1.50987229615298
13.5874946812138
9.31534674761781
16.0769326246701
16.5030188858108
9.76634575239
12.8051582134534
0.00136236934261547
8.8277867554353
10.3539921375101
-33.0989190847651
-1.40126965680727
-2.7774372455191
-16.858112138056
3.7729451982889
8.1463011188204
16.8674125216597
17.4674534855207
11.1013674284869
10.1426627784389
9.84336824108826
-10.6967899524842
4.53460523794713
8.92903403338348
7.63045196229341
-7.9791564121416
17.3977922733773
15.2410127294015
8.92558359386241
20.9086179923816
-10.445822879256
-7.77869927212944
-57.4010349966456
14.3574085231123
-5.7002886812944
-0.948860218916812
4.83986360351443
12.52048522865
14.9817743347043
12.1369870407334
8.29253519957037
9.79029876545995
7.17184460366192
10.262419096187
4.86881993821491
13.0878121043183
10.635857514334
12.6506802628195
10.9588810369013
9.94959532168476
8.04912596049983
6.98314637163254
5.13389573266038
3.5022412909726
1.81178213996814
-16.4635698519118
11.7849147952947
6.25325317741442
17.2816733404421
10.7144975837886
10.8439884759908
7.44888477604774
6.6572252605781
5.86421600470674
-2.09306117638985
11.7011570429599
-1.99404231289584
-32.9273954279404
12.138813743483
0.635267953574374
3.78851311849387
7.90596137178742
12.0267595417732
14.6539743385776
9.25897977666586
8.98193873830111
-2.42132127996963
8.81723403064362
-2.57433987886955
7.99682056704049
4.43695776466333
11.2962067693877
10.0623081000808
10.9238051150599
11.225328477378
13.9675793814551
