# Fix print output for fix printForces
-0.0272979875874176
28.6240469632605
7.23921077033562
2.80660059686063
2.44538386157558
1.82011021199525
1.000647084133
0.567183910700531
0.164312993100699
0.0896353663372516
-2.46710734998778
0.0853613060870215
2.30971871606033
0.897688098570975
-5.22066546936445
2.11266877573523
2.03787472807213
1.85618157650434
1.53699010635405
1.56759596263391
-4.22627944577816
-0.384599387743845
3.52114365698204
3.87653140091629
3.77677220311722
3.68171101322672
3.35402479294617
3.9785932370111
2.63542601878312
5.63927868476778
6.82251751738401
5.97278384841029
4.05885047632931
-2.02625843414887
-2.76814108829981
4.69197095348048
4.09062871979148
3.06593626941065
1.5257381917816
-6.26976435393423
2.21730059336609
4.02554802964194
4.9023464365077
0.938525047869817
4.63653162879416
4.50804270657185
4.83039619017554
-3.28806146520155
8.38271425066405
3.57130101288631
5.92917368563267
5.6584687011677
7.74168112709768
-0.225935361937112
-10.9505457948915
2.98228479089049
4.99351563374009
-0.613599758126254
-7.11886092775916
3.33274955538276
5.95927839150582
4.58526103376891
8.46521461971072
5.56045180332189
7.13895696795798
4.24781179102284
5.18014007102339
1.13088271196636
4.19148683045727
6.59356240462192
1.84240988386105
4.6055513591985
4.35101688541305
6.61338336850751
6.11194363473152
6.62112332135233
8.93324048708268
7.00158317144831
4.47417957978783
5.9774821926114
-0.919689596169045
2.25544356143966
4.73845785277624
4.72739404197224
6.21641593429845
3.48991166433327
2.25004528395693
3.08975841057702
7.07542039563061
5.76268260573123
4.85762768886705
3.8473186777218
4.81694543235295
-0.41246504115238
6.51317704273074
7.28190595343069
7.54357552257947
-122.418566835237
4.55751387045686
6.69932510553972
4.04739740154581
