# Fix print output for fix printForces
7.68707732944412
7.19644789793963
10.8424240590292
-6.46157479563585
-16.498617893233
-22.1945062085963
-8.39251975545643
-16.0213086959713
-14.5722149869597
7.31876427750234
5.7867600512279
9.1416734760342
8.63162324511513
-5.47946502448588
4.01281742044494
-10.435005052813
2.12607147139789
-6.60664979799638
-19.4345508761341
-3.37776857612651
6.94520294543581
-1.60599313098872
6.04428489455854
-1.76847700318643
9.4235076627394
-4.4952031661533
-2.84966551037738
11.9033040115826
-10.7154007537175
1.59445404808924
-29.9241774050735
4.02284545920571
6.85281562647005
15.3603709668923
5.3366330189945
-1.37237378924172
8.5133669982205
7.22588302031682
0.672003618108601
3.03062726245052
7.53087126527147
-1.80779452028202
2.16402658729262
5.90750759225093
-4.06994344310253
-4.25798069807962
-0.370134732111231
-11.4681340916933
-6.13818582995266
0.389473287331097
6.97523204617316
-0.285215239536538
-15.1392276409231
-3.69935505183587
5.53673814744941
-18.8293228646917
11.0340212423338
12.6697090470568
-1.20209771408465
0.0127325958574181
-0.521796869994214
-3.30548182210937
-1.32608478006845
-11.7279635307128
-2.46951515060445
3.9271275276927
-5.0611238586917
-3.81432722879998
-8.07969783588049
-20.1832983619772
-2.64759224067065
17.3246454985718
15.6682119996659
5.36134687432875
-20.3902014394671
-25.2915280061733
10.5656058644668
3.14507957722523
11.074186886874
-0.23115087262325
13.2593259587407
5.32194517330167
-19.2354580615148
5.8811308852967
3.65240582119043
-15.9175580626992
-15.0874822680012
-2.20973009590468
-3.4158553715294
4.25189442681662
-1.98332014207022
-24.5725963322298
-16.093590012018
-5.46220662981299
-2.17255588582154
-3.91638543388197
-2.61394952856074
-8.34202693997212
-11.1339265107175
-5.58674507128668
1.16297495875201
