# Fix print output for fix printForces
0.00122791762324498
10.633651431707
10.0383201544904
5.10103143564582
3.30907070077978
1.26413504913507
0.902314053949755
-0.190840861297941
-2.08413967321393
-1.2797350927411
0.984175096219097
2.96691247284959
4.35280924709279
3.19670939491724
0.885669142362946
-0.568907812024246
-1.04687907155693
-0.433325983720982
-0.574098302435425
-1.49639422844212
-1.51737741825464
-1.36614756736296
-0.353718302967903
-0.422711629291131
-4.15443504961351
-5.05553268394406
-1.46858041430716
-2.43811416022405
2.31881744304332
3.74324677435791
9.01604808904209
9.049744671675
3.75775413062632
4.07673490974962
3.3757903024473
2.16994523227912
0.659530466369171
-0.645080417885494
-2.16850819358964
-1.9169601334028
-0.0115576697604183
0.524023332171939
-0.342370947806119
-0.468502649190836
-0.798009518113024
-0.179049221508072
-0.258941407678905
-1.58080119421579
0.607506795315317
1.96716789852433
2.50925745318612
0.748329479034785
1.33948704558217
1.35535635764187
1.47249187359409
2.61701885470092
1.94309094247494
-0.0980930187576714
-1.00581876603404
1.49189401370389
-0.192470103021179
-0.650439770278214
3.99467751300936
6.0883254979536
4.82991988474085
1.67647902481078
0.784869094432403
-0.366992400375442
-1.31870279895235
-1.58442028771381
-1.37384237152535
-1.48523648944409
0.161378376814552
3.20055114212862
1.14464333068987
-1.69701113521923
-0.438120769737823
1.51289422447069
2.10983791724101
2.20092201307651
1.97805281538235
1.34744149803034
1.80609958685482
2.01498777413964
4.48334154122351
5.0881948208868
0.571794974819017
-3.05284422835348
-1.98921919603585
-0.473580313328593
2.73592872683485
4.38595598445227
3.72212131002251
4.17845950444043
2.74142747819879
0.528647932547564
-0.762990889455379
-1.87164572109302
0.0466270738775869
1.42075038979159
1.34735551671654
