# Fix print output for fix printForces
0.0997826999764617
-1.60574701634027
-3.94719535967408
-3.30368753836722
-2.33544839819583
-0.926977698682801
1.13132495531466
-0.910271872622459
2.10477879580517
-0.677318703223603
1.03722165491708
2.34764270533884
5.22504988649897
3.6176900870896
-2.22042730010388
1.10733661014631
4.37037147430806
0.0274404713620507
-1.86178512437111
-5.72567043385519
-2.34570118769407
-2.37533130514551
-3.36285477048644
1.10233802792606
-1.21794653839169
-4.11043205085028
-3.12894083663545
-1.48983984560473
1.36697819192335
-3.75547606715583
-0.998121739249119
0.0126010008632745
-0.948906928561046
-0.0584329146614161
1.09249342589146
3.03806089821615
2.40409204227417
0.325041034327513
-0.866059082551576
-0.514254422061238
0.321801298138004
4.39321147575294
3.63554097604766
0.809204683562972
1.8357874384455
1.97316300797364
1.20631737369525
-0.894543874970768
3.13083258216978
8.94705204145243
2.43119496709759
-7.69675758657687
5.75662153119509
-3.23967114196658
-3.92379958673428
-0.772876193394577
2.12101468597593
-0.124227001275666
-0.184915009158585
-4.27578756542807
1.91686324095193
-2.27239590191936
-3.07573572811042
-0.65935630749185
-6.546997028576
-21.4720523239845
9.78265861767041
-9.01036126499088
1.00882560916441
-4.05285101472003
1.40831358352464
1.72180797077306
-4.97316819750657
8.43517472793474
-2.40077632317004
3.70414245651539
0.493831429374213
5.15519330782502
5.62016096430502
-1.9448086013865
2.04337524092291
-3.14054045042965
3.91609451380968
-7.30423181775952
4.40925428630225
4.02993795015589
0.677966862173011
0.592731302330728
-0.471519908433018
-5.15554030760463
-0.0328500747051295
7.91149326402495
2.40665743359198
0.117774917026578
7.77030449505306
1.55962387548299
1.95152268645161
0.415406605542596
-6.06463161856927
0.867285800994188
5.37173150185413
