# Fix print output for fix printForces
-1.33763442629633
-4.8387652322764
-3.23366002437708
-4.37618015608101
-3.24186034603639
-2.32233971443036
0.243559892306411
-1.68441267394378
1.02936750515589
1.74168962021126
0.733266754247215
6.77771187232511
2.6222525668955
-0.531495643568254
4.44936699117131
3.69405434303447
2.96820371223675
3.91264622418635
2.56361203071211
0.933540784697048
1.87313077369946
-2.70844004405316
-2.27144369259696
0.448611762068965
-2.79751982340809
-6.36163849692259
-0.699797423161168
1.85003314892372
-4.06354680921533
-3.96045266998015
1.23221925337408
4.07331051104566
1.67717647373747
-1.69157397759843
-4.60630830587667
-2.96492956654726
0.189643527053684
2.04123985525821
-1.59531076869485
-0.280371445436291
3.24137916936211
1.24267562970751
-3.55266634941629
-4.90169287377383
8.19525904802554
-1.58048657663461
-5.54199419341801
-4.93907361237897
-1.43680626185794
-1.94115620396771
0.901507443114318
1.6195747010628
0.848142127169494
2.54961346992749
3.34161609817493
-3.63567077401728
-4.62214200881941
8.47890587738754
-6.27267304956272
7.11250429251572
0.527534695486183
3.9628087425731
5.00310503752537
0.0945125739510302
0.566647330599153
6.90881548866615
-10.8539297611772
0.283220364355783
1.73270183951105
-2.06936579277665
4.10304512261439
4.91844057525158
-3.05026110354938
10.3405054594095
4.34205652490154
-3.52754474226882
-3.89619032710624
-0.512865691779165
-4.83121404274486
-7.42711939867402
-2.69175622226123
-3.03899753020655
2.8235567438849
-2.27052005234452
1.16793531638239
0.354573757907741
-0.243404137479537
6.63307643114438
9.04653023856008
-1.03213701722672
-6.74242247524009
-2.56517492318449
-4.35955870775348
0.776291918250728
4.99414408261789
1.09241911307842
0.257090693847138
5.96786886460155
-0.144017710441354
-2.97385538067773
-3.32468061980094
