# Fix print output for fix printForces
-0.0621685807812257
2.54170907068023
2.39239708948844
0.561019587532258
0.746464136843959
-0.484628084151848
-0.114092469126903
0.866976079351361
0.98497098722394
0.583465533085466
2.34931132246872
0.361422542662722
2.64905976150636
1.2172503991925
-1.23662983424405
0.861624803849724
1.87919929728488
1.41626378690633
1.48398523936222
-0.18055446456464
-0.142359311116491
1.98156280071538
1.67870313765878
-0.796618854799521
-1.57676555032078
0.0319974015645106
-0.306979865896874
-1.36431521315443
-1.11806954461825
2.3025537075603
-0.208937731523195
-0.408963053565347
-0.832650634162703
0.4248280667713
0.214443125530407
-1.78684189961481
-2.50148377757072
-1.73738475367401
-1.02094966841044
0.0985933957284991
0.706498298659918
-0.615388749186563
-3.25023725510845
-2.07838245361321
-0.714311525738133
0.173513946321744
-1.1587242176731
-1.16000731982525
-0.486703190028804
-0.128922454633995
0.100116055394993
-4.23700079982452
-2.98479633406035
3.65114317021216
2.07261140593832
-2.83366655737441
-4.18889302384002
0.849812048689269
1.66210227964956
0.953089342199473
-0.61508119393587
-1.68221888166246
-4.86000682126408
-3.82919312922238
0.218489935804446
0.970259115498594
1.51527246404245
1.5603650353749
3.9215276448229
1.93878232930626
0.752067838234728
0.339724004651846
-0.184959656539271
1.0190278117823
0.641117223404392
-2.8674447119002
-1.20025025798727
1.58274036682501
0.663230475843467
-1.39587779655395
-0.570525107251107
0.274393144604832
0.645981297924628
-0.713543357629088
-1.58611943807159
-1.36195142575256
-1.14697014404521
-1.57222692448001
-2.10934636074848
1.55568697240785
1.20436244944331
-1.35496843704797
-1.36448520075388
-4.88292854043752
-2.34205880108013
-0.962291371364952
0.370654990792248
1.32466943337881
1.44835634061438
-0.0417191194722844
-1.21469395930902
