# Fix print output for fix printForces
0.0516549224508744
47.9696242152956
5.16240743325363
-7.64752773144186
13.9053000158877
16.1804584347486
-4.61321456540963
-1.06664197306657
6.96418791276126
0.838132132820816
4.23898288743511
3.63857357652832
-2.53222240465143
-3.91778171735272
0.598166305032592
1.71470304075787
-1.9014192290753
-4.60839094811127
-4.7004517956335
-8.02079146735075
-14.622401295851
9.19699912735802
-3.54403656127809
-1.07504260315938
9.78650079373722
15.3741978099483
-8.13372655699111
-3.03651034046788
-1.41230851414874
-2.80249848544623
-2.65933057294322
0.180566353187394
5.545696974581
3.50047600764206
1.53232759071453
0.6997003009209
2.40023842982114
6.21600898422591
4.81130232658473
0.361583594872738
-1.33257065998983
1.35639743920739
4.49567270170585
2.05472792005887
-0.502578202251229
2.80733552931653
0.744251825059584
5.70318203950208
8.5950774491917
4.9082864186983
1.42978981954408
-0.624124202332995
1.44722975646931
3.24230884886839
1.04199633190636
0.530388102911277
1.16674251168676
1.51568163868692
5.85605788014196
0.554919988032535
-1.09780526708976
-1.88990336101812
1.5771999709584
0.419932953844744
0.517713887808447
2.54547349434876
-5.86371187248423
-4.28227027988853
2.55021967702458
0.971569441830132
-4.15018662878227
-0.457379828804475
5.34768425811397
0.888840467673114
3.11884471806172
-2.9493251081978
-5.32281266392321
-0.0360368630290755
-0.681267597107168
4.34733775398123
5.19837697139809
-1.31049581222516
3.4761963859042
6.26371713096457
-21.2036834077698
3.79129724507814
2.78181474993914
-3.18533305275393
-4.58644053249926
-2.25848719301928
-0.230482069021569
3.9982403566448
1.62315371175004
-2.00730258391264
-16.5585619894497
3.67054780513283
9.67974797555691
-3.91969266757733
3.63747321871016
0.132034205463996
-0.439154842796325
