# Fix print output for fix printForces
-0.00637657696304659
11.016786456547
10.5766775340195
7.84204145792407
7.03164785744619
6.23342338796069
4.31284169328324
2.37789559702986
1.25098172802977
0.54013149966241
0.658341561682423
0.529991505279121
0.359360494834536
0.674736450869083
0.685004905256474
0.79149469799627
0.371137517305126
0.812740971624147
1.156090896194
1.1432157620258
1.63582513757488
2.47213230702261
3.47838007446885
5.36453435702675
7.9951471115874
8.11396625030093
6.57393131605495
6.13744683998507
4.96730492023841
4.30859440228023
3.53545978925974
3.07916300090397
2.13283645952931
0.367867356511624
-0.0569834159133629
-0.655122404267987
-0.202021672764702
2.60155519836798
3.03109290034204
1.38705672126373
0.484664868234827
0.712451276465296
1.80509835633735
3.30768963344255
4.91831178360189
7.22154736012097
7.21024514703789
6.6703671685342
6.20499095227795
7.06869166888512
8.54174672265102
7.43560701420912
6.30354114155813
4.31420725638788
2.84614409517562
1.72768994222063
1.10744007775249
0.346704695869946
0.280439580297525
0.354462735054611
0.821624787666785
0.510257118496013
1.06319270535807
-0.53872258344994
-5.14782336616555
2.77724960442368
2.92425432268571
4.87529112503452
7.55551960233679
7.23193425916855
5.53773250983435
8.47815158788256
7.43557008562332
4.88672736756164
3.30611275671142
2.43757606804944
1.99673928588799
0.63664915213617
1.705085577733
-0.283172687519713
-0.920973255240085
-1.08353945973363
-0.216345267314514
2.77380386096078
0.856991869477324
0.978644438791651
2.10100962392167
3.22169407983081
4.77050020456738
5.69156280175423
7.07950290058785
8.13939297931462
9.19591270677826
7.41667481529023
7.79883295454908
6.51402331592699
6.20199072487095
4.29527230762942
3.65795115046379
1.86292552591723
0.730006362880615
