# Fix print output for fix printForces
-0.0223043351913578
5.30328105820125
8.57821586041127
6.09179331343853
3.89811131763871
3.72285250277097
3.1353239142634
1.1301045984661
0.733446943181059
1.19712426918825
0.308883922340988
-0.836693672815838
-1.2309884363049
-1.25139371782891
-1.67975716194291
-3.76829166078836
-9.6949221587672
-3.61916974144724
0.366169869889236
0.296945052640756
1.48393198815151
3.83997264641201
3.08688730001816
1.34209413224072
2.59803302876574
3.02727753796653
0.694534550887981
-0.664264501012781
-1.14593077126696
-1.56952965813991
-0.45427517678954
-0.213130312992792
0.310039355581304
4.95272533828398
4.72348019014231
5.69358254995328
6.29292483347053
6.777965981099
4.80458352635628
2.55297598434961
3.7807581642639
2.43866971215021
1.05000164865565
0.274565988441383
-0.359805238278838
0.0167319533689603
1.82340688408355
-0.0510857521830387
0.512763827910526
0.841820529071672
1.6090024178995
1.66414349198366
0.92544371906386
0.0932795812393707
-0.388477693417332
-19.3018861241509
-0.953267600541327
0.389453880492004
0.0419420818791215
0.659312996733203
1.13269498992205
2.60747513713471
2.91734528594545
1.3312758122426
3.12350871994892
1.6111213512128
1.00396170344262
3.67888185507127
5.78675702178587
1.85846536940558
1.0477092586901
2.87416635568931
1.80031597279976
-0.0862778008730715
0.458705119213121
-0.586714881555766
-1.9190131342796
-0.64862547965499
0.371194468274565
-0.196297619261324
-1.7892332051769
-0.715132971731394
0.0663822014836244
4.16864829134917
4.67067486033074
1.04896433605026
-0.413290589853515
-1.54359492622961
-1.46989131232214
-1.38222366569431
-0.651745383798614
2.0734320222919
4.74254403829371
2.9896828859956
2.00357249832796
1.88659268822602
3.69382972432545
2.63085281303633
1.73203568696982
2.42038769332906
0.866390631778662
