# Fix print output for fix printForces
0.0709799010094491
20.3538909810212
-15.3249079496462
-1.9126609928557
19.0526422218226
11.8185569483499
-3.90886932544338
4.46314530620072
2.7748283157144
-0.512047166904392
5.4290341140766
2.58731959237149
4.30487833872434
1.32837461038803
-2.22022040776141
-8.1765917009605
2.20050856040182
-1.2906012626667
1.28479786124736
3.54122284450533
-0.90488166354061
0.812388531134332
1.1550880719232
0.68352181154384
-2.1958470808266
-3.2869601019977
-2.03704808071428
-1.36027219889628
-2.51219324010673
-4.12613907676032
-3.57236426638834
-0.840358418650705
-2.92843825665242
-0.751664927114317
0.184450398719247
-3.80495269887856
1.89679157531695
4.72868057368123
-1.0320485321314
2.06672411830785
2.0781601550591
2.63238845047864
-0.269939680555422
4.03342928604473
3.42272904981546
-2.63181618748499
-11.1077801458918
0.151955804847436
5.97080184150794
-33.8441972767067
6.07284685445472
5.56471815101951
-2.30940333111239
-0.231108290797117
5.50170180474999
-2.77514166293033
-5.78560414528648
0.452903032855259
7.68495597215481
-2.82883878436643
-3.19962548772517
0.719830950390897
2.18363624906333
-1.10090068339728
2.35205555795015
3.11451905993887
1.35545597189985
1.59489330794887
1.31099664692545
-2.19687200724485
5.44582217793372
2.50175062574039
-1.49548794215316
-2.48218764215651
-1.02676944048838
-5.42951519944055
1.95240972189928
5.0724896621813
6.5138523164722
-0.811531403757711
-0.977755859497962
0.768436224572059
0.508226005192928
-0.649309357941652
3.52987148951046
3.78121625610653
-1.63478241161171
3.48580975228322
3.45678788294675
4.64265789002246
3.32805995832155
3.98467124589103
-4.67723539141049
-1.03076961355936
-0.833465493014959
-4.22666855971282
-1.17719920276307
5.38040329042186
-7.22018767665447
9.35459832655223
-9.71518515627012
