# Fix print output for fix printForces
0.92248598185018
22.6802714919133
-2.91386554078111
-4.63754597666756
2.96591579417978
1.53056028300204
3.05593262016877
0.440650360205209
-44.8722177119226
15.0208286656038
7.24725828730589
3.76971745355179
-16.1838722440756
1.64694950103464
-1.78539676245516
-3.17850491826447
1.94801146726839
4.02914190390314
-1.2991990674277
-3.8093304096569
-0.241247288687552
-0.56943780501915
-1.06431283543726
-0.0582153856167591
1.36174023359922
11.2820340114351
4.00951471969934
5.53025107690681
-23.621584999783
-3.32252566193486
6.00398795402448
6.15556657661025
8.87422459009579
-8.18906874636786
-6.07325555536519
-0.796251338638359
9.38273966732483
-3.65836697263331
-12.5349966031795
-18.3659824109522
-0.00328969620506392
-1.40549716110605
-4.33488887047261
21.6265190694182
10.5305348448769
-37.0405884649519
1.4506157817925
6.00524234414944
-4.44852012246921
-1.86667189439145
8.13237462303023
-0.884132729375354
1.2591777033659
-12.9476274554423
6.13137732524933
7.33717545782357
3.41075436049513
4.38260058467789
8.14225055145844
-0.715488598331143
20.986427715165
5.89539804693447
5.14862908532707
3.00842467854731
1.29912974430172
10.4839900200092
23.3534452288398
15.6467394516364
-6.99668620183983
-9.65884343523334
-2.78460870457605
-5.01372387338192
0.905274695111888
14.0597313461654
26.1066191368516
5.91029577983028
42.7789549639629
-5.6200460007596
8.11349165950353
-13.1549280903773
17.0930246230522
-5.32095817511434
15.3936458770511
4.64933650778593
-5.31857477739632
5.81800606696437
3.99350134526612
16.7917088679258
-2.57507417990205
-1.63936161745767
11.4949246324901
-6.53583789500693
-5.00228635243266
0.130115085167083
-4.91399036751572
-5.0534066612231
-3.82748406390968
-11.1469082271648
3.31594651509248
-5.85107688839012
4.28967827929258
