# Fix print output for fix printForces
-0.00798667424590859
9.32983026850267
11.3246675972311
7.36199062180916
7.04599632844879
6.09622502664591
5.26096078209993
3.98685801015627
2.98719389093251
2.03542656642306
1.82896470144225
2.22447004977651
2.26206975609538
2.40844807344028
2.21690359694338
1.8429903558412
1.67016550111576
1.65484717545758
1.91578510996304
2.43791064626692
3.93250002329896
6.28959046424843
5.74094085091638
4.04467797430071
4.36403407214605
10.0181800364158
11.6495249725867
8.32621306685291
4.05189905978561
-1.2118476414962
-1.31249391086172
-0.466634963910629
2.40983956176247
2.38223780751379
2.45567924683761
4.38188436400266
5.24188346069033
3.54487923113565
1.78058380875809
2.30260248754557
3.3936728502729
5.17716969230945
6.34953653598862
6.68312897075567
7.28106410147693
7.51886148404629
6.31971267142279
5.90124110774418
7.32192610030526
4.05727744511328
3.38250671999591
3.47443112841718
3.67982178163331
4.21339851405275
5.64929112001813
4.31705824684783
3.08905535143229
1.35589184467783
0.903522416624634
1.76342220375342
2.2880335790429
4.06072196499693
4.83065936611942
4.90543228156278
3.99585234728289
5.62115843594792
7.67041269223082
8.18260563335176
8.58496664436484
7.33146898292201
5.08567646403886
2.98150515769984
3.90107326432598
6.3211412386833
6.09644005036098
2.84202267524577
1.46471102019173
2.0747301647209
2.84902520809869
1.81638556361786
0.0820870169127357
2.29798746941597
2.99356333443587
1.70783627323173
3.01875096322285
6.29632913442104
8.69195615386586
6.60052386516952
5.25336910126793
4.37708280365647
5.46416417423833
5.86125771300003
6.6492779368817
7.9760552054003
5.83446022904227
5.45977820478386
5.63718689186498
4.08553456476295
2.50048932928273
3.55865687403751
3.45883782323539
