# Fix print output for fix printForces
-1.04756876276402
-4.25503284078095
-3.82626597635963
-3.71740048612969
-3.43672188262347
-2.16945933205528
1.32301073968283
-1.81762978341355
-0.0146803378245304
-0.205120743956589
2.73597472870288
5.16089187663429
3.35696626815156
2.17323791231004
2.19726286927562
3.34703873202464
1.06826364695881
2.32081435473743
2.68325262655837
1.31845915864835
0.168299124850409
-1.84359234072837
-0.769975548453097
-4.55395071041319
-2.25299372009904
-4.98698618286563
-0.177542244536742
-0.638505357416382
-4.56740289559849
-1.73889167398691
0.825130993320112
-0.643258128073812
-2.38448861850079
0.0666160493979966
0.18002118580557
0.707106748663962
0.435408124779141
0.178466357183872
2.04006985246707
2.00254965564105
0.298998561603563
0.492196385460246
1.21735635984527
1.76068371003506
-1.08207270585814
-3.21261440568957
-2.26812190360254
0.543864308072624
-2.71533057287485
-4.51777109696076
4.53696335940353
1.39494006881267
4.06831331563065
2.83891726161828
1.57563811962334
5.18388675138028
4.06531721441228
-4.25528866642404
-3.58833247235923
8.91619424356277
0.704145052434149
-2.46746580031492
7.51476521745652
-3.41382298183317
2.81724131112315
0.226457894830281
-0.426176487258375
1.12203067057343
4.41265122658523
0.032918022300231
-5.77925701924289
4.46484811541385
1.96234160096883
0.127353608325704
3.56213250248537
1.72558570308355
0.80385851213611
1.57765983709091
0.829398863864811
-0.813916994810258
1.70929234363145
-0.346509703053102
6.51426203883771
-0.898349113723525
-12.857307879406
-39.5469473899725
-2.02762594168806
-1.35142866101465
4.43524852482955
1.08152014883564
-0.645077430295157
1.4464075160215
6.4529428734227
-0.177846503531832
2.24639691837395
2.47923155449855
7.98444408320371
-4.20789525486117
-0.676857435389319
3.231997636245
0.800956609307412
