# Fix print output for fix printForces
-0.157288486941555
0.3937275767446
0.578967964216188
0.613422097076301
-0.336427395748745
-0.329882137579416
-0.021720738509856
1.24250084341803
2.63793636442819
0.795053480188395
1.17580539023732
2.61086443751856
0.96038508125063
0.640143419053091
0.819698529317618
0.195017170285707
1.07594836179737
0.282768320894006
0.382884439305746
0.750647486225435
0.793054737868353
1.42732215571216
-0.43419670143764
-0.871895983996504
0.295801816993456
-0.656175320791206
-1.12958411781506
-1.2299378913601
-1.02076925440273
-0.695040214947649
2.13631017738339
1.48790455297704
-1.70811581909649
-0.630017295861213
-0.205810978631327
-1.61467605428684
0.138211763847086
2.52868023324771
1.1267407566817
0.644751817772608
2.09884446393311
2.20684184633489
1.32317760968578
-0.109158759118585
-0.941477780072701
-0.139445742474862
-0.100167905865086
-0.639047524683408
-0.851805868489857
-0.522196072617451
0.785318311446584
0.919647019223525
-1.51272993475888
-1.53828795770661
2.04843814886525
0.760012760526378
-1.40284052348579
-0.638745550730097
1.77454357415932
1.56917830629847
-0.699250942864992
-3.00556193188096
-2.41483816366536
-0.833812933740891
-2.30515117697108
-3.15526730260897
-3.69737208280864
-2.56018998721638
-1.87131434781618
-2.5181894283941
-0.573480163196389
-4.50253881910961
-0.597490169645461
2.35931715873927
0.477806130280831
-0.150527476240453
-3.05748707784135
-4.23947722198922
1.89063411321923
7.26094603638527
5.41351425128561
2.60617113787694
-2.13867767569166
0.413182588546806
1.91290426608733
-0.586616033846192
-1.72786058549383
1.56780932734431
2.96060921697086
0.877174416760506
-0.591205357145408
1.28964339344129
1.53486794321029
-0.436124802321211
0.602574156828747
-1.81977606928424
-1.07248531262451
-0.94777359086129
-0.788393366288538
0.213087633922965
-1.93107255292478
