# Fix print output for fix printForces
0.144847351812805
-9.21286181929268
4.09205967241506
-3.93445099035574
3.77630768218723
-3.37612362064656
2.84591705627317
3.82437107286557
-3.47703451807926
1.90878832920849
4.37452362845515
0.233818150468561
4.00539381938178
3.49026986221698
2.59671634993508
-6.24445363745687
9.98187968079293
-1.59442913131118
0.56346788699545
-4.62916570017742
0.226117642633298
-2.4669536445865
-2.37709997178889
-1.72694283257473
2.60370454561632
-6.97605169028678
10.4531539346548
5.75562136502573
-0.241525961148907
-2.02812402687336
-2.51476888300632
-2.57546014935791
-4.43730346050053
-2.12428473587557
-5.03826619625988
-2.25490304008084
-0.881333422590059
-1.07352679118971
-0.410285945141562
0.577557197767714
-3.35141271330316
-4.7036157371733
-3.77330196644316
0.0850529395241144
1.30131736164393
-2.81996134957977
-3.51470354995394
-0.794159076710658
-0.994850546873111
-3.16137116330485
-3.87804724257365
-0.843063133298607
8.0611643610004
-2.48656496376645
-3.81380021018037
1.6955886161589
1.67507637145197
2.12546193536223
0.727063936254607
4.86728220300068
5.10141401159288
-0.707941973881444
4.90000678362151
2.07630824868361
3.4649058120228
-0.663957632932809
3.65667288645024
4.30916519750552
0.671432630593309
2.69645807453337
6.00645321031068
1.96030378397748
3.20312350882698
5.94494637031041
-2.38387209496999
-0.587729728068174
10.4983402660374
4.97949661570976
-8.36622537283524
-0.518659738756844
5.45152765067193
-1.27579943107953
1.09380503840089
4.47343360992412
-0.124574070891584
1.08357521733845
2.16814998254573
1.35764445354832
0.223802216621638
-37.8765744138424
7.35240330888214
0.231090055645166
-6.59771939089972
2.14337966747927
1.85876597578014
7.76278392089692
4.39327173785461
-12.9833209181444
-29.0741311205041
-0.465433417922731
4.95736995359166
