# Fix print output for fix printForces
0.0468682768350572
57.4817133476428
13.9768663989595
-6.56452030497331
8.13627140176236
16.6767064169938
-3.10252895837329
-1.48032714750831
5.24063907531996
-1.64207082814784
-3.77792254680678
-0.551449747639527
-0.890879897486235
0.267827143254378
-5.17793297015128
0.604915203294653
5.40542121544239
11.4486361402602
-1.71534646946248
0.468060574166886
0.875435628440288
-7.78634572700541
-1.32945251343165
0.568588986520766
-2.90515077485146
-1.03120352502944
-1.82936671689674
3.47917861764031
1.93205889840531
-1.11684886027745
-4.26476682537966
-1.51232789154293
4.26772205900044
-1.13097877910262
10.1750994531259
7.53958907526901
4.88917091298659
2.57270290542309
-3.47381435982365
-1.8842424040285
-4.32706567366474
-0.00464893602884321
-1.04460868574094
0.59494140575912
-3.15158828894173
3.27233914777164
0.63791688864738
-13.2309834504234
-0.0906256042388094
4.12378938586533
-7.9565275111
-3.00585294812223
-5.07100514206286
-7.777477241377
0.721966184400509
0.852283359697534
-2.27314578381082
-1.38745831992894
-4.43401346102115
-0.717281840634316
-1.91305829022032
0.361690602681251
0.8465984743806
12.1620641555077
2.23862096848384
-3.57487463338586
-3.25022988430184
-0.179754035191999
-4.4267664990052
5.78360836910295
0.447033613164146
4.37865520382993
-40.8484255381247
5.30038345735906
1.77174305923466
3.05368009218657
0.58186956305479
0.340877228861284
-10.9412135225962
-1.03959060175967
-1.3435007582091
-3.45776768139388
0.691679104478125
0.55863932301269
3.61195774215562
3.37527875563155
7.73743306927614
-11.6631937754158
3.56753650988351
5.50776378502595
8.087756091802
4.346925449453
6.51133461495236
4.53863694729734
1.68567324379305
0.446266301221662
1.08590046492931
3.68439398231035
3.18929772868721
-0.386400725909046
-3.74923402375848
