# Fix print output for fix printForces
0.114874042638262
-8.00346417348671
-13.3891449241361
10.2616516461223
4.76727568064145
-4.83609363942935
5.74092203478758
1.0543842195568
5.59020479606718
6.91989401857784
0.516077298658379
4.27752505348005
-0.589374429988687
0.947835042886748
-2.88686514540371
6.59932350275678
-3.07376670115483
-3.58010853071039
-5.07580413010021
-1.3343740929299
1.54990557925461
-0.140787577507377
-5.14375250515146
-7.67552982032736
-0.991580868670004
2.73922962327076
-3.09689590776601
-1.56710174887243
1.02111812055184
-1.72543810485932
-0.840931717026299
1.80154736967751
1.41867490564075
0.98468989514791
-1.16664215575452
1.1695073651211
1.79426000985868
-2.35110317310686
0.599224053706032
-1.73025709499688
-4.87692524365083
-1.33679166116099
-5.14988438377376
-4.76708139626827
-1.95304165815243
7.51516474185371
-5.00491170957005
0.19751286674341
2.09539489235149
-2.5324466274451
-1.82652427150974
0.378538697424505
1.79223609182574
0.583385410642625
0.304495016247768
-0.135388029714756
4.66492570395489
2.22781943353548
2.77434939475923
3.88116179073111
2.19436638963353
1.55891204440737
-1.0730908372345
6.06353912569014
2.52003466964531
1.47198172380541
4.38641579901407
-3.95768960735798
0.725512057911192
-9.34068322916387
4.79493714110522
-1.73658287554906
-1.34464729674971
5.24233651766153
-0.881699187641031
-8.11636889760659
-9.92128609808394
4.46359553194678
0.194801912037041
-1.92472167021111
1.14647626726947
-1.86864654876699
6.82435295466563
4.3012734867437
0.578246584604771
-4.10665878506353
2.10076029869733
3.28295340845503
-3.20326558272773
7.64737627730071
6.35643130820644
-4.07924598109366
4.95982527065367
-1.31894388417926
-2.03649834080128
6.9366619675076
4.69133023956135
1.86178541207822
-13.4194823326181
-2.90166255803804
1.45592916612494
