# Fix print output for fix printForces
0.00304043827312897
3.71216306712092
10.3302012766317
9.90770526487692
13.0559875700397
3.52343386111746
10.1649836912528
7.29979587194477
-10.913122063522
-20.3913981122036
5.81389408675817
7.24614442586656
5.58296610204421
6.694619322309
-32.51815377182
-0.85110683975551
3.951322546408
7.81951460994523
12.4861822806789
-19.4403559205549
11.5538649397405
-5.04171314249085
2.59585056071622
7.79918160509403
-14.4266992026618
10.2374207942555
-1.92093912306531
24.0726033127699
-1.99497505408915
-17.8946646331862
3.6858888861834
0.906380612738283
5.98645610583183
-14.7333624780426
-10.6677163075267
4.31401226783599
-6.46412751370118
4.88849784391074
-5.42635651278283
12.2756674622798
3.65721736052797
-0.0200461073369946
-10.7912890926572
11.4103323049839
9.34303273997132
1.57845539398002
14.1022902556294
9.11492708947343
-4.52799061805301
-1.56584617234458
5.31455495598309
8.5240837052237
11.0699802014087
3.6456539836733
-1.54876797128207
-4.81562324930901
-11.6794986355815
1.55898222672633
7.50244404073073
15.3925403167981
-8.63961429827715
6.45242116259834
-0.997703351034962
-6.61202437811162
-2.18365943892703
0.181385275601092
4.93330780134838
-2.15620632718267
-3.40217275756913
10.911968672391
-11.7849390709372
-3.53181115217794
12.8337126703089
4.24737028983385
-5.38799636219108
-8.08411087618684
12.9165387548503
20.9779691262075
14.8955022797835
-10.3239203896868
-9.85671590083642
-4.03492620952736
29.4464750769668
-14.4784981585503
6.02754005082037
3.64693028007885
-2.14896925063331
-10.0683796667615
-1.56330861891978
0.292306866174923
-13.7068930080319
-66.88355274724
13.2411597299159
-10.6184340004742
-9.43468266709431
-3.24754621714884
4.22542888611059
14.2286979402254
-38.1364447588868
15.3958829032043
2.96736647790344
