# Fix print output for fix printForces
0.0390439451072018
76.7755012905928
32.7690355721158
4.89593208354472
2.63732356076839
6.43830902616282
-2.08011350638455
0.661928181550952
2.8652452505986
-0.134248973477975
0.521924658709686
-0.15943944896517
-3.47325417784835
-8.02814542230877
2.0544733969391
0.14946540141114
-2.35027309541586
2.01302179981794
6.10886451682259
4.2550522190702
-1.80617695530786
-13.0882900117874
1.4701119600364
6.02186983024437
5.49831999587435
4.64506132350583
2.21195764914699
7.64935288171077
10.1156997985821
3.6491021621318
-1.46058580920299
-1.02556228475167
5.05470542801743
-1.78976140041977
-1.7360973627745
6.94652233739291
8.43109404276774
4.40176504148477
1.20210900610823
5.0913452578977
-0.72359967903758
3.81388326160164
0.554369805808247
3.19846387082436
2.83717727306898
0.433344179201808
-0.721521045999183
5.64119371668021
3.71242854640093
-11.9035852964122
-3.77957705902967
6.74288523238525
-87.5895057592843
2.94279164361456
-2.92985999781677
0.946286916298123
1.6081535293918
3.10599958650623
2.33747183549259
5.95051737710719
1.90040988033783
4.99560027596162
3.495794143405
0.553086573161377
-1.40325223890905
-1.57321086902504
-11.3292880666587
1.26591101143377
3.64913851803757
7.26487504300179
5.59227557598324
3.25682182943623
-0.579681803350822
2.13356586233131
-0.509825684509176
-0.2297822328657
2.66649509161845
1.32400463020462
0.0811794428122546
4.39705404607494
7.1463835939699
7.77477152013194
-1.40690494203951
-1.80290514470484
1.62787291787971
1.85990842822227
5.38793423240216
2.92798484022128
4.12192299069303
1.66089312777351
3.13571358701151
1.01964885496689
5.81537820537514
6.42288226539054
1.09717239695674
0.709822758363088
0.571561738223565
-2.86336161599986
2.20780819826379
3.38311121211666
2.06410497307876
