# Fix print output for fix printForces
0.00695963584193938
3.59264960337441
6.89887572419387
7.70220348822414
13.1840072608927
2.53845851992033
13.8009365020983
0.60734566488703
-13.9927398416705
-34.4857346100103
6.3683615106845
4.50545184030859
1.97612015512643
-1.79960484391813
14.5559758561165
13.9044937356864
-10.1023715631693
3.05164881353915
7.75227494038676
1.52054766299188
0.474971172958317
-19.7601235115221
25.4204955091457
-11.1426365580755
3.81225007560647
0.691110350648844
8.91980699680576
6.3368642336608
3.50219005807402
6.06919082556947
-0.802239955206836
-12.2992978057939
0.70991716303161
5.03666754342876
11.0631812485244
-6.26373068871228
-10.2536003099542
-1.99775683412186
-3.00304809326507
6.59175610282675
-2.33923930070564
7.70164757878718
-12.6174809792398
0.690050224037134
2.20917928861701
-19.4405891284333
-5.12021046775537
12.5718061724835
-11.3143669714736
-7.61161437138273
-14.1387036201058
8.69837582743996
21.0302615637648
0.258543368973983
1.26485815993526
1.66210921419982
2.72835540209952
-4.08581111584109
2.49365189437509
3.57366381795117
3.23285248145869
8.0489574856986
4.74663525566213
8.26182572051835
6.25955708917471
9.22477839565261
3.94702769119976
3.44047423765871
-9.77058747517148
-0.0245708258821892
-2.86089046516405
-2.84195198945643
0.865361398664072
2.92048228611776
-5.20109551390478
22.5549033676935
-1.19192374925202
4.32846408006634
-3.71294542168348
-8.25952264670595
-22.4304429131682
-3.10120222401493
-33.556374602396
1.55845916571763
-6.83733807966126
2.94468211790301
5.13546881218718
-28.2114142207974
1.37930008486793
-4.18846608502046
-1.37586224656693
-15.3888273721161
-4.96637339403754
9.48915125526849
-5.81911226355665
3.04764824743491
-3.46495417443816
15.3247132409272
7.21513254648836
-10.5710543576554
-8.50938799713013
