# Fix print output for fix printForces
-0.0256749990969461
19.6126049787783
0.695525471280264
-0.0836654423487387
3.02593811605954
1.65903936257734
-0.249341770682612
1.00095187221683
1.76738571832766
1.14625361041153
0.237636628254338
-0.963058643384124
-16.0082114031941
-7.97520131948781
2.52865289381481
4.14368684312788
8.97054488104153
2.45473887270609
2.4619646273728
0.703243548778977
0.689019506743066
2.01085282351584
0.513151742331731
-1.61897473413188
2.43954345789895
3.77207371932895
5.53890899794151
2.77600566859073
3.72388914042572
2.28251152727387
4.03388046339318
1.38964176341871
0.994069530607109
0.123271264269996
0.243996696281095
1.3076817113874
-32.2759088493627
4.44631344606276
5.44831029140522
5.31026425027665
5.20540751527617
5.19257423279626
3.10821573961431
3.32604876570672
5.74081574624288
6.65323841650854
3.46589260127729
4.19195193852911
-0.483291206404243
2.70897007035856
1.72204469745276
7.27677154929579
7.03384198237341
8.21989553177878
6.48800623133556
-0.326999999084388
-0.66526018329047
5.65233285606504
1.37069814059599
2.61805068680927
4.67089075277929
9.5459121446689
5.94584773968843
-0.00790674964285376
1.53698758532326
-0.145485384646546
0.646144718795315
-29.7076546962362
-9.14889407559825
7.08893318485957
-6.89921271556177
7.65084347739216
-16.8016105037338
3.33253879507847
1.00789402056162
0.787739746776692
0.420610401842454
-2.11271396517682
4.20265006129172
7.05209853256352
6.58175273230101
5.700336550032
-1.62788964057148
7.103833352111
0.0868651616763101
-9.40302658341438
-1.83764736807624
9.0205193886217
6.14071842953021
4.19353931498094
7.25739044011181
8.1860316425381
-10.1340868304098
1.67057684484928
2.19707173915671
1.80871962832049
6.06710352137852
-3.82299482504353
2.02852548802357
2.75372749276154
7.47858796588662
