# Fix print output for fix printForces
0.100942259453609
5.47726071419715
3.67687386449265
9.23649693781291
1.96516669827137
5.95970748314474
8.60493774651096
-20.7165423984755
15.6100735544647
-23.5235056080526
-1.26270559503742
4.79466425341748
-0.972959624825829
7.89069621286814
4.26555232959037
-3.58921738254473
-6.86642810781801
-19.6075821875337
1.21297586550863
-11.8151322341274
21.5014365440058
-95.8770241460135
4.86558533165832
-20.259785379319
-18.2544864655207
-36.745127280995
2.9268454108981
7.31040685715424
-2.30739929174345
-11.3335222213869
10.9809594036307
0.0107344042647015
-0.903476229011948
-6.13822013714668
-11.7860182415951
19.1881193961206
0.386040420769533
-39.4949969463364
-8.83466487567173
9.50221400480516
15.3065636564993
1.93814806231942
1.42389369091333
14.3209606406593
11.1893140228266
8.51608457087294
10.979078737538
6.35602664384436
4.8447730045949
8.24194606242658
1.98819150076984
-6.83493889315842
1.37297798104054
1.37900952049722
7.08826434696179
-10.6263926854474
9.95486306348026
2.07582511540475
-8.78548113081549
9.70101709032465
-1.53599822117502
20.1326318025105
11.8626811107937
9.6014094772278
21.7975458670908
12.1644763748392
7.52339284933173
4.49664102072492
-45.2652483683539
-16.688538715143
-0.553208577687889
3.80301307369181
4.60418798063085
9.48327010086519
10.8649600075343
-0.728704743904135
24.8224211899193
5.04611015421568
-0.179411181557125
7.36304160313432
94.1424761522564
-10.2863536336717
-28.2048647691063
1.43325272030583
-4.38380250255734
-13.7279572401986
-1.75543914206096
0.117270982912914
9.33511099464218
3.35660004391515
-8.97591966249741
0.339325491966078
-2.26694189756473
-0.152586717354051
-3.28945123103247
-4.56719069300395
23.6816587485671
-6.62119898533819
-4.35817204476372
-3.08278664106706
13.1036866208616
