# Fix print output for fix printForces
0.0193718457807718
0.951901056089499
10.9649708765651
8.36545314042186
7.49539980837978
4.20628727659378
13.6434613401444
-43.6456243951176
-2.47976739734718
4.74300519810385
-11.2629048167183
-0.364862472650282
-2.06478665187265
-37.696141721716
-35.5577049707607
33.4401236007688
-4.88828705230384
-18.1688092444984
0.374015174782358
7.82316041711697
-1.47101328531487
7.00331151309015
-40.3792836606098
16.8260176744678
-0.353677132359819
6.92505887336025
-2.99911187179744
13.9829079422331
2.47918567601503
-3.48030521270057
8.77374955434137
-4.61533719020299
-4.69378123546152
0.151926059103257
2.25675679433192
7.7321729372778
-5.68785877051487
-5.82351644726499
16.7822795759293
-1.34026029260016
7.90471939628586
0.806442178843185
-0.827992310474841
1.10037020586505
1.53913944966424
5.76215402623619
3.46151891701886
0.998239459294942
-3.75334386756144
-3.69908875724688
10.418204005271
1.40135810731477
-10.6478480630923
-12.0449207452941
8.21803998235079
-4.20626545432516
-0.214632219276548
-32.4817078630999
15.0236587260268
-14.3524902055082
8.37561849941729
-25.8261042553642
8.42129275281608
1.61826987945667
-3.15196370323511
-3.08854297893866
-7.32051235406692
4.77105383510318
21.9116393667186
8.93330569736941
-6.88563049963238
-0.346354568928697
0.0455673426966945
0.338660080325966
1.34987187243431
-12.5079979319692
-0.645885747643679
-15.7167076291133
12.403549779956
3.88187556101501
-4.99857089218057
5.09536948395963
18.3710361917267
18.3811175423034
-3.04440492731023
10.6740086058137
2.79150761858425
-1.5901469992478
3.63680359859389
-0.887223013715861
4.65930233912744
5.84276351020765
4.75557263077324
10.9441729177214
-0.502849861775316
-6.9542422974632
-35.1143524963981
10.0003151687453
-4.83609859572766
-4.89855561605022
-1.55577609692535
