# Fix print output for fix printForces
-1.51666040350681
-5.07106255014031
-2.95100188038876
-4.72080590803574
-2.96955816590984
-2.50885675623612
-0.465243493687627
-1.73574416896847
-0.118656176232167
-1.62863194333912
2.1974516766221
8.53967038439455
1.54487543915382
4.01996436205207
3.85908277102999
2.14508618882193
2.32382823249039
2.49422810737416
-2.35419021889276
0.748884762731735
-1.75485507869957
4.22270202955753
-0.791672188875657
-3.38587520879836
0.740007126127438
-1.52119642336837
-3.09707644405427
-3.06839939517942
-6.5278026932661
-0.692088331659018
4.63451829588786
-3.43349176277764
1.57239832921842
-0.330664806619139
-2.43143705355415
0.632575424205559
0.772634678999876
-1.00671341055021
0.739071235780737
-4.0922851931839
-1.49353447596531
-2.47503790085875
-1.57217371286839
0.571636520701609
3.78622628197761
-12.6193512146929
1.64257784763609
0.294501979411623
-2.31483494476789
-2.28878658084051
-1.97841479287819
2.15200814261613
1.64283797348663
2.13917815368259
1.83912213542959
5.11087287580631
-17.4271023007959
3.24034154777355
5.66913555809967
-0.956674569468398
2.62159395968574
1.20452496952759
5.05924543860668
6.23082743509636
-2.15082889001792
1.72145577102325
3.54095329203618
-3.20443315303731
4.04046451715641
5.47823466447901
0.632743075596554
-4.72861795959754
-5.69456246517126
5.80754739094861
2.98193171709328
2.8827315419529
3.01837765643408
2.10967995491754
-3.02788021501
-1.93507856179203
-4.20902222469732
-7.59321963714036
-2.11414510343532
2.4632842631871
3.13125777602249
2.69697662037575
7.47607369607728
3.79191399534634
-2.53899715330235
8.70749671465976
-2.61215510973351
3.31783739661362
5.58447300163601
1.75105171404063
-2.82251264366564
-1.70662030390953
-3.74300888635527
-2.37932098071129
-4.04972574984563
0.235513959858208
-1.67911253890077
