# Fix print output for fix printForces
0.0134497247266869
2.81939807124779
13.3646131179394
15.1758478972259
6.23062753023055
15.2616402966971
9.28517986719879
3.63131333269379
-1.5308432444624
-13.4465109864113
-11.1107236055179
5.12234689294148
-2.23202585542613
6.21013847162835
-1.10752275662108
-60.3263991812056
-0.816604047269087
0.104420292975008
11.9880433630468
2.39659876879823
5.80368231349651
-6.25322574339924
9.60878918007101
9.02022618638481
-8.50608738041369
-83.1039303866758
7.26626488062505
6.99638171698224
9.66603057444143
14.1888212760419
5.95217293950498
-1.19591098152639
3.21094899157386
-0.327459303852736
3.91423098773238
6.40574767278927
5.57705206451651
17.0688798690845
3.71846343709415
4.37818469972151
7.77511957904131
6.85734441490229
-1.84560723977434
9.84605228965417
14.9266812070179
11.611346945856
-2.72088809895466
-33.0735439183908
-9.08468107308192
6.19338991194005
6.81882142059511
4.01273374173413
2.85525379241205
2.73234783928359
-0.281059827529419
-0.66520559882634
14.417533311861
10.2014546637292
5.73803619526798
23.7237600513515
1.31842109187447
6.91121048389861
3.80290200687967
16.3043844959071
-35.0843861179345
4.75595471754758
-0.575590510514452
1.02206873601929
-19.3501176998078
-0.210624127033075
19.960646867207
10.8603899771551
6.02263153340925
-22.489149748696
8.15087993430567
-4.8509728025056
13.7666026575115
-4.47722853741196
0.916080120463997
-4.61612304249145
11.2567717627069
-33.8303060149537
-2.26119792102195
-13.435312002424
4.49221381826009
10.1695026946656
-16.5878181749007
-48.7363497175354
-42.6980340215337
-7.30833776949269
23.2837653208424
4.27224593905049
9.1307991921489
0.152311896853697
4.03373106932998
-9.11409139899193
-2.93126301350652
-4.35701600114725
-3.75651899529355
1.76204405467304
6.11777853473891
