# Fix print output for fix printForces
-0.0246560867893559
20.3911209617615
2.06722322384287
1.31557715472275
3.37332859625119
1.89098148974659
0.430356484167144
1.30743752536905
2.32182409578437
1.59007077658398
1.57268940693144
0.954190520789364
-12.3056420656477
-0.43674679873573
-0.355454549269756
1.45832536113768
2.52181117255599
2.6059122749126
-23.4092808392431
1.98350305386035
1.29792623210528
1.41007812328415
1.92914544635129
3.30098957665121
3.94878061319862
4.67855473664004
3.55919670669957
3.5323125613997
2.97310128660517
4.50878866801024
3.60284529863566
5.77015603607691
6.54478032500865
5.96063155650144
5.6070765137385
5.90622154278859
3.94047808140836
3.23410758982357
3.56897465482993
10.4981147732224
6.0707326671824
6.44165919813027
7.56472797735613
3.97995061742213
2.65495940452019
1.6330350709076
7.3185838929148
3.65721457752183
-6.60253837909151
-0.545751932306974
4.07398532698437
5.20975920042256
-0.29884642792541
5.29824338777852
6.18664237475259
2.99529152458888
6.39698313550189
6.85804307562007
4.78401444602676
-6.553146680685
4.01524685253617
-1.47737826120608
2.65631774528529
-14.127468814561
-2.82789847422892
3.13546386575163
3.19164668927983
-5.50519206113565
3.1569740150545
5.27953453833909
5.76388403557393
3.20582091044892
3.50173333449971
-4.02582182093539
0.125365917060038
7.73720971325428
2.08858354292855
-0.739764295042252
2.43875226557136
-0.206399894533636
3.58841314048606
7.22548516733216
5.09716587980023
2.52868934246329
4.39561179624022
5.9900847579932
-1.02770963193477
0.799079541809243
7.45648084158691
7.43200188164369
8.63900935218568
4.90238138548864
5.60531884275495
3.92576329501441
4.35757512867589
8.06695322661168
-2.05533568197629
2.40397951158552
4.58739205961702
4.02540366535691
0.447288898554939
