# Fix print output for fix printForces
4.23331344474598
4.52489028478105
16.1754771096198
-4.21032392034451
-2.78224670437139
-14.304007755903
-8.10613548474438
-3.40844241373159
-13.4082960803691
13.2915073766025
10.2314988665644
8.78592223937406
3.97993471576045
4.1095796249454
-3.32741734291828
-7.87298293773743
-7.4843672208841
-2.68292236267152
-13.8805282605869
-0.886778044513049
2.18412216455217
6.21350470489728
4.97887004304458
5.26902209173229
0.796730201653535
43.3167307279754
6.64887694866512
-3.23953535800963
-4.64007317299553
-10.484635225561
-2.46089660967814
1.81999668607054
8.66125879353862
-3.25060739283849
-3.5643426406009
7.4246493678667
-2.67535913321241
5.94178580311646
3.08066365114936
-1.61356687991089
9.88616158132714
-8.63729865178792
5.80201202429335
6.91487369614454
1.57885225209588
0.875802012874814
-7.59445913940563
18.2622290808215
-4.25830838685485
9.82108300408995
-0.144126825872514
0.820081980326316
-5.06223018853308
-12.1004506597321
8.02035090462647
11.3410673462467
-22.3009178601688
7.68922422994085
0.461424201859752
-6.03004548055014
8.40676556924888
2.53278920196893
4.83614951723737
2.50346860098003
3.63021695176141
6.73442426724802
5.04525004788285
-0.0511193156582559
1.86920199107319
6.81738460816677
22.310186230003
9.79965593771256
11.8300250044261
2.16949451256164
-6.43300941680695
30.5962206664184
5.48972162892913
7.6804911833412
0.801532416807503
-2.00521193216387
-12.7418501357649
0.955879986132012
-0.219069558970978
3.54767731256556
10.8272858572527
5.88519504786922
-9.76857609023707
6.27727552576576
3.4179807210515
-0.307951010457507
5.15041159324634
15.1964537981093
9.58250639617555
-22.0902124043756
16.2561625879003
24.0227281489446
-4.69266552050698
-4.56684093043539
11.9609003107109
15.9210128256154
6.8548331330647
