# Fix print output for fix printForces
-0.150420224027957
0.705141573340742
1.03644222409363
0.908852675916739
-0.302587915486377
-0.316983746798467
-0.463525197106607
1.1472662116859
2.79127537552837
1.12425274518062
1.39085895751346
2.64799923456306
0.607142828940963
0.514731261003647
0.949635028326435
0.658709456301215
1.09528383032536
0.501413487270571
-0.133398624388255
-0.420079452746686
0.187131922455831
1.75515175888583
1.95057202505694
-1.96808564763738
-0.85721878465967
1.12241496777734
-0.676625082021013
-2.03064125750416
-1.12020173352568
2.43151584662034
1.57569348606989
-1.26578974721747
-1.18812566495215
-0.24892032923164
-1.39562987869594
-1.52532879686188
-1.26267663801847
-0.893063312477622
0.270884477730329
0.864152649849214
0.182258861716535
0.0862123182429593
0.253732227086207
1.20553246729024
2.13664813837997
1.24669621748883
0.0560721192884953
0.549728598604228
-2.23365518208385
-2.20380780784117
-1.18133209864843
0.0644662015237829
0.228061291574288
0.548393930747245
1.43732519037809
1.61924420092835
2.63380560099801
0.904448709063518
0.26870429720547
-0.768195580883201
-0.732832386790048
-0.918696716803393
1.45748753931459
-1.85470411765629
-2.99977896449279
-2.48840688256619
0.746556705701568
-0.565133838184757
-0.916389994087146
-0.653995436774693
-0.497104214119888
-3.08929958664009
-1.4584182451658
-0.119104794809727
-0.290761296702341
-1.48384240469795
-1.31836159843695
-3.05122270680671
-1.07677512073945
0.104815788452949
0.418067758204946
1.77805438570732
2.85656166856457
1.70293414618875
0.914748632883917
-2.18037967832329
-4.34252807436209
-2.77708905537464
0.924709003717659
1.43570661050233
2.81880214319046
1.58277296842477
-0.0493686617313177
-1.73505789596203
-0.50021030066263
-0.413578931074145
-1.27298086660563
0.928244500975869
-2.74779693100367
-1.06542173968495
1.58806804026714
