# Fix print output for fix printForces
-0.009351584545201
11.6054818533086
6.84221229870433
2.91415213209526
-0.0332459628642796
-1.86830981671532
-1.88776282300319
-0.640269476137923
0.835802456426442
2.05825717476919
2.46884776862591
1.32940396262588
0.268712708095985
-0.428508505817619
-0.0357792790945732
1.21298928049764
2.8277678143271
2.85999129949512
1.23320593940717
-1.50894850151927
-1.85293940622969
-1.4747264863673
-2.26909657235762
-2.65225094005495
-1.48911822213395
-0.729774978210252
-0.526451238939798
-1.26603197095294
-1.93803108692914
-2.08863670047141
-1.74269564773894
-0.903083302575688
-1.07171919355862
-1.666738041309
-1.10222396904031
1.42998388392138
1.7991249724018
0.448295534753477
-0.460447263009205
0.590941871906429
2.26508420019235
2.71897376025806
1.5143407663436
1.36922193079331
2.25182055050007
3.42251112153353
4.72554420793255
3.0640653989494
2.61812915627966
-1.15209520685195
-3.69911952906692
1.46339852117029
-0.609030228560334
3.07238659696371
3.20386587173625
-1.22822449805597
0.240212219320895
-0.410144029113113
-0.744473106836324
-0.340165866284607
-1.48771982220221
-2.46116806172947
-2.41480059468208
-1.01056969102548
0.818536131851098
0.436186284695394
1.60889920534348
1.23800460001586
1.48106527350075
0.467396803255841
-0.626704960205792
-1.14487055060023
-2.11569984123482
-1.88026823167601
-1.74450427973331
-2.68887690551549
-2.11810661592584
-1.20291190144099
0.399891111687279
2.69471791459701
3.82542309209321
1.62692892111163
0.206698951634152
0.913554063574141
-0.632454261108494
-3.64511847168494
-2.59656668783621
0.395933850941759
-1.67501675574769
-3.68474109534671
-3.26256819881843
0.928553685851675
1.40790236151111
-0.76823206722574
-1.94762843530769
0.635094270634903
1.07973635484028
-2.00363827504789
1.26716939702984
2.78070649870018
1.54926087219366
