# Fix print output for fix printForces
-0.0590016572988757
5.52828672720501
6.52632889066076
3.57304341599911
-0.980692888191728
-3.79654032761824
-2.29146351830276
1.2459317643756
3.54438309323075
-0.0452971190193234
-2.31676397544492
-1.32235262163545
0.822224093228648
-0.360578952909159
-3.2406010644642
-5.6440455056689
-7.08186608995279
-2.16986396878288
2.03437655904766
1.55162533666879
1.33641539125206
-1.27240791485654
-0.169630865571178
0.086954488188624
0.781380208355055
1.10521471647664
1.88552461257658
1.16261739777896
-0.198861655401285
-1.92066269483153
-5.07860880423569
-5.19435677132891
-0.861691948135629
1.74960260548139
2.12609007441653
-0.749595110179855
0.971673123941688
0.959685129034436
-6.70558719098252
-3.39851522915778
-1.76727952130889
1.25617339880914
1.85190426977757
-0.620786955337746
0.856240656121421
1.28530048897622
0.545676893057397
-0.955089893501781
-2.08257952576118
-2.27848139274854
-0.0992558699198802
1.89764418878062
0.432304956294517
0.288707741909336
0.641083792758584
-1.12098159085382
-1.05669922773929
-0.0525796993961918
0.190665790538762
1.33770184376747
0.649632813540599
-1.98293647467717
1.00474624530569
2.94803581172789
-0.666927498852497
-2.6866389403449
-2.37285839842002
-1.55907153950707
-2.05105373594704
-4.30264946638415
-0.139909787208349
-1.048871257842
-1.02848319446601
-0.268994664595964
-1.66841146346947
-0.333902724369643
3.06493699176203
-0.0479761047537663
-2.34685130969978
2.58158124406213
2.78784607215006
-1.1717334227193
0.401618425741355
3.35255371079342
2.34207273455906
-0.114845150644378
-2.05183274840673
-1.91375224690544
-0.682743474849568
-2.65058037066074
-2.84082843544482
-0.642475276932931
1.52887086473227
2.93709056928563
0.475098003637821
-1.09691434932174
2.48201837558339
2.92801732656862
-0.961507278901523
-0.458031520807033
0.00470199982048269
