# Fix print output for fix printForces
-0.0249226066180821
7.40394287345948
3.72126702661938
0.509707017615022
-1.42572593821181
-1.89270455869772
1.23866430346587
1.26546617243849
-1.23990355161468
-0.632919194394243
-0.112343593109369
-0.515604899268519
-0.797801637824909
-0.819266905514324
-1.20542229246276
-1.58764337711064
-2.06933857365847
-2.28139359525715
-0.808453576931169
3.20945210964274
2.85160607422146
-5.79912720134412
-1.18839275718426
-0.270893260235847
-4.64278197661279
-4.02388143397916
-4.31897255799869
-2.44223459508569
1.17476373648571
-0.914280323962063
-1.03638455664238
-0.783158138165143
-0.563551939659613
-1.28334424959959
0.309966144132798
1.20640621623258
-1.72513051956227
-2.20022455100205
1.72532441271716
5.46095331545693
4.4463422266514
2.9839487929587
-2.79711799477504
-3.65602161283745
2.64809623558981
1.29120567017529
-2.02756839139793
2.09512520939479
3.00689104722535
1.74721415936111
-2.13879658021927
-5.61465282241119
-6.04329420651853
-5.15555187472682
-5.05331772396783
-1.74266873169036
-2.06980790135903
-0.477728975800308
-1.25582198805967
0.643321697156018
4.76354243938308
5.22572896031458
-0.483632485111813
-1.72053382126084
-1.09035636153801
-0.603629939835063
2.57327433637915
0.414549837813962
-0.56027576221518
-0.401168706795656
-0.668735219594494
-0.852373658180431
-0.273172229047493
1.0787258016253
1.25484016741084
0.588120072956587
-1.03888992030885
-1.13026338729655
-1.2500452832821
-1.64023704025574
-1.35522989793305
-1.02010693327699
0.41874223078812
1.23383601010563
2.05954433912916
2.75389959372994
2.25734352400728
-0.417646644108266
-1.45021430618193
-0.457140029552902
0.675947164996776
-2.38888022176881
-3.77478680035388
1.10514198242896
1.74138800721057
1.17069725636852
2.15775542678774
-0.640503131839343
3.90455273745779
1.1767097457372
-2.36180920775373
