# Fix print output for fix printForces
0.0571726526904165
38.5781262917654
-4.23047802267372
-7.2458846551494
17.9929683094762
16.7860421499556
-3.79994039861094
-1.85029954911614
7.21671182237811
6.99362332002883
0.805057185066534
-2.56318033234863
-0.11949301716531
-1.44957627064584
-0.635285458871581
3.91921769121941
-4.10251524114486
-3.86540032452482
-4.51756743942249
-5.02444620385806
-1.26370079030314
-2.06724047104401
-3.33080904709426
0.151774729856933
7.37227206536991
1.76211303419814
-4.38219268631051
0.256627191388435
1.48958740517328
-2.63794588477002
-1.23014513426633
-3.45809369261033
7.85721554598862
-6.37961697892354
-4.57422442832987
-2.48066867550932
-2.80568916648465
-0.896605037396372
2.28675290805538
1.46997739431133
2.39016054222867
6.05354649485429
11.0797504883584
0.909589830406247
1.65360325320231
5.6514138594207
0.0106871065885675
-2.47297802968064
-0.488200204319294
2.55036503438439
4.56000121561199
2.2560699351211
3.619425985258
-3.61983769991741
0.449207599788275
1.00000013630321
-3.08490423005858
4.109175275512
0.212283823172008
4.61635654106477
4.34477039207536
0.835280910343216
-0.480998353857829
-0.189075437410467
-4.92059465809157
-1.02115627248079
-0.0248136143393234
-5.79569046065692
-14.262080188532
-7.73861360626419
5.52139350617689
-0.250638765376378
-2.39086984728161
-2.63449603548141
0.509380278094226
3.89748384504447
-3.37615568324886
-1.16086911010848
-15.5306241197279
-11.0370957124009
-1.61804156003805
-0.973690078087438
-1.98723895083185
-0.68446372902916
1.78700576411228
2.96597181981301
-5.62208630217073
-2.14239691034972
-6.57625078031128
4.51169664737639
-5.70484426134569
2.60149380315834
1.41280636847689
2.20197854469113
3.28660563154576
0.0718139866544003
0.0438978695313598
-2.92688769271015
-0.216576620129988
4.7521583117345
-3.98838320939895
