# Fix print output for fix printForces
-0.00357233389753571
6.49047242160983
10.5097341450905
6.00597769285735
3.82413648741265
4.7138065002824
5.21708145819215
4.73269025956787
3.36116870671962
2.25600115621604
1.23862098405123
2.20628898588373
3.66837643198297
3.64976665495167
4.69646777506057
4.81181288053417
3.44732282457172
4.38490628896298
0.857274283044007
-1.03599654565422
-1.66274628133658
-0.0135607599806524
2.53916554007957
4.99566169769733
5.13318405551495
2.73605061506933
2.98892983955833
6.81435232531187
3.71357216215549
3.83631439300728
5.02336448473771
4.69464371444199
2.7715472346006
3.3696118764583
5.84550269655884
4.09936972797831
3.31504745063881
3.74016682125423
6.23185389819909
2.46960814553367
1.12546681668468
2.03897918204266
4.17468214861475
0.496039719695253
-2.84487005545089
-0.331205478845368
6.36408119784435
1.74725871245338
3.09120217914846
4.88479872361186
3.82151042814743
3.457784061072
3.05733168650079
3.2813776923188
3.43529282209415
2.95311121168789
2.87410137112675
4.20748715806437
4.95047804557341
3.29261026220214
3.11811484159083
4.4760341611314
3.9646341810979
2.4286265839175
2.56349606231914
1.62417227754795
1.79921327297671
4.18923682204563
5.56581418186103
5.16262036641481
5.8202322736832
3.89517153989648
2.80869723924103
6.4724250622724
6.28619803432334
6.23037792220286
8.73762992391191
5.44823041845336
6.28099352680285
3.10884341173712
3.83840232826404
5.57507413655769
4.76742955346831
2.86713619832741
0.895871895692752
0.173790045922481
0.423298194933591
2.74415476940382
3.82721288760774
4.80269646727343
5.52711485302406
4.77962835689203
2.44944938958476
2.05742132105442
2.26211444607003
1.97161776786618
-2.74108031378249
4.54217013139943
2.67689618057865
3.64054020717956
5.35607492780056
