# Fix print output for fix printForces
-0.00363649329685584
7.43711600978869
5.49812164541277
14.3301243781177
11.8264138931092
4.88577832714241
14.912867549436
4.22428467888183
1.30325663051464
-2.31197496553809
49.9831730550718
-3.78592185036922
-47.9623055395428
-9.2110139284138
5.05761046439295
0.403636716478374
12.1479785245116
-5.50140471020635
-0.600879209455201
-12.0228925860109
-3.74545057421677
3.6509201009762
-25.6922708082904
4.81323392510891
2.67776446830716
-1.31087466809523
12.7490620280108
-4.44879849999
3.74400661356965
-27.7466619623972
2.87718409974336
5.51666780812149
10.054595114686
21.5311624241701
12.6906222016688
3.24066546196467
-7.6603120496684
4.83894775576531
4.02253821420327
2.39811700708159
9.07146456438815
6.88552624152809
8.29199471921052
5.3920890750162
3.96935843539073
12.1194711918683
-1.72734587781744
9.91387521969754
3.9086744067731
-0.967139287668862
-0.272089563284133
8.69035006271763
-0.653393964147583
7.26168770344116
-10.1454628508997
-5.54016520996943
5.34976646214499
-28.1015924349474
-7.29359768389328
-19.3321613805072
9.44859152743704
6.02959907586566
-6.45964190930367
-14.3228006965115
-5.37388536534652
3.35454786978844
1.42619864424777
1.07573674856724
-3.95054809028678
8.4738519965236
9.40163806490907
-6.56113251549183
8.12217835818999
11.6525667613225
-0.178968628967532
6.02251518863645
-8.73650992181284
2.98886935076399
6.03598561381777
4.84146832885273
3.94312064404906
-3.48630343227675
-9.96837661338282
54.2674112591896
13.4268846841357
4.32806089157134
4.32261788898737
6.04243367958284
7.13409496422881
-9.09756219871786
4.02299394709381
18.3478683484215
2.00401632332613
3.73320201607997
-6.40229238821266
0.127852797965794
-15.0883407237794
-7.50686509431685
-5.49754749671129
-10.0800099843735
-4.72877455261857
