# Fix print output for fix printForces
-0.16835639189591
-0.197093661872564
-0.181433036490934
0.0934934699680537
-0.310768491756107
-0.288507761219275
0.496345040364034
1.22107523737569
2.28079166877306
0.437883062076131
0.753806411277829
2.42308389128526
1.73069965438881
1.37700755180421
-0.352243415918283
-0.477845906646013
1.05372888599215
1.5030720644381
1.24196609049733
1.18463322599302
0.545098170261782
-0.884174365846459
-0.608615381191152
-0.599281449250544
2.11248868690064
1.31056945570422
-4.34334618552723
-4.01225759608649
-0.756077843850755
4.08206543931134
-1.35547938267407
-0.526976687056285
-0.649570685357599
0.694924411050808
2.14123242598953
2.06493097966992
1.10926140261296
0.84288902250048
0.890787891481692
1.48268420884012
1.54530876488166
1.11037023453405
0.292650275072244
0.7297678704531
0.651106994910074
-2.85816094937343
-3.24830195834062
0.896756976698634
1.4762539029656
-0.905266893257382
-1.52356238437201
0.812506386407503
1.85194828552324
0.941363583064451
-0.163270696593764
-1.00124230734146
-0.914175818968101
0.382832996425118
-0.790479396889425
-1.8691598366808
-2.09743981199995
-3.48793951740056
-2.67968568229937
-0.468730872137949
-0.612120414979344
-1.76304790257159
-2.01021009077323
-2.81759904407623
-0.379992996564343
0.39850006510916
0.639551737757756
0.207628091518459
-1.18592408461691
-0.786162614824141
0.402494557419716
1.25274823970016
0.707190206790908
-1.75100864395382
-1.83751392558548
-0.618511495367473
-0.471956666009058
0.834928875407067
0.237617848296871
0.0809612446024907
1.48961585263412
0.285414215537857
1.77242801961275
2.55082896226246
3.62567784742334
2.00515376610392
-8.96872750630781
13.6801756426774
-6.77637279736002
-0.376124527621674
1.95135841691028
2.99354076191632
0.884107579341428
0.159958049018924
0.138750632065806
0.155541028798638
0.750398743600082
