# Fix print output for fix printForces
0.0427004313513687
67.0732949139975
23.3622217415047
-1.31063446292872
4.22778888105835
9.56198835212765
-2.65398130138669
-2.98651910415968
2.92185389516311
2.03280330399614
-5.28963666218804
-14.818072570853
-10.6162969240022
-4.30595836542317
5.86233124344959
8.38845615791665
7.49066717634012
-20.0506604795339
9.86022878543113
-0.519706442464932
-7.08904768999607
-6.97481303618311
3.7038042124246
1.90214430727161
1.0794259709053
7.30431193736034
5.48154105724201
2.63794763876634
-2.13641116117271
0.271180312512426
6.23079378058042
8.62468307617104
5.92497252890566
5.39865662217017
4.23275798100856
2.46751697568395
-1.3724528456829
1.7042385484661
10.2328572049944
-9.94624100734325
-0.934751631218567
1.51135342350248
-1.61599455660193
3.82921402167953
6.00247018578689
5.54584816398927
4.789526210096
-10.2324256427171
0.256186958627966
-0.453223229688663
5.61547626088126
8.27883853484008
2.74432284142647
-0.187031467957603
2.11742623043645
3.96990853748318
-2.67277144821263
-1.01537168306727
5.1077072630506
6.96913119484345
-10.2369493403934
-0.470547920337912
2.22698413323121
0.155138943633009
3.61187434941154
-0.292702569379958
1.17896015315725
4.9267407820638
15.2230736072937
9.48983544876931
-1.03151988283646
-2.66202128628075
0.910049039020412
6.56772687350185
-2.32954985514844
5.14748968599356
3.24099579151015
4.09759449338793
-0.178034204903285
4.5647650768492
3.46018880240451
-1.4699768017743
-1.27762340289127
-1.42289207603089
-2.4563598483542
-1.45295954767061
1.48755763802185
2.67972185247931
3.36371725511676
-3.06674249734783
-3.21359562373092
2.1421365004801
4.89243813593291
0.484108713393787
3.67000436736677
3.86965829771874
-21.1826752466105
-5.52114629126082
2.42671906969587
-7.20846810099931
-0.0819146347985801
