# Fix print output for fix printForces
-0.14209728092224
1.35975210380772
2.10507371015737
1.59944112670778
-0.0781532880989616
-0.351014760439453
-1.35536890633819
0.850472344815466
3.1469803635622
1.50007604606465
2.09978604657435
2.54802318322356
-0.181452641397854
-1.13227565278656
2.83703629266604
2.11792198236439
-0.142954317509863
-0.602229161288907
0.674592694099518
-0.988125761892562
-1.23927098934061
1.27025725227905
0.727946145567094
1.11343620737564
1.32226392556644
0.220957646242435
-0.068322318812962
0.859445080455248
2.49751216404052
0.316743636737942
0.100812872243455
-0.242023069213647
-0.62485851422755
-0.943502253102041
-1.17648314632553
-1.8426884618047
-0.678993744392785
-0.707013701008789
-0.812575053998208
-0.41443097171272
-0.681216477815621
-1.51520329906719
-0.0140579878998506
-1.41843612225578
-4.02245766358293
-1.01236287419192
-0.389640523177683
1.631488767192
-1.31222648121364
-2.80948955849107
2.41514070239498
-0.595439914437046
-2.87215864363151
0.923804273451412
1.14823757134081
0.997970226313274
1.33681666367222
-3.02233997875196
-6.64526343985133
-6.98998570692309
-3.62309389504339
1.41063937441335
2.42627687168613
-1.64431150161284
-2.10338073817536
0.239544374480201
2.86623075630241
5.62009293172482
3.50610582398663
-2.60895898421442
-2.12473425582559
0.430912447075796
-1.67789586099122
-1.37531912901857
-0.9094299740261
-0.370496391438908
2.12841158514717
2.781687739748
1.28330793482267
0.360826160866171
-0.646194432537578
1.07652750505384
-1.35699346912961
-1.47703088484895
0.477736270969101
9.89340586909738
-0.955033935073302
-0.614091601585147
-0.0972343848848834
0.106545349132761
0.252858012081797
-0.514446380041257
-0.579674766104614
-1.57011044314994
-1.20111855835424
-1.48611141636929
-3.11170692735918
-1.66551524242442
0.24895935834507
-0.872156449646115
-0.97186377828675
