# Fix print output for fix printForces
-0.0112572246529585
34.4004062386544
11.4235031978727
24.7507158772184
12.2342643944194
10.8460208110299
3.78122667693481
-0.0156016304728143
1.23070910667198
7.53250385656849
11.7407596718231
4.12755179025069
1.56819951584419
-3.47909302789454
2.92903920262888
-5.62392568818161
15.1786931122367
15.8100915435556
17.5094216550135
25.6976552287499
7.97569634422752
5.7387084026495
-42.467445491333
3.165169449638
-6.44809991235034
1.83627760079642
12.9566238879807
5.8645965025303
8.12377799600945
3.74379855827625
8.28708588809337
8.10623352881778
16.8076530798608
17.7602908839198
22.1873096941107
12.3909300814429
1.54390159247125
-8.12875560767284
6.89878507621202
8.34915434973514
14.2525802217672
9.62155086405247
13.2702959595788
11.112345920935
-7.95638480585972
-8.68318068116447
-6.90741489968571
13.521750499854
16.3984516638954
22.0733513925157
17.8481312024761
5.1204455017619
12.3774774766711
1.38421185690907
10.6310804378451
15.5873884990507
-1.61480849999156
6.44837701802753
-2.20302042011622
0.182840335634586
8.11560058852572
10.2239360157145
6.43112078314322
2.83705724561589
16.8226289836192
17.988904891671
17.8454268348543
-21.6884666990723
0.218492982348382
-5.41533439169844
-1.4833149913633
17.8972953189588
9.21433335841948
4.35669614067949
1.04823635355179
12.910806515329
13.0459151169332
6.66334127710566
3.80010279304269
2.41501850578815
10.1231579031013
11.4978333785516
3.83296870546491
11.750162457217
10.4296628231138
9.01946077135836
3.77816462462083
9.47939127838566
4.53878725146751
8.36766261722181
-0.127980348973721
1.39872762763802
-10.5709642337878
14.1819308740056
15.7428082119632
13.2077450968015
9.13331899840716
6.59609363085968
11.6550124389898
13.8926584837454
0.127065824468776
