# Fix print output for fix printForces
-0.0296845672805745
23.7739916890137
6.81884819975899
17.6149768305912
15.9504448031995
4.46187186323707
5.75732695249468
3.96504849964942
0.324741118541646
0.327435774911448
-3.05929801651859
-10.9907868203759
-0.836458144014877
12.2435055773624
13.2547837131801
9.73028258110531
-34.5638563544252
-23.1166904258319
3.47039748826308
6.58816508742247
11.4458480756968
3.02578838460119
-4.66723339182167
11.8032050866557
2.48098506283524
-1.61380984313654
5.69045220792081
8.74707268444596
-3.87629717049363
-4.7754147218054
0.212628579567822
1.59622836546476
9.21181682111133
18.5075296488972
26.1187021330959
18.9605726292145
13.9930804301162
12.4827653615974
7.90918778591533
-2.56455322970254
-6.93662942573319
-9.54325056091613
-34.4226344315226
6.10466997556084
-1.30541161723748
-2.99484541639394
22.5010916833726
-1.19525994648896
14.0996843178185
12.9353189450101
10.19487220714
-1.27485569396863
-3.63059624393977
16.1307863198438
8.48885103884793
8.35453414356152
15.2734508228208
13.0505665588522
-11.4944237637982
10.4528475588321
-21.0700052372187
2.57459128577015
7.35111711196892
3.63765403401155
1.38326706858819
-18.4420948569195
2.50545483280065
3.71363780632273
-5.72924996850821
2.21564639704967
-0.104215693133246
2.61204304415545
6.99088930893844
11.0058316936228
15.5171916075873
17.6515961829504
20.9958104225477
-19.0639516399913
2.7256815516829
-3.18335530263592
16.2297879488581
7.26212379024714
0.108866300884778
6.258750782312
0.695258024595804
4.00901909716672
5.94177213955099
-3.58729146975213
0.136881563634907
10.703968196861
19.5205194564161
18.4622920385079
2.81537438637416
10.8714195017921
12.8449276204868
-4.52044181385792
10.5369792135319
-2.11096963889284
-3.67180011460734
10.3187753300724
-8.26384729353141
