# Fix print output for fix printForces
0.566689462470901
17.7916673779756
-7.85287158852716
0.744718773563062
7.06448752282332
2.00241927009352
1.50078104479553
2.34203837080265
6.4806407851136
4.05069766971793
-9.64836611745277
10.8519228867852
10.4367600491842
-6.67813899950537
11.547356826494
3.16676080042592
1.04912911531291
-12.7693943058141
24.4860797171181
0.280616956279754
17.3481415515581
-24.7180279324048
-4.25099562630222
4.29903254045306
4.4239672076194
3.55578207793967
-4.68206590015352
9.80479365272587
-7.38334879083692
0.741932005064108
2.87258111999745
0.222443985520073
-1.54738633169408
-1.72621089230157
-0.701239762823348
-5.08438919498636
-0.417524389867333
-0.844808576915149
9.01654150272903
-20.2746626285304
-4.42847503023567
7.12088144578977
-6.57127127828029
1.18278815516544
-3.51646345215226
-4.99239632932876
8.85429030548715
13.2467106111095
4.64280311668362
-31.3713114790792
1.46690532863118
-55.4678652547339
-12.6910997552176
2.80717981039138
-2.12765168087588
-16.172349144748
5.50290083834243
-0.589394619278148
1.70991938146206
-2.94739358491643
2.42467510215953
-1.62056302638826
-18.0202714652067
9.21060195344631
7.24934817100704
3.16144032731601
-6.44739840084887
10.7179862120785
2.04948494689231
4.95861532290302
-5.14180142203277
1.6422095554077
11.7906773823341
-1.63372677160983
11.6022750242339
-4.74359322043432
-2.36215603976937
-11.3698764489746
5.31639142004229
1.98708819683222
4.28830594999139
7.46498953851649
-11.3114807303854
-87.8576515951971
-1.83221830805526
5.49042724217573
2.22495776367443
0.456691005410373
82.7932399071124
11.6142762397527
21.847096470349
18.7496402277609
-47.9671407154946
-10.9995953924702
-8.45776160019741
-8.50958747401361
5.04236243669837
-1.27184701577778
23.8045238579649
-8.34453866064367
3.19726455447469
