# Fix print output for fix printForces
-0.00298693761162048
42.7268717372864
19.2605005511628
20.6700007841286
17.5416170222777
12.9831299147961
16.0073056060956
10.4891967711011
10.7653831848307
7.90376460716546
2.93545788930558
1.94249675414665
5.50056449491948
7.22211981285052
7.61401758938302
18.7383989189678
17.1786823816087
14.6644114070087
12.3667978583291
6.67914899098896
3.62934083781413
10.1684169176875
-16.5817716484284
4.25220721030469
14.9267106822849
20.6836587124932
7.46358536357595
20.0417621389464
4.06298537885839
11.2797833168694
7.04355010216343
12.2968693323901
-13.3480727757967
9.6347781975913
14.3193382612234
17.6299188812839
10.6159110937884
17.0002936580478
-11.4713560057452
4.45868762414151
-43.3306283918475
6.23290419173155
18.2752537003364
17.2543376546855
15.4376464529742
7.37341183561894
15.1116933520049
14.4219201159891
2.91483059547224
5.10359077564068
11.6158372550552
4.91151023484372
13.5989048041825
21.1823429936808
15.5912578723578
10.6876179297234
12.1908370236436
19.848147150028
15.9325856765168
12.0821624595227
0.839313203913258
17.155866969637
19.6373115948941
12.0853421196579
14.6231944351038
10.2558117241384
13.0462654037008
13.6869503402791
15.3772643350061
10.6731205942205
9.49637387793986
13.6451441670495
16.2701619902026
4.30761645527916
7.78365847206089
14.5509632653523
6.37820767183
-17.4159073447165
11.7954410808053
15.8682986080471
12.5479682135843
18.1474808798771
18.7733332526288
15.7512964752333
11.4469955566877
-6.31378589254401
8.78779268514424
3.01303721796321
0.788137575442187
14.0385096484301
3.54226586860288
11.8912735590676
16.7035132564648
19.8732768132942
12.8415747137138
7.29130900468186
13.3722440385068
16.0041148435547
16.3925940555549
12.4318564997358
11.0593610936243
