# Fix print output for fix printForces
0.156669962546047
-5.87113623398638
0.0571848383497462
-3.78507287861927
0.701730078619931
-1.6950112914549
1.64415961319194
4.60630401117988
-3.95950719692253
2.22155512516102
0.4769065869285
1.69896593465715
-3.697706991836
-4.39468609405639
-7.09160915693283
2.00564250946265
-1.69301087257901
-1.4692952920444
2.42150422092211
-1.64790052698456
0.585857642050844
4.68406726805364
2.40900813940462
2.45339756703921
-2.23729277548203
3.35540526124869
1.72154783868674
-1.72729682932008
-0.695173582927912
-3.01992140932602
-1.37027017327596
-2.69595605072656
-5.58995039544895
-2.02871007578799
-0.566211637334796
-2.13719095816875
-4.30290031353713
-3.58246239818698
2.47076779445992
-7.71761494602253
-4.30019416256834
1.80415961095114
-5.87049022161376
-1.99105397079546
6.44735657789525
-5.86494380982848
3.99454230753229
5.35721594063964
1.16608871089402
1.41867981824651
1.86328018978359
-1.15693683223113
1.87000056906461
0.685211007779248
3.67286452136639
-2.10763980880317
-3.19611852474073
-2.19356062929567
5.63156450865765
5.82427238135609
-1.74156620846609
-0.486715520036114
1.05430720736692
-1.36641755256821
-2.51641810763041
0.189892374377772
3.0761745474938
3.43303675490568
-5.64813071266357
6.41657282848855
-5.67984890310196
6.653225972638
1.62149586529393
-18.9824640119868
1.43807412083707
1.26127343485599
-0.0171730545699396
1.97095319819465
-2.20317906079021
-1.45717252910094
4.52968138759626
7.20727786201191
4.3307267572451
1.72908771508191
-18.5787190082225
2.93421255387649
3.60605999738978
-0.495359442740807
1.69325314001701
-0.119925059342084
5.06747086033209
7.17854636588428
-1.15240089120039
3.31100349026466
2.78969976746545
-4.01380749625142
2.76226642936006
-0.386472260179
1.77530925829379
1.58950577391052
0.517661772161078
