# Fix print output for fix printForces
-0.0139375572207552
11.0680801102619
10.6239857956459
7.54493163498179
7.82308005984828
6.68641981915057
6.31222914278941
5.62277550015288
3.99124570749968
3.04995552269318
2.64938518030221
2.76747655285839
3.2265306471814
2.60386623660643
1.80325081119846
1.78782602627851
2.0364902542425
0.570182428872483
0.937733829602371
4.13936184821717
4.51819996897971
6.58004573148392
7.22558386139076
9.84508905843655
11.9388627661713
10.3174866796734
8.00764200862985
6.17660231163303
5.47451467472903
5.28960856208585
4.17651606362257
2.61276968966379
3.86605694803601
2.63478740077963
2.8164434788163
3.71052377788734
2.76494952110743
3.66074130825349
5.40831459568999
5.80662428251777
5.76776160895265
8.49322942979953
9.90263047694828
9.86495309075847
10.9959110899115
10.38516025637
8.48128985702187
7.7560685882542
5.8252370558663
4.76430213848234
4.26048771329568
3.05420272305986
1.86734423014461
2.18760959490236
3.22736448847055
3.64566236816866
4.11076734677243
4.4660730059129
5.66775546322003
7.95808871322122
9.1590648175872
9.45638792700441
9.30994707382743
8.78190274433386
9.18815904014459
9.5723671146629
5.95902071903668
5.11098153397551
5.39861597159616
3.65574526628749
1.29643577509399
2.33857016612487
2.50201435956555
2.86988776247393
4.17505806872529
4.72223794026337
5.45599101268893
4.98458999626604
4.31142061839061
5.48793497465882
8.80004841852626
10.552349643387
12.5244835959352
10.9853114172394
8.21455604229752
5.33951919082387
4.52117523214707
4.35454683728077
4.48315858505262
2.32572960975712
1.57243286243969
2.77768949669292
3.91522497538913
4.65136129972473
4.48231074276223
6.10879793279083
5.50107612686205
6.94726721308422
9.05108096974431
11.3374264880438
8.31804223457845
