# Fix print output for fix printForces
0.05430600284231
2.4052820644808
1.28413773598269
12.5892842018554
4.22712839904307
5.43367730944464
6.88423559857494
-4.97093260652507
-31.8563737515922
2.08467341393401
3.239537977497
15.2416090616101
6.97780119822738
2.54977331143103
-1.82199549050603
-32.8619401662004
-10.8893728194826
3.83633497771419
-8.06812925384042
6.96655358431828
-4.8961873408664
12.2349910497265
8.92136621932459
-8.77247517297746
1.77578479952851
-21.5767658742861
-6.8983393904696
-0.507952347795204
3.53805690824901
-10.3372860135154
-24.1174450182654
-7.23680439450794
1.46427226510361
-0.807999187864881
2.85880710461391
-3.76037216666076
4.42195662318721
7.95030404833042
-2.01300541525083
20.7869502545569
0.281026325312355
-12.7999619016159
-4.65742306342938
6.07234764680973
3.27635349656427
4.27045673474174
7.46488603135953
0.897950901448583
4.82721071132499
0.611429654021387
9.11575338353824
10.2087827042983
-1.06998394662923
11.0579142064381
1.57363257050397
13.0961150224066
5.60385915868142
7.83258624911722
18.5222271672823
-9.75222087396318
9.81262619515844
0.75016289339271
1.83326685831591
-2.2427836123869
-11.2742744611266
13.7629948527616
-12.3935406652181
-16.7656331535515
17.8396786674676
-0.292209979552496
-79.3152161045031
-11.0300449490285
-8.02725889199238
-13.1257059300948
-5.97209150882251
12.9189265356066
5.91138680804139
-2.77835453209557
-9.65046711525338
-17.3038760655838
-2.16995484930964
-11.6677280650346
-12.9693143037362
6.02808938230016
-10.2434345450053
0.315901102655237
-5.90234665396535
7.90593989261086
-1.25018722114423
-0.035520523553612
-1.93904936217878
3.57990500427694
7.2160675391152
5.03944121504149
12.6558318730594
16.370301120487
6.756014416036
5.09253876834034
4.18666987880317
8.62613208865358
3.52554078254056
