# Fix print output for fix printForces
7.47052872100391
14.9697907180352
11.5154974982239
6.79026489761568
2.62815921706037
-13.8726927318066
-5.47612251926933
-5.64017797038537
-2.78576564063249
-6.63522685572214
4.89334570959577
5.89154418428772
7.86764393221582
5.96931010860568
4.75116271838477
0.178868720874015
0.668321802712109
-3.83123710091014
-2.54622790970909
-3.44982421804804
-0.0909840567578251
-6.04382894177364
2.49143842293625
-8.36809429280063
-0.628299825245282
-24.6164886661385
5.06612788997232
6.55218587868663
-15.2228927334348
25.2751631375267
-1.3416645668089
2.50465643731403
6.23805698965174
2.38591737314813
-1.7185451778647
-0.355365331625342
-1.31476560190169
10.1573756910767
0.130128115517028
13.5721411865571
5.57717725340421
7.32683119668833
5.76330632205261
2.57309732739165
1.92303414722136
6.3622368996967
0.616097945447773
-0.130044759527622
-0.412535918081766
4.03531078328777
-3.83623915429175
11.5702870911831
0.694498313762099
4.65347477299044
1.80490562088536
7.71781905083529
25.4804975936005
-8.52303353984341
8.66429495812255
-3.20957354307656
22.4966988864424
13.978267345391
-15.9740041602635
8.32086580718369
-2.00216798223747
0.885984935128309
10.6406843273791
-1.11726019424328
-0.3160188609491
10.490798826909
4.56007974106988
-10.569599676454
-8.62949308810201
0.178957781887534
11.8204913431142
-8.40325058055691
20.9021084317864
0.966095437680945
5.09623839315521
13.357271640552
0.546432750425152
-4.99568977623031
-7.78022446945048
7.15764753584087
6.03121503360404
0.892510955511545
5.72214703192742
5.31255444809729
7.3786399029741
-1.83492083097148
7.05223743697193
-5.09038197349469
-8.56470448841829
16.3589610695755
16.7102377325147
6.00406173982056
-15.1260028167572
4.61936505717206
-2.06524296107835
4.48663173550685
-7.6221732037556
