# Fix print output for fix printForces
6.47425638710451
-2.41754078043267
11.4801082813277
-3.83535515096432
-8.22231557915216
15.5342950105479
-9.66170411186224
-2.59686960396154
-10.4229309262461
-5.27086009974317
6.06242111305449
6.29267373423149
9.4583840207943
3.93186081401594
6.27166331864537
4.74685117507847
-6.08938270342853
-6.91801406627077
-8.73463954672932
12.4026158627727
14.2333406198892
2.58677640172671
2.79093090686359
2.7613860821315
19.7653866855387
-6.11903034218877
17.4020191346414
8.5808831315105
4.53248169148902
7.075228492122
1.15971044873406
-0.512799865875141
-3.75235243493197
-3.80636188934326
3.7217974590679
1.48927935240678
6.93746929642506
6.69185080851091
4.29105629907228
1.18236879929466
-9.92320645237939
17.1366917346046
11.9582033673646
-4.1971133392443
7.91296379635214
3.90616979937939
7.28253869126568
-7.59652675475216
9.63925488597406
3.05709897018019
6.0262595950763
4.4642180411374
1.25975099748055
-1.0994145019913
21.4407299404626
4.71729952206276
-1.13575513125303
-3.3205606284561
2.45987235564307
-2.18668272255088
-2.25288896891324
-7.7617366043864
-2.72268529836722
0.562598521471676
4.73069024916613
2.42562951441506
-2.63154071073064
8.89963669227311
-4.8147352347351
-5.18893807407249
-9.96093157992139
-16.6896788391945
0.579509812480143
-3.73095837098108
16.4876517635267
-27.888872341951
-0.764181388307009
-5.25398966075028
-6.54022744577241
7.04248014372795
-13.1746618639052
-0.56205780546596
-2.72993685137478
-9.30431966796084
0.727704463331091
-5.08201662567184
-7.90777570066541
-6.66530030280748
-1.79323651539547
-6.02950678679489
-7.88801405825631
1.69609240924873
1.92273433145476
-5.9474116034294
4.22912585571833
-6.79572856656021
2.07433585196293
-2.23253183569416
5.16464429494222
4.66510178174568
-1.13886798451537
