# Fix print output for fix printForces
-0.145438186672321
1.02196007935511
1.53872224352672
1.25100625905378
-0.215574345746146
-0.303711655626144
-0.94399889501795
1.00971874913201
2.9497298319212
1.29565286094631
1.74616982997554
2.6392702411076
0.0471952241037959
0.32799349004229
1.82976895652171
1.38523086156883
0.244270382758924
-0.0390914932582847
0.568854244183347
-0.952635960474159
-0.687336541594488
1.45092708222984
2.7116558197378
0.325601581676392
-1.08700474032144
-0.0047470958638367
0.470066733172296
1.03549569925398
1.01019312817005
1.66483555798166
0.84181387092131
-0.676076964467219
-0.190315786126181
-0.663915070503659
-2.81298042658371
-1.66346150792494
-0.445202227700209
-1.71559656365871
-0.177608099843196
0.877930086856969
0.652550660806331
-1.80179225129759
-1.17806047810199
-0.207724962544661
-1.65747059197988
-1.24274874275671
1.82008196567617
-0.916207471275189
-2.89895212089563
1.25976435516002
-0.658866312915862
-1.92867940461946
-0.624929572804711
0.950627364581583
0.145060044114831
-2.11079155625151
-3.22202924586234
0.118395294976796
0.833279934148838
-1.78890413911792
-2.28125381693518
-2.72015719809777
-3.83659115098625
-2.02915934696576
1.82179408108172
9.99566855719075
-1.30215317908998
-1.71603996960865
-3.04882100487085
1.35895845968377
0.955852977129833
2.09353779896055
2.15603095574045
0.00985802961526491
-1.66692793753388
1.40314641938978
1.53209650826504
1.33517449658237
2.0662970246627
0.163701423006343
-0.861772003152843
0.139140273775001
0.224823684097461
-1.17740805600267
-2.08593199379372
-0.836741110782637
-1.50778209092648
0.10571994398037
0.440570071125583
-2.24380083483067
0.545102934682354
-0.73399178521744
0.39129003491013
1.12423793371097
-0.378438692758122
-1.32638403608746
-0.130597890834136
-0.550324965369963
-2.20152264980475
-0.261021890882763
-0.957259128437217
