# Fix print output for fix printForces
-0.170313847939172
-0.253806518738306
-0.241467062651657
0.0554320888517967
-0.302240334519556
-0.28864265381795
0.514315172507363
1.20435119564045
2.23247507736309
0.400309664018372
0.680729553280116
2.38930369477249
1.8747122978958
1.38939561517695
-0.588080117451037
-0.447707622077959
1.1610112682459
1.64933356375104
1.31731386626113
1.04902657968718
0.191573450223503
-0.06315967243364
0.302652258143865
0.159335160284253
1.29872553001145
-0.54916046497552
-3.21471421507739
-3.24832804035662
0.481254026832061
4.4967574195691
-0.0772605523182638
-2.5101506105414
-3.27840979891274
1.6330338429413
3.36210939287406
1.84204589122097
0.0364147026483253
1.84380546028948
2.08144425688942
0.430949680041523
-0.725626137566779
-1.05690039324197
-0.807268123201372
-0.0677271955998482
0.342404511551773
1.94735177268201
0.582234695463099
-2.14876265285093
-1.77259444855868
1.61701495646804
0.119328709799996
-4.96906183053818
-2.9367293295197
2.23717121680237
2.20457009297979
-2.73646459640633
-3.97091197697046
-1.03994218542025
1.41615141590154
0.446168440779725
-1.98906009114965
-1.97719207270476
-0.056328978651263
-0.6650996558022
-3.11078313001549
-2.26074497928111
-0.00165513848485446
-0.149108969226812
-1.4788750071167
-2.56156562339311
-1.17005027147728
-0.496050888434027
-0.467598515474293
-0.914621432285893
0.536701484626123
1.13754602751888
1.37678149458412
1.33062606366263
1.18073683380052
0.875691682452061
0.0938727810849195
0.0582207881849383
0.545749658785913
0.316421525031282
-0.243784545596662
0.596875049908748
0.104288426354056
-0.165805706705602
0.0847510374636715
0.0368095802335049
-0.343700605058023
-0.639356532077974
-0.879789733351771
0.170667715082962
-0.650193189386332
-1.7751097277355
0.581416795243484
1.0015025016209
-2.35965880902581
1.84800446067294
2.01374739019998
