# Fix print output for fix printForces
-0.0387549928999524
4.45154568373334
2.63914529069863
0.327292024388091
-0.35449023797986
-0.62652156428059
0.2100140723989
2.2033389814177
0.0871221260225071
0.341723838640844
1.09297896776997
0.616808146082903
-0.479389117522892
1.45216458146661
2.4109384781571
1.62659287630724
-0.880767190922751
0.790521784104235
1.86337684027686
1.1738827823313
1.86205385151947
-0.93007245586394
-0.225941936031547
-1.01958797629999
-2.15870623882291
-1.49849271881207
0.387505499927664
-0.21057457363565
-2.94987931056438
-2.9270133235082
-2.80828872492349
-0.941608120112242
0.895387134959337
-0.130310902899944
-2.88395082028184
-3.55039599329736
-0.123355828299596
0.489984421411202
1.82118254259668
-7.7390362838439
6.64504420208597
-3.36533043438669
2.01991778292818
-3.42835031257514
1.02476363777104
2.95228112781554
1.54887581017637
0.341292971527732
-1.29244359628549
-2.05932018852436
-1.08783835626631
-0.330551574689602
-0.654857172894845
-1.12045132417633
-1.21013862282387
-1.52694391511473
-0.719194688103387
-1.57718230155189
-1.70032326932368
-1.02291954382614
0.961865407396194
1.14347359917873
0.766499824281687
1.10860850740171
0.301629774847909
-0.728376433330499
-0.106976894275817
2.93309067545624
5.0390069640027
2.97681270393448
-1.5321182496578
-1.73797984358796
0.810397830053584
0.82842821275209
-2.42077416254083
2.61841302245619
3.68490694879273
-1.20801857438046
-0.210067999933424
2.66872176180146
-0.22176693712827
-2.6428788256057
-0.676313289215294
2.23429762543993
2.40144360988331
-2.47752652605223
-4.12975997598005
-4.33078926644438
0.959383581946263
-0.843347918126262
-1.78892344629011
-1.66614996731803
-1.01530333556772
-0.549334158442173
-0.426657758119474
-1.8188986270586
0.490506420469788
1.3479876901897
0.169271417904149
1.37470638590953
0.611203418493436
