# Fix print output for fix printForces
-0.170673612192669
-0.364620699333179
-0.366405125684518
-0.0367885654658646
-0.278919132401924
-0.266783738608354
0.545133067833497
1.21965725171264
2.13476400025784
0.34082799945045
0.603143554016959
2.42490082952089
2.09707622686877
1.3868693115071
-0.828351237784359
-0.630598470038677
1.44073848110784
2.14379793849846
1.30800302653103
0.558963378518793
-0.17635479551789
0.435894872236282
1.03227645514848
0.581498163955146
-1.66339585724616
-0.239817480016829
-1.13632983190161
-1.85558535178442
-0.265816794655762
0.619198569902077
1.02132086239913
1.21048433087696
-2.83931577528534
2.56478059350496
-2.05186330177918
-3.7698398813868
3.52617674865092
1.16547225487909
-0.586159338975717
0.7280243646484
2.64625890469564
2.6687389327148
2.10491982488469
1.09334251910304
1.79679553125036
-0.528696321835108
-2.25371948134217
0.498964152132949
0.437354618555656
-0.964752446510467
-0.319044597543401
0.68412732738408
-0.196957402658641
-0.973101813297603
-1.9458295052643
-1.86121194927439
0.810935396402785
-0.433630094838932
-2.17299495296169
-0.201056122530468
-0.547798171728677
-1.58393160347894
-1.51665881107079
-1.0554379573864
-1.03476084372767
-2.2448447703305
-5.82513143934016
-3.00320074087107
1.29219616138829
-2.06519039675292
-2.60043115353736
-0.53545373150241
1.32980970521435
-2.00663261542941
-4.04997274729469
0.445649847386634
1.29942234565272
3.04368619974669
7.14102149093292
1.13958255930969
1.59512718469272
-1.68446997007936
-1.88855622061174
-0.450548373681195
0.151098125626257
-2.76840838337787
-1.45214986380792
3.47977482499643
4.09462705730528
1.31549997164408
-0.801904044889275
-0.0775219655424025
1.81955139523988
2.41145971839856
2.25054633752048
2.02191484101557
1.41156619229802
1.28683311667707
1.56041219748069
-0.791878493583471
-0.824091519050799
