# Fix print output for fix printForces
0.0897168767639157
3.74750118182589
-18.2205359516639
8.41810674505763
10.0721699431668
-0.766398048817935
5.9285616440214
8.55577035731579
1.23366051692673
2.13931030582329
-2.58965562563015
-0.107310895592695
2.77371403743298
-1.4654166654397
-10.8434398132732
-4.94371657822453
4.47187634227627
11.6764908855091
-2.8437575230052
-0.0211022981060794
0.78089032047563
-6.55403344348809
-0.413783490692212
-1.87745349090826
-0.777700305205164
-3.17654582163413
-6.71470055934993
-1.2624435888412
0.585710406018622
-6.66450851675062
-3.51754149715858
0.0101119718158406
3.87211656118922
-2.81712799497547
-1.98633237149194
2.99664086093394
-2.89300374715924
-1.23637925993471
-2.80769739859588
0.745709235070043
2.78774837165408
-5.85942342476071
-2.8669843620464
9.08617952302633
-9.25958397227384
0.415538184839832
-4.50560171123245
-0.153752539291441
3.58916620889491
3.34939584245743
8.5947654927358
0.559612696222285
-1.69846669612557
2.83303698202489
-2.8150274778031
3.42876354549309
14.3230138770126
-0.86874383554681
-5.41067031428449
-1.2117670891829
4.80443177411968
1.74849344006735
-2.73115079495859
-2.45618722824221
0.0220344563203414
-0.323161717079409
-4.25251530205916
-0.823494956021897
-1.9578793137661
-2.02074894405066
-2.13454540628484
-1.05224878445995
0.86584854690961
-5.38494867433734
-1.20856097630576
3.71181122403013
-2.83526317682546
-5.99674791190012
5.80547374486227
5.80953977298175
-7.34770023801455
3.20827695156631
7.055930554018
2.60865718563706
-2.57531384467103
-0.362980629761126
1.3733864335739
2.04799894010748
1.53594137954955
-0.732301445689379
-8.39768747183216
-2.59539160942957
1.02551120407009
3.60157207323262
-12.1214826822448
5.21895832454662
-1.207414982459
-0.770263518271678
10.439199963873
6.44600123392968
-4.55972133969482
