# Fix print output for fix printForces
1.74358223118966
15.3640949998492
11.5839351879492
-7.03674774096978
6.38387979124216
-7.22251080608439
3.25558549456422
18.5203722286189
-17.1010171988128
6.68542269336358
16.7942562546319
12.5856219383836
-0.67006505491134
0.0762955433292372
-12.8960932188472
5.22869081292274
1.89449372645748
-8.76614742300977
-3.67431439440816
0.379719351769884
-3.14542464277509
-5.66139326111453
4.8082757293063
1.87490422417871
5.07785445229917
-9.37121535236971
-3.08069846207126
4.59397061438369
2.77033848554771
6.60808823601974
-2.48610926682564
0.346784668361784
10.8959562404071
9.71143297425998
12.7439219742062
4.62885296781393
-8.10062165275366
0.564275873555212
-4.21697121841157
-18.7884215497663
-14.9545093190142
2.24261297269695
10.6516344222851
0.321531426447456
9.46431492693683
-2.48379908199858
0.310755435231007
6.09989759713129
11.9675852072838
-171.833628348851
9.69447410610194
3.81370917562456
11.5701289944203
1.44806165939678
6.97490358857293
-6.99379524966713
14.8276474586623
1.16835038516257
-13.9944206263605
-3.42645792754636
-5.70965637760919
-5.60318149923468
-4.25635806279362
-5.16130908536168
-16.5970525615797
-24.3734164629995
-5.02270943606614
1.99197933999323
2.66068974340169
-3.23964505339148
-11.0408213904852
-3.60333449911484
21.6229123094076
1.35505419385151
-2.18140461264084
10.3700658221505
-3.99104431786878
4.96270330649722
-12.1036456899047
-0.804303908407752
7.29282283444388
-11.8554003949767
-3.86055612477432
7.38474499560791
0.600710630185441
-3.23426849770533
-4.44026864562804
-3.90671427416199
17.3178000232646
6.64045935256573
15.554554647201
11.6674331116838
-16.4505700263477
2.56615881406771
3.13419467971795
-25.3211545603331
-4.69207149128471
-3.30908225234484
-5.39156987346554
4.51153882313861
-3.09288627240724
