# Fix print output for fix printForces
-0.0426542132325216
12.5665138512264
14.0666547052846
14.1551246817328
16.3532115261655
4.67171457007817
10.4060250495807
9.78396954986971
-4.1568132124554
-2.28967984590223
-2.51717134397595
-39.9720255863404
-72.8708008093594
-5.60119731022955
0.828355948843383
7.32314779101147
2.4938274180414
0.00718558219737186
-30.3906946733069
1.28775806707008
5.86947380353515
4.47672558003385
3.50057518353078
-0.499392660254868
-3.19017691734242
-18.4146117465413
14.1681808509972
10.4631278956317
10.7635315725886
-10.3000125673655
8.78467682729076
0.0406845203555131
-24.6719258753571
2.67127631562909
4.38594358131168
-3.3880787876592
-0.226262493070272
-2.43517204572602
6.13925841505372
3.42009455073669
7.41842266134735
3.80039541155802
4.17635085056909
5.46615446417204
2.29289501079176
9.04218261530945
0.164890119514921
7.04670746851298
-9.82084670854493
38.1569670510606
-16.2137902184836
-2.87577194920246
14.4851341512272
11.6268532786135
0.0693966197862554
10.9765074135363
-1.64111364577862
1.49717017716878
-31.2054550275502
-9.08625037359192
1.06260142492553
3.90063001082104
6.09343323040808
-17.5308176446387
44.7293882912537
-17.9852570411988
1.04000284752716
1.32127295327285
13.527959727661
1.9829781175868
6.19228004488505
-3.5390403653438
-27.3545538086687
11.6858879360789
1.69373348016057
3.17222961823495
-53.255335094709
2.92929206566624
1.72681181090648
7.06535814848281
-18.6696061170225
14.3453834165532
4.3455624200624
-10.6312518253063
1.70494606643474
2.35009681320309
-1.51199828086608
-7.3441179525714
1.63656178731822
12.7571819440513
12.5794065061304
-18.4398060287319
-2.10134395573676
-1.52623169989281
-12.1553868787644
10.571048932352
-9.52780881299073
-5.13569010337135
-5.09189298711728
7.48532945380164
8.13829519203065
