# Fix print output for fix printForces
-1.1774430511733
-4.55908986316586
-3.53622915905729
-4.0246286491736
-3.42130708163794
-2.21356993121156
1.04136844894184
-1.65798254284767
0.105884375711239
0.132267249228902
3.32287646314818
3.477638425777
4.9370838697351
-0.137184335932291
1.40461719599166
4.37534870475302
1.609144496512
2.63702696845016
2.18725341934213
-2.376611039139
1.90338655613342
4.70294740806517
-1.45205740267861
-3.57586824553199
-3.40676671960436
-3.98920664277426
-5.04622836518916
-4.00895475575312
-5.81469694486443
0.929913960315248
1.41487319739992
-1.58303174036913
-0.458798146182777
-0.657701876717465
1.28021210636775
-0.562956439728855
2.16774364892654
4.85327425564928
1.92372603682421
0.620495532676575
0.472843679023167
-0.18617114290153
1.0416464093808
0.543238284812141
-1.02507890174291
-0.323971254811827
-5.22780480223875
-5.3339225340994
-4.06088929978562
5.27272650664329
7.71704429407334
7.03020595324238
-4.49027304279225
1.19396528884152
7.40659175562347
6.27679880050652
5.03158367334098
-10.2894161608646
-3.81180388292121
-4.5139861453923
-0.822766522009985
2.12686819449644
-5.90569280517814
5.64753303300972
4.21151430853901
-4.4164107910649
2.91932880964026
-2.96480191692
3.13628176361648
9.01830083300273
-6.67723765661351
-8.18228357675063
8.14135033999873
-5.45422388129131
5.01225679136515
2.46751354998305
1.41302900932588
2.21593509248834
2.48950829752347
4.30591977422454
-2.76651863395881
0.529067701552923
-9.61535782322315
11.8707927904754
-6.99722051447452
-1.15560461435206
-4.75840388054149
6.36708311258658
-0.0860140419321216
-1.30560720653601
0.901331515767677
0.993189530231102
-0.87879561325436
1.73122991447994
1.2234658607756
0.131593093218957
-1.00437590363538
-2.56648290754673
0.87242724300636
-2.8982905665876
0.811453341668798
