# Fix print output for fix printForces
-0.00267106117346922
39.4508038765684
16.5001507527012
23.3641334646207
12.5249782002247
8.273388601775
8.86269915822194
9.35679319587377
7.06344193340359
6.71252464938308
4.49771153695402
7.55280190390002
-29.0031474846156
-1.10064179638133
-114.658885146803
5.76440261017005
5.91741029993798
12.9911924217423
19.4296967337076
15.9077146736154
14.1561317239758
14.4290128862749
-4.04160173173387
-20.8327104960594
-2.05032856708104
-9.77169127266503
-51.0437474246084
11.8530470769311
15.1245272613948
12.0095314955298
15.4518368460262
9.38505596237186
8.41493525531943
3.64406394901656
12.0300884805844
17.2149624276708
14.4611723859007
12.9650294708352
11.0446093135682
9.90922182201364
11.4711694075141
20.0460014971951
2.40587231202622
4.7203691216345
7.01528502391241
11.0944228018023
6.51840652576459
18.494438412582
21.0580544309616
17.5801015796028
-16.543294924212
10.5743087949667
4.68922294611728
10.5880661141981
4.77682737434341
15.3231159620277
6.55229159113412
17.1036063168938
17.7184906176622
7.0408004234193
8.94800269824482
17.9303226930158
32.6886613428613
12.1956217433888
-5.66380275352671
16.2153678467936
14.987901200691
17.2888918914422
17.2806616037364
11.2828090187729
10.4095077736577
11.0336311790821
1.89799101623222
11.8428986299232
15.8637671447511
19.7765005523647
14.5179553485204
12.3892879239124
1.01998433913448
9.2691658724572
-37.6204870831438
14.1991327891139
17.7389723360843
15.088351224877
16.2136911240592
13.1709319104865
11.0128355602144
22.3350808045448
2.91123003340187
3.72862372776738
-7.21397104112676
4.71606483505213
9.59298548991876
19.254233918102
16.6141226330407
22.9877590877576
1.9300355059368
7.79521500406764
9.22441512749183
19.4207362110562
5.56121323152702
