# Fix print output for fix printForces
5.23806699317349
0.883127815720381
17.5404788619496
7.98342802046549
-4.51014925515097
-19.9671145839284
-15.1960747812391
-8.39312261353935
-15.7433804431837
23.6321189980238
15.1831121421576
-3.43142473824407
15.1657340994504
2.14332517516454
-3.75447791193936
-15.8361143025998
-2.98887545467774
-15.1499240752005
2.34621968811479
-9.40082871850709
4.34978730494525
6.16489769740506
-3.47995144132976
0.129316495402606
4.37121012627142
-0.239019213996521
0.577929885604976
7.31132077287505
11.8294082263898
4.9859451156947
-11.8565730944352
6.39605826430179
-1.98331048663536
1.2382707696994
4.55801599555535
-1.37030072416722
3.93884026975875
-25.5127950122664
8.36489191445835
-6.92135706242315
1.91432589682356
2.15343871738251
18.1050824061383
-8.10433940373244
6.04885898183829
13.7921883512222
11.6642069704187
-3.74001852712256
0.761349668016484
9.59035893459814
10.3389788264202
0.888007281011907
-9.76531596477642
-11.556512115874
18.3934275762931
4.6950077679876
-2.67861381118627
4.68013110305698
1.42284692030108
-4.29435326210442
14.9661094514661
25.7563807688776
-5.49690741952679
16.3055638433953
17.5937606181063
12.7496909994289
-1.66126554725453
-2.22400937242693
-2.90378321296078
-9.97721076219836
-10.5439128279116
-1.11822956159889
-3.59919289198716
-4.82793294532467
-5.17202057673901
1.3339817882058
5.55395294407979
-10.7266908662401
10.6918033471133
9.47906961057664
-2.68846631271448
0.348347556411451
-0.213333299974806
-19.4779722212072
-18.5412410040557
20.9731010003173
-1.91237242369454
-2.93997389599327
1.17487863461106
-1.68323064691224
62.2958308936101
1.24032249187936
-16.2765396649474
10.5897073397625
7.64195486692103
6.22146985858154
-18.1366554002726
10.6008157304156
-2.96298988225109
-5.61851647119104
1.81149720933123
