# Fix print output for fix printForces
-0.0362111318221454
14.49965196397
12.8021388038901
9.9900162081882
8.21313027661075
7.20133565133387
6.081091151266
4.89825109164477
4.00169171401429
2.73986049473771
1.47242459807031
0.484435827528055
-0.372519591096088
-1.45809322642548
-1.92280070167732
-1.63157965198049
-1.35798629812148
-0.685202823114561
0.415026602297467
1.95130620711215
3.43355612491848
4.95595533672356
7.2164232332535
9.94231366057321
12.1348393398021
12.2463963601487
7.96754664150433
9.99585791713398
12.2453255582443
6.2106710239285
2.17416389881584
3.07790703233397
1.8210375815671
0.403905549056987
-0.535791898336293
-1.45869425751998
-2.28121335877768
-2.21060354534988
-1.13980171731247
0.220378951195824
1.34112789408299
2.64634953394786
4.66555290541307
6.85173855762207
8.10359973006682
8.98867026503585
10.4865378365583
11.0095988658776
9.40993842139168
9.27786858601961
9.37961969899903
7.94924711682808
5.53767085286567
3.93953719250548
2.99315821200734
2.79286147186901
2.55181690473967
2.29832787591257
2.32509516972291
1.93491419810924
1.36144043703172
1.26269170808929
1.24749867053819
1.3060929863477
1.84536080998344
2.65784623518033
3.59980583478237
4.4250179988182
5.37900977342209
6.03708626538473
6.59957770916095
9.14508366218326
11.3489219645297
9.5869241977713
3.68869939944142
7.9418562777242
5.42225649252556
3.34010592570695
1.1658700028307
-0.419485713810278
-0.83557031016778
-0.0396760389577529
1.04245580137378
2.16136333122393
2.89539631232953
3.75312882771884
5.7203328475396
6.23690073454952
5.05054415473281
3.93718739800579
5.08326926567196
4.40638805266979
4.59269360454712
6.40760927386145
7.09074560449701
8.97519497707527
9.5552061117831
9.49112231211176
7.67206874366203
5.87158050199012
4.90709436896148
