# Fix print output for fix printForces
-0.0685044775464892
7.38029752118006
8.70870106922338
4.58882904779619
0.938907091331864
1.16744035839798
-1.0063096967287
-1.10941499642203
-1.15191570443778
0.696939253645329
0.594644992480037
1.03976751179122
0.30899538313409
-0.595755209808422
-1.33872330582568
-0.505823652339855
1.124229369405
1.38522603895346
-0.607591259516628
-2.88273101278733
-2.58696545721738
-6.64651785829371
-3.17348985076667
-4.04831990466427
-5.06229234294622
0.779060534177594
0.77610204234204
-1.03764515423888
0.548257116737972
1.794141201744
-1.21143490856328
-0.978605716128037
2.16015938947202
2.33818197310579
3.48850689230091
-0.129163940109274
0.539894147600495
1.83847814593711
-0.00361270355711894
4.55677680390293
1.67809415678455
-0.0636008026454166
-0.715288996412928
-0.188104951030282
2.29912422794527
1.90089986940382
1.2510944244832
1.84424941160707
1.05545877325029
-0.81540778689467
0.393880999373492
4.95224108364521
-2.85659853531362
-2.60302765588061
2.19594136107582
1.66005254994016
-0.975670720937956
-2.52101820350278
-1.94157607020745
-1.02237562122178
-0.734672024885184
0.162631196172134
1.01914222025427
2.16292350318981
0.896180737588102
-0.297421712380014
0.325612476378836
3.14271124369401
2.46960163214877
3.07156420340623
0.183974384851942
-1.50647244549761
-1.97672228047728
1.65223497530049
4.55439906125644
1.53531587281815
-2.12325536860391
-3.20976696334524
-1.79729306741621
1.08261367407339
1.93166427159404
-0.0679668713705846
-1.18083199099514
-2.15682366075261
-1.67973670916319
1.3663076683508
2.74728116521608
0.707293118728871
3.43948846579443
0.193581187765904
-2.76002645626986
-1.73976384559268
0.429318595206633
2.7099116839631
2.27749821333502
2.66562384010934
2.26869113994972
-0.605654804314567
-0.335974494236448
-0.603041720625027
-4.53733674875443
