# Fix print output for fix printForces
-0.0291192658310805
26.1807576621105
5.25685250020825
1.33056777411701
2.22262231284131
1.85906019063052
0.276816528155869
0.104354164642906
0.153757460937375
-0.0907454294179478
-0.825683960944863
-7.35236673910616
-0.342255279846396
-7.08781999595567
0.497844600798953
2.94498697879266
3.11189136267335
3.77368362995972
5.10780003699998
-11.0728495437411
1.27819017504436
3.63585988826027
4.18794385269932
2.9248758233897
-1.15822268242804
-0.00902615159559872
-0.635686234936073
0.939919552835599
3.93293985155385
4.22817039477893
5.72106624254515
4.9215933076297
-0.291210867196658
5.28351079804322
-0.75716222950247
5.01718146937644
-3.18689957210249
2.22235154390633
-6.90238221952729
-4.4502105993026
5.98927872844706
5.42342465729613
2.08952854693515
-64.0167170541876
5.28486808277382
1.88757155818387
5.35585076715335
5.74566855346272
1.56485784078726
5.25784377858121
4.08581798533378
-0.572034856188318
6.47837210455867
5.12693239372089
2.11944806130081
4.22324910901199
5.24638651490938
5.2543524183963
5.71498452353274
3.91434568725682
-1.58127981553501
-4.7699615131223
7.10275892178808
6.44725793770369
7.88005720415451
-0.813375937049154
4.65855237665515
1.72760948701854
5.79404274232987
1.84143377444451
-2.43774905934862
8.65375261899413
-0.0764361091184833
-2.01272345582896
6.42623897621572
-0.323155050371688
7.1724313742062
8.25113896791488
8.32037699252628
-1.80857817414998
3.63997739642877
5.64894168466512
6.81941138192485
7.4618708530135
10.9362127278738
2.31709145973983
5.44341024699047
4.60996743166327
5.34655428128522
4.87628190565288
4.15391458377647
5.79246167249341
3.64454311791519
2.0969990646307
7.88020619934904
8.72979148647733
-3.05709444873415
-4.72331826725159
2.45002474135257
4.76900185713674
3.89747514381161
