# Fix print output for fix printForces
0.0286989959831147
41.4108412930859
21.6939590143985
14.3670258967678
13.000209439999
12.2475701397684
12.6604845261562
13.4892271597263
10.7513327159909
7.91073055446966
7.08634373278496
6.15915058098303
5.31737466295554
5.01045258374552
66.0435457258028
-37.5013787388231
10.093110542055
9.98994471594053
8.35580122853608
3.42740376184342
6.26213786111063
10.6375587916025
1.11956612394891
9.00450438502279
0.342369337007817
-0.814984113527369
-11.8987499075753
-1.17892596530236
13.0453702330937
-1.61112591170255
6.78775348654484
4.25764101024477
8.75117454148227
1.18909366017343
7.53878240338309
1.58126991180924
0.97655202119312
-102.930856084062
-0.10702169400104
7.13048814898766
4.78942561441541
2.63875543104025
0.556846447713469
-1.18849255022425
5.37112552199468
-10.3604018200181
9.51338361452846
1.67907266993003
8.74719156984928
2.44444057636454
-90.2120475939389
3.88014532836392
3.50937834856707
4.11191649379877
6.72197686169455
7.36187816627204
-21.926398582641
4.48907527884487
4.84487517321276
-6.06871198353005
6.20599296059066
5.24758624811179
-12.4582523885544
-2.74641609392455
3.95487147305225
4.78900918614957
6.6135979926587
9.49983274862882
9.40921782074841
5.61615650118061
7.61951365295716
4.43299111961243
1.37131687325378
-9.04053973397028
-4.93614078091845
1.35209253310657
-58.6800468061575
7.98244198790142
7.5605984446873
4.92576918106342
-0.727767731910283
5.80038416717322
9.1542153592544
11.5723825653158
11.4343234769866
-0.701162754362505
-8.55309205181326
7.41749006026648
7.23177155895973
0.400259377747008
6.42043441903718
7.62070933381271
4.79672986874872
3.65137532029429
-10.0925427776183
5.2013339852793
6.01275045470852
0.573133378900105
-2.66330560060371
2.05417323642392
-1.63551498956262
