# Fix print output for fix printForces
-0.168491465340655
-0.413422029418056
-0.435286636206602
-0.0835071755514487
-0.25395497851417
-0.256751192447709
0.563438856008318
1.15033431787706
2.05153715232039
0.299478874536599
0.5500095999945
2.5692059732225
2.19527839579927
1.40425790770898
-0.917563836142265
-0.476049481554676
1.19572263588614
2.14607655235986
1.52587301442654
0.347448617053014
-0.271104872836023
0.173686958303924
1.21999533463847
0.0718140238249539
-0.623509644633264
-0.332684325812411
-1.39557076790892
-1.7904601744203
-1.55605516331558
2.17853044755081
0.438477120169402
-1.2668101888815
-2.30582580378067
3.36764558249436
-1.7061227910954
-3.6216115955254
1.94396768420903
4.83096570687894
1.19608534618125
-0.373090674154038
0.677052907070998
2.83559120443297
2.42644429533393
1.72542650653468
0.951491414590892
-1.58879517291255
-0.848327575945335
1.03154974528799
-1.21311315018376
-3.88071592390309
-2.72258984115237
-0.981866975131709
-1.13736503744103
0.917566998857843
0.30404767907707
-0.63674855614266
-2.67436759663449
-3.5843184025427
-1.27716088505038
0.720550487139227
0.000787028626285796
-0.991184114784199
0.0479034615403162
1.10130345533605
-3.64892748747194
-3.10656811593987
-1.91340468131567
-0.547396053654673
-1.00020876711174
-3.29474892719084
-2.79314167658153
-0.246685215089614
1.21218235371411
-0.527803660057
-0.481902746045797
-0.0529169565139248
0.777568055255641
0.929787837150533
1.00708160423035
0.815342421332941
0.808181703347573
1.69764352780214
1.5774539983456
1.07624803156516
1.05833423999437
-1.59072660762535
-4.29179619631735
-2.37934977744519
1.83203578552601
2.15562071597702
-2.30274275198211
-2.06199691595272
1.47487828189434
1.91305848309659
3.8795603997793
2.02002357185471
1.26222937074635
1.82788870282734
1.41479169210295
2.31501017668549
1.77937643959859
