# Fix print output for fix printForces
0.0329758248058554
49.4482675580732
27.3142089633783
12.9577998050107
6.69681960073455
2.85319730756315
1.88577208763471
2.3715305123858
3.04977844941029
2.68191510652323
1.51082917744118
1.07129674397056
0.7549836877823
0.610442485972137
-262.708826477934
-41.181772068388
0.829007856949231
3.9573403357719
0.6165464999251
4.96084342602976
5.9230045778856
5.60342146188015
4.64440436218132
3.86141044963633
3.38088540944079
3.77530454793171
3.0942731680963
-5.15477742872566
-2.94210324079358
6.32165736671873
6.8837433175974
6.4914268139358
5.18006939611213
3.34872459575649
3.85635721170348
3.87133208868436
3.49967709682645
2.8249746353329
4.29210246731161
-8.53055544139262
5.9564723822545
-14.3204811659487
6.91997005098331
3.33618099999952
4.6468089116298
5.61553300201645
3.51665896699352
3.44591579476619
4.72798266736764
0.535842005962968
2.79501675583282
4.98688990647578
-8.58876245745608
2.72379512394272
2.37891939369949
3.71860533219645
-4.48536663438231
1.49289048836766
3.12226129883746
4.66500687890706
4.27301514194215
6.2036374360636
7.23284270222078
6.65324013920227
4.44288682234931
3.56478795315129
0.667024300803276
3.81506823969223
1.86157441761187
4.79615424522877
2.73451102182668
4.88850592960412
-2.43399924933295
-5.2146687194599
5.63254898641763
6.27635426839185
3.87589330860678
6.10281317146731
3.70708850233667
-1.33949325284334
6.72096835969877
3.75688831306734
5.49974783661422
6.23548121691949
6.62975847684336
5.62993235682166
6.06429036652477
5.25664013126027
5.7891118834832
3.54889666696098
3.2941173349426
4.31962206257773
3.6512577924805
2.60800292044465
4.63202554069559
-3.18458077056888
5.72396167726775
5.70984123711119
5.48644095301918
4.26629924964497
2.95651047457977
