# Fix print output for fix printForces
-0.0693652655330823
27.1653971658814
4.18025781716713
4.83361501089538
1.96059874262106
-1.39511444446063
-2.01750767418134
0.282239780287628
0.740692345306262
0.844449544071975
-1.66793164880511
-25.2983274501321
-1.25095173797725
-0.598082239470226
-18.5816750555105
-2.5717342888828
7.03342180923995
-4.85510275577142
1.628906657359
5.15839796772248
4.42626929886637
4.1335518856034
6.61953601853824
1.36055669116518
1.23864257845645
0.938302806345186
-0.294416619908648
-9.25446128225221
-1.75551867197871
0.870332885043718
0.865766844054663
1.19650988474289
3.64373901171396
0.319847839560208
0.665874634005421
1.40166308590394
2.65029869181252
3.6767053051285
-0.524980716108379
6.14261414900506
0.00108036473743667
-5.99258614580136
-0.465264700516543
1.15238087013144
-0.0309817031779284
4.17185618241311
2.42232717423595
1.79495010506037
1.58580527417551
5.24052794297274
6.24878176110574
3.07161691085357
3.99037097184815
5.44778373656912
2.80242492035981
3.81645327716855
-1.81675877810001
1.07318112003551
0.0535250781791383
1.66837940257228
5.7302290484046
7.7090509525415
-0.824527432023993
-6.21865656317498
2.02372401620208
1.8090011202296
-7.70993859648527
-48.4597385640125
-1.54827844410349
3.73085222854843
4.80125078176804
6.6005120958414
2.67349728091271
2.98191269601663
2.7580913597535
4.91068450201981
5.68954316760341
3.39941679056871
4.60460443567747
1.97295081456172
-1.97491350949499
-6.57743074744661
7.76242278981568
-11.9269170831122
4.1220128519334
2.38520667221192
3.37245143917866
1.93139595648189
5.09825897299406
4.63672208805941
2.94580744807435
3.64004237950477
-0.396543041562036
4.64873690624518
4.92310966221444
5.18757113773408
5.60902342190791
3.3664665970763
2.87401703519375
2.38298511740761
-3.73066374754089
