# Fix print output for fix printForces
0.154521948575236
-3.09459898219193
-2.22711172750525
-3.34409285807816
-1.65560343835067
-1.60906544325099
3.38022299249647
-1.45903317397802
2.48643773416712
-0.565452476558222
-0.928044268439979
4.6832965124995
1.51142122432404
-2.39306577306978
5.21539053947851
-0.680129640000726
-1.26743635085505
-3.2931985811054
-4.50031644263896
-1.02395041163768
-1.81755847643814
-3.20843182725637
-2.37880829351554
1.62538967898067
-4.76442699836443
2.2999000789116
0.884153154444308
5.42350134729971
-3.15305220776187
1.06110453849193
-2.07007329871057
-2.50141958502404
-4.16076828092345
-0.547893970634843
-0.946084928963525
0.129984454385472
-0.984324583315143
-0.231289293097766
-2.53825503661997
-2.36533048362662
-2.02416555160137
-0.785083592999293
0.88963545989818
1.38807121363518
2.04372248668982
0.5291612322852
1.33026223012865
-1.54258758695921
-10.4216130704984
-0.890802515565169
8.76112041986221
-13.6781190365875
3.9500447997091
2.86067235710877
1.2408606526946
0.437996105847341
-0.726413939925884
1.76482009770818
0.671254438597912
-0.0227660160041456
1.87231409403377
1.619529378511
-19.3255350099759
1.87007466037498
0.834638419184725
2.86533301301905
3.52274150421674
3.55605867437801
-1.69002272495164
-4.56960491446612
-5.45981455171809
0.145678275996133
0.503776578753947
-1.02624315228002
1.47433824628165
1.67920037767679
9.13608718184486
-5.5509383591617
-6.21337412862262
-2.34915275474413
-5.56088500850736
-3.21073037623313
1.27042397315948
3.94878821487943
-0.29365556413652
7.92067743863968
-10.5178514390946
-9.80047413578103
3.46803878445158
3.12756827483953
1.48236632779214
1.38541661674086
0.200724380133824
0.456638180148487
3.27848970302599
0.0721074199855598
4.00667220463395
8.00684554995539
3.11785271895001
-0.254828075024306
0.0250443524577834
