# Fix print output for fix printForces
0.0511758901589155
4.29919745136544
7.60584836377928
10.3685783998518
-0.491226270592919
9.32390333151919
-1.11885502943105
-3.06586485844776
12.7976027023361
-19.6113591361253
5.14428871369421
9.60685993032301
7.21052873938507
2.32607230264387
-4.57521240563266
-3.79087958630746
-1.65022334240394
-9.88560946678352
-3.79515790283286
1.18112535695691
-5.79924742424918
-67.4843987477374
2.79595228194602
-34.0101952428178
14.3931661594621
-8.27256055819161
1.34089551740699
-0.453885182376696
-4.76137999292767
0.516035571453055
2.91875953910378
-1.52951359241511
-1.43535065852207
-1.92297941927016
9.47667499508466
4.39051236738065
6.40444369286025
7.7088814100014
9.02963634855195
5.07139088734707
5.30036446309475
4.5915807280776
2.51548966214414
6.63260736932163
2.34358341247834
10.2818373118467
4.5942875489863
-4.28293015367967
8.76175592119345
6.74486372151741
-7.6527507408373
-29.0986332319935
-7.56854486894446
-4.49008220274843
-11.6640699024329
-9.87242864893719
15.8675645477487
18.7741449937249
-6.84099378582472
0.807386890514145
9.01988046558566
-11.0083876005785
0.931329460846507
3.3403154926243
-9.80823567852947
-0.316917966109308
10.3945290903776
-3.87938629153159
-3.65777520944499
-1.21777323252367
2.50596705143384
-9.47058748076359
-6.24241956002213
-0.05217361736697
-0.814766073999014
-5.38840034726534
-16.7810385578966
-2.28583215659419
6.1398925746294
10.6080490477997
-15.8428429777893
-9.97488937294483
4.90446992846571
-11.4152688686558
-15.3740344179439
12.383812704841
-31.5437737302318
-13.6510506360238
8.19134939733688
4.23765521335908
1.58569932481378
7.16363530244015
-38.8385847970098
-13.8653288624497
3.14074443544798
17.2999617496199
-11.5941578981488
1.74889681394229
-3.1670029637878
-4.01125728456987
-13.345633830496
