# Fix print output for fix printForces
0.00743200043874154
4.13152551938205
18.9195201373567
16.8431632725672
4.83967328781245
13.4141405679021
12.1296172302189
0.0950227305231357
-7.98513597298745
-7.94529501370212
27.1364668037819
-6.44547619536102
-11.2795169323662
-116.141697378188
0.660201967513165
-17.6867947992262
4.44906828326551
2.3546836994564
10.5726729209358
0.0134126496797089
-2.54452143944817
3.64670692268562
12.1437872459782
3.22462177351322
-6.15705550063759
-11.5411055436397
12.3651980681235
4.72206420680968
-30.424825896389
-0.409620111013958
2.90364672337533
18.9258953514537
-8.9648819434616
-17.1750176642275
-3.95138048732238
1.24595582001741
13.5438378860369
14.3773444875839
14.2294496026948
1.37687355648396
6.46484395931392
3.35287800134581
-1.96712120628149
4.28325085024963
9.23044439815813
-5.66596170891142
4.55869927545592
11.1757233031957
4.26930202872882
1.02922780843675
-0.685969566285206
-2.46229616010474
-14.526471867905
12.8070428033637
14.6487818416386
0.420851767709245
13.293507757593
1.11393698833583
2.10679346060756
9.5894593039439
-0.729810540813462
5.80811777137571
6.58000299456399
3.78182648273934
-14.3845291281836
-4.40582278254556
10.6695658119548
8.33357703356295
0.935979612410437
7.00655930533331
0.12047735136855
-5.50907289873061
3.99608456866025
8.87300150798035
54.8440244774901
1.77319977175281
-29.3314718486926
-0.408189142013621
-7.19206013974575
3.1237897977013
5.56865787320438
5.45619419828742
8.09815027075926
-1.12320460139456
1.62261265175199
-22.5423130003344
3.06739489561429
-0.478408185850731
11.4302993811609
4.16571145206552
7.0528694620001
6.74322788819288
7.64391811072638
8.75240623504111
3.81925122606999
-1.22397976316528
10.0749841308795
4.79556954695449
7.12855782893785
-6.71213159237977
8.89323445704722
