# Fix print output for fix printForces
-1.71599259491375
-5.32377328794419
-2.72200245137106
-4.84721664844159
-2.88034490132753
-2.41463658793536
-1.29022325924766
-0.90143032267015
-1.0367695554154
0.151569887117877
2.30417099936566
7.10190507912251
-0.208790885169069
6.35890770401003
2.84808780648242
1.73219605896088
4.3413898009635
-2.56994810377547
0.50178388432998
-0.739003479595075
-0.915544903151265
1.48163210766079
0.982610724154919
-3.99752264457827
-3.8949986698204
-2.97293998559682
0.361085805432542
-0.675266184613697
-3.07825710245749
-4.29107533165391
0.465405556265454
-0.917379614563654
-0.576587464042591
0.0735243218975936
0.633285189442418
0.0691095103174956
1.21401591819156
0.673455442710182
0.405276761851136
-0.689191439301998
-0.774408742206005
0.425357734572022
-0.560212612850584
0.554853848618379
-4.91790264504667
6.74167927010999
-14.1282670313855
3.74256096242208
-0.534604151768021
2.54513756448607
0.279694949152861
3.97917697466995
0.646919140525774
-1.96769311515297
0.644710285240906
0.402876164597849
-2.33981864635354
0.279451657332891
4.0693794641501
-8.23546106219447
3.28454497391416
3.83271730859497
-4.83145899849232
-5.12827386263837
1.86506548497547
-6.30831826604489
-2.3152361380331
5.23729255557251
0.00735485640533828
-1.57812910841513
2.14163482829204
8.98374413885098
3.05548783955737
-2.04228800484377
-1.47646859779554
2.71170863295786
11.058726062077
5.63397195256651
-2.18870151865039
-2.9258510253767
3.1044516096078
1.29138182048424
0.359088589441511
-2.11683091627787
-2.97448604292269
2.75138981466298
3.15619596852061
0.23962019968945
1.81014634248954
1.02976759740649
2.91111691716733
-2.42462916535388
-0.591627985632098
4.46352324375194
5.90955844817105
4.22841837427393
3.7069444193408
-14.1292314114672
-0.094858816314053
-3.33931870765391
11.5173483228303
