# Fix print output for fix printForces
-0.162679644121322
0.0969215145386615
0.179018127280055
0.343683771043929
-0.331726540287967
-0.325579436101474
0.304714109317764
1.22262898600051
2.43689665509523
0.596536900459548
0.972383873570318
2.51758758399072
1.37025959690881
0.985174885572329
0.187320980448742
-0.0365646256383318
0.973273143498824
1.08287164930962
0.809778905048123
0.901525877674134
1.27009800640996
-0.818049386347007
-1.72421661719498
-0.535837689752334
1.14794692388172
1.68189749107155
-2.70796699910832
-5.39277145138737
3.10013560415867
1.91501380583398
-1.60156867558687
0.109378820669267
3.85862972014246
-1.47476947534435
-3.00937972197858
-2.98971030476351
0.626909760059176
2.5485279248794
1.73634336113051
1.6610055183943
1.3328868984464
0.658091345192466
0.43696730996035
0.70865316997332
0.219458676422467
0.39734499086773
0.358788003508279
-0.520505206132341
-1.50032234334437
-0.861506273627239
-0.808721674024825
-1.93740887605298
-1.12688774552319
3.11553371578153
4.05232747006982
1.63053067447327
-2.56131913281074
-2.85162505288678
-0.585472779956283
-0.193341755650167
-1.46811374752622
-2.82090906305011
-1.80241788541722
-3.38902560458463
-0.756124332840682
-1.40949226338879
-1.62550308030576
-2.53993660808216
-1.91202269880289
-0.576227913757439
-1.02915910054073
0.0931141251448175
1.15542173267163
1.28350714136626
0.825800089981995
0.0371096943316044
-0.273357855427445
0.398074303282685
0.783759236965332
0.677004975320512
0.863659038218059
1.44954268047731
2.71139128440545
1.145306762159
0.830386344997021
2.55952511008643
-0.0956461256424417
1.9565310057872
-1.88777705233488
-0.762117200340659
0.217271794021633
1.49249512250234
1.26909507061237
0.512194630601271
1.34661125999973
2.97654044256681
1.79985795276782
0.0670694042398535
0.0997700124888632
0.867515576878321
1.12089293994393
