# Fix print output for fix printForces
-0.0173023140241659
8.77618596545031
10.2992005233061
6.18565863898942
6.84303582522414
5.35925096122371
3.92764027606877
3.59263769823093
2.78078756733964
1.8354740447092
0.888374847584265
0.04569719843821
-0.310412497889902
0.392901416558706
1.14675184412734
1.73506806215099
1.28939609521329
-0.257284599692114
-2.43782009709166
-1.09761416342801
1.75527717909702
1.90120609936532
1.95879113967838
3.68597122549233
4.64006207177653
5.6702754638249
7.5768288894308
7.60664273479886
7.27936146255113
6.55780906222725
5.59024273458203
3.53201116027141
2.85525215384517
3.45101505606988
1.10129640286241
0.300297664703718
1.233015568415
-0.576711099597929
-0.0813901928001159
3.3795374163749
1.33743229330371
-0.202469918407199
3.30033640409557
4.06678583581875
5.55430341227914
5.30500909054578
4.8192039053336
6.9557945437006
4.43836259552747
3.85808894476691
4.13300430723193
5.0115026470041
5.24882398371136
3.53367868138498
2.73812224696392
1.76233226179431
2.72789217830825
1.20243476206088
0.451632813781923
1.23919902200399
3.08263901081936
3.21212075933545
1.98747161503516
1.85064801413793
2.30865253114861
3.85206113260109
6.09201141912248
7.9152278519901
8.27532588201235
4.01569270853963
6.98495943728909
8.69719750628082
4.59394496428335
-1.15917693144812
2.93228119872754
3.25164050191541
-0.538186376516219
0.0636346015542149
0.743481288675372
-0.572611883793835
-1.44409676326693
2.02992403185544
1.41536626957768
0.778166444498642
2.49925696029243
4.14567431956037
4.07360872716057
5.68090666971619
8.51072097727819
9.22288691944765
6.72561971579036
7.41201992682249
5.59041875877508
5.19008345535168
3.62270986834188
3.01310572516712
4.2457884443854
4.33577255805386
2.53116787585993
0.681593336370396
-0.677117524949379
