# Molecule File for Worm-Like Chain with 41 atoms
# This is a molecule template file; coeffs are not defined here
41 atoms
40 bonds # For any chain that has 0 closed loops, the # of bonds is always equal to # of atoms - 1
39 angles # For any open linear chain, the # of angles is always equal to max(0, # of atoms - 2)
0 dihedrals # The WLC does not explicitly depend on dihedral angles.
0 impropers # Because this is a linear chain, there cannot be any improper dihedral angles


# The line immediately succeeding the keyword of any section is always skipped

Coords
# Define the coordinates of each atom in a molecule
1  0	0	0
2  0.20169762	0	0
3  0	0.876003223	0
4  0.935544994	-0.196831928	0
5  -1.429217561	0.910993476	-0.73390459
6  -0.556769588	0	0
7  0.502262323	0.849502721	-0.229438359
8  -0.16164256	-0.675604779	0
9  1.085763999	-0.363875877	-0.411089614
10 -0.972761434	-0.907302745	0.545153915
11 0	0.039529959	0
12 -0.995594346	-0.37615252	1.997549313
13 0.657226058	-0.533183267	-1.830855549
14 -0.07580195	0.756382393	0
15 0	-0.493903771	-0.681376956
16 0.472915565	0	0
17 0	1.824381746	1.422149541
18 -1.251144263	0	0.764487401
19 1.308180953	-0.009520218	0.445173835
20 0	0	-0.991630475
21 0.891055294	-0.930815499	-1.807018378
22 0	0.513073885	0.46810504
23 0	0.580498322	0.181568278
24 1.40131326	0.196830279	0.486787098
25 1.661648116	0	-0.730819938
26 0.815565574	0	-0.569701979
27 0	-0.626845582	0
28 0.784038063	0.152216259	-0.403041776
29 1.33074921	0.293696452	-0.419387467
30 -0.597283586	-0.63225422	0.399499831
31 1.533854318	0.056560424	-0.364703594
32 -0.929644653	0.621635936	-1.190715252
33 -1.917020418	-0.527636334	0.957281872
34 -0.184575797	-0.037317998	0
35 -0.922249371	0.829812343	0.826879155
36 0.446235301	0	0.936547819
37 0	0	0.196484478
38 -0.989465349	0.766676335	-0.562139522
39 1.459748263	-0.333807948	0.436544333
40 0.50233923	-0.102381	-0.293052
41 0    0   0

Types
# Define the atom type of each atom in molecule
1	1
2	2
3	3
4	4
5	5
6	6
7	7
8	8
9	9
10	10
11	11
12	12
13	13
14	14
15	15
16	16
17	17
18	18
19	19
20	20
21	21
22	22
23	23
24	24
25	25
26	26
27	27
28	28
29	29
30	30
31	31
32	32
33	33
34	34
35	35
36	36
37	37
38	38
39	39
40	40
41  41


Molecules
# What molecule ID should each atom defined in this template belong to
1   1
2   1
3   1
4   1
5   1
6   1
7   1
8   1
9   1
10  1
11  1
12  1
13  1
14  1
15  1
16  1
17  1
18  1
19  1
20  1
21  1
22  1
23  1
24  1
25  1
26  1
27  1
28  1
29  1
30  1
31  1
32  1
33  1
34  1
35  1
36  1
37  1
38  1
39  1
40  1
41  1


Bonds
# Define Bonds
1	1	1	2
2	2	2	3
3	3	3	4
4	4	4	5
5	5	5	6
6	6	6	7
7	7	7	8
8	8	8	9
9	9	9	10
10	10	10	11
11	11	11	12
12	12	12	13
13	13	13	14
14	14	14	15
15	15	15	16
16	16	16	17
17	17	17	18
18	18	18	19
19	19	19	20
20	20	20	21
21	21	21	22
22	22	22	23
23	23	23	24
24	24	24	25
25	25	25	26
26	26	26	27
27	27	27	28
28	28	28	29
29	29	29	30
30	30	30	31
31	31	31	32
32	32	32	33
33	33	33	34
34	34	34	35
35	35	35	36
36	36	36	37
37	37	37	38
38	38	38	39
39	39	39	40
40  40  40  41


Angles
# Define Angles
1	1	1	2	3
2	2	2	3	4
3	3	3	4	5
4	4	4	5	6
5	5	5	6	7
6	6	6	7	8
7	7	7	8	9
8	8	8	9	10
9	9	9	10	11
10	10	10	11	12
11	11	11	12	13
12	12	12	13	14
13	13	13	14	15
14	14	14	15	16
15	15	15	16	17
16	16	16	17	18
17	17	17	18	19
18	18	18	19	20
19	19	19	20	21
20	20	20	21	22
21	21	21	22	23
22	22	22	23	24
23	23	23	24	25
24	24	24	25	26
25	25	25	26	27
26	26	26	27	28
27	27	27	28	29
28	28	28	29	30
29	29	29	30	31
30	30	30	31	32
31	31	31	32	33
32	32	32	33	34
33	33	33	34	35
34	34	34	35	36
35	35	35	36	37
36	36	36	37	38
37	37	37	38	39
38	38	38	39	40
39  39  39  40  41
